OFF
52 73 124
-0.1 -0.1 -0.1
0.1 -0.1 -0.1
0.1 0.1 -0.1
-0.1 0.1 -0.1
0.1 0.1 0.1
0.1 -0.1 0.1
0.3 -0.1 0.1
0.3 0.1 0.1
0.3 0.1 0.3
0.3 -0.1 0.3
0.5 -0.1 0.3
0.5 0.1 0.3
0.5 0.1 0.5
0.5 -0.1 0.5
0.7 -0.1 0.5
0.7 0.1 0.5
0.7 0.1 0.7
0.7 -0.1 0.7
0.9000001 -0.1 0.7
0.9000001 0.1 0.7
0.9000002 0.1 0.9
0.9000002 -0.1 0.9
1.1 -0.1 0.9
1.1 0.1 0.9
1.1 0.1 1.1
1.1 -0.1 1.1
1.3 -0.1 1.1
1.3 0.1 1.1
1.3 0.1 1.3
1.3 -0.1 1.3
1.5 -0.1 1.3
1.5 0.1 1.3
1.5 0.1 1.5
1.5 -0.1 1.5
1.7 -0.1 1.5
1.7 0.1 1.5
1.7 0.1 1.7
1.7 -0.1 1.7
1.9 -0.1 1.7
1.9 0.1 1.7
1.9 0.1 1.9
1.9 -0.1 1.9
2.1 -0.1 1.9
2.1 0.1 1.9
2.100001 0.1 2.099999
2.100001 -0.1 2.099999
2.3 -0.1 1.9
2.3 -0.1 2.099999
2.3 -0.3 2.099999
2.3 -0.3 1.9
2.5 -0.3 1.9
2.5 -0.3 2.099999
4 0 1 2 3 0.72 0.20 0.97
3 0 1 5 0.72 0.20 0.97
3 2 3 4 0.72 0.20 0.97
4 0 3 4 5 0.72 0.20 0.97
3 2 4 7  0.31 0.85 0.75
3 5 1 6  0.31 0.85 0.75
4 2 1 6 7  0.31 0.85 0.75
3 5 6 9  0.72 0.20 0.97
3 7 4 8  0.72 0.20 0.97
4 5 4 8 9  0.72 0.20 0.97
3 7 8 11  0.31 0.85 0.75
3 9 6 10  0.31 0.85 0.75
4 7 6 10 11  0.31 0.85 0.75
3 9 10 13  0.72 0.20 0.97
3 11 8 12  0.72 0.20 0.97
4 9 8 12 13  0.72 0.20 0.97
3 11 12 15  0.31 0.85 0.75
3 13 10 14  0.31 0.85 0.75
4 11 10 14 15  0.31 0.85 0.75
3 13 14 17  0.72 0.20 0.97
3 15 12 16  0.72 0.20 0.97
4 13 12 16 17  0.72 0.20 0.97
3 15 16 19  0.31 0.85 0.75
3 17 14 18  0.31 0.85 0.75
4 15 14 18 19  0.31 0.85 0.75
3 17 18 21  0.72 0.20 0.97
3 19 16 20  0.72 0.20 0.97
4 17 16 20 21  0.72 0.20 0.97
3 19 20 23  0.31 0.85 0.75
3 21 18 22  0.31 0.85 0.75
4 19 18 22 23  0.31 0.85 0.75
3 21 22 25  0.72 0.20 0.97
3 23 20 24  0.72 0.20 0.97
4 21 20 24 25  0.72 0.20 0.97
3 23 24 27  0.31 0.85 0.75
3 25 22 26  0.31 0.85 0.75
4 23 22 26 27  0.31 0.85 0.75
3 25 26 29  0.72 0.20 0.97
3 27 24 28  0.72 0.20 0.97
4 25 24 28 29  0.72 0.20 0.97
3 27 28 31  0.31 0.85 0.75
3 29 26 30  0.31 0.85 0.75
4 27 26 30 31  0.31 0.85 0.75
3 29 30 33  0.72 0.20 0.97
3 31 28 32  0.72 0.20 0.97
4 29 28 32 33  0.72 0.20 0.97
3 31 32 35  0.31 0.85 0.75
3 33 30 34  0.31 0.85 0.75
4 31 30 34 35  0.31 0.85 0.75
3 33 34 37  0.72 0.20 0.97
3 35 32 36  0.72 0.20 0.97
4 33 32 36 37  0.72 0.20 0.97
3 35 36 39  0.31 0.85 0.75
3 37 34 38  0.31 0.85 0.75
4 35 34 38 39  0.31 0.85 0.75
3 37 38 41  0.72 0.20 0.97
3 39 36 40  0.72 0.20 0.97
4 37 36 40 41  0.72 0.20 0.97
3 39 40 43  0.31 0.85 0.75
3 41 38 42  0.31 0.85 0.75
4 39 38 42 43  0.31 0.85 0.75
3 41 42 45  0.72 0.20 0.97
3 43 40 44  0.72 0.20 0.97
4 41 40 44 45  0.72 0.20 0.97
3 44 45 47  0.31 0.85 0.75
3 42 43 46  0.31 0.85 0.75
4 44 43 46 47  0.31 0.85 0.75
3 42 46 49  0.72 0.20 0.97
3 47 45 48  0.72 0.20 0.97
4 42 45 48 49  0.72 0.20 0.97
3 47 48 51  0.31 0.85 0.75
3 49 46 50  0.31 0.85 0.75
4 47 46 50 51  0.31 0.85 0.75
 
 
 
