OFF
52 73 124
-0.2 -0.2 -0.2
0.2 -0.2 -0.2
0.2 0.2 -0.2
-0.2 0.2 -0.2
0.2 0.2 0.2
0.2 -0.2 0.2
0.6 0.2 -0.2
0.6 -0.2 -0.2
0.6 -0.2 -0.6
0.6 0.2 -0.6
1 0.2 -0.6
1 -0.2 -0.6
1 -0.2 -1
1 0.2 -1
1.4 -0.2 -1
1.4 -0.2 -0.6
1.4 -0.6 -0.6
1.4 -0.6 -1
1.8 -0.6 -1
1.8 -0.6 -0.6
1.8 -1 -0.6
1.8 -1 -1
2.2 -0.6 -0.6
2.2 -0.6 -1
1.8 -0.2 -0.6
1.8 -0.2 -1
1.4 -0.2 -1
1.4 -0.2 -0.6
1.4 0.1999999 -0.6
1.4 0.1999999 -1
1 0.1999999 -1
1 0.1999999 -0.6
1.4 0.5999999 -1
1.4 0.5999999 -0.6
1.8 0.5999999 -0.6
1.8 0.5999999 -1
1.8 0.9999999 -1
1.8 0.9999999 -0.6
2.2 0.5999999 -1
2.2 0.5999999 -0.6
1.8 0.1999999 -1
1.8 0.1999999 -0.6
1.4 0.1999999 -0.6
1.4 0.1999999 -1
1.8 -0.2 -0.6
1.8 -0.2 -1
2.2 -0.2 -0.6
2.2 0.1999999 -0.6
2.2 0.1999999 -0.2
2.2 -0.2 -0.2
2.6 -0.2 -0.2
2.6 0.1999999 -0.2
4 0 1 2 3 0.72 0.20 0.97
3 0 1 5 0.72 0.20 0.97
3 2 3 4 0.72 0.20 0.97
4 0 3 4 5 0.72 0.20 0.97
3 5 1 7  0.31 0.85 0.75
3 2 4 6  0.31 0.85 0.75
4 5 4 6 7  0.31 0.85 0.75
3 2 6 9  0.72 0.20 0.97
3 7 1 8  0.72 0.20 0.97
4 2 1 8 9  0.72 0.20 0.97
3 7 8 11  0.31 0.85 0.75
3 9 6 10  0.31 0.85 0.75
4 7 6 10 11  0.31 0.85 0.75
3 9 10 13  0.72 0.20 0.97
3 11 8 12  0.72 0.20 0.97
4 9 8 12 13  0.72 0.20 0.97
3 10 11 15  0.31 0.85 0.75
3 12 13 14  0.31 0.85 0.75
4 10 13 14 15  0.31 0.85 0.75
3 12 14 17  0.72 0.20 0.97
3 15 11 16  0.72 0.20 0.97
4 12 11 16 17  0.72 0.20 0.97
3 15 16 19  0.31 0.85 0.75
3 17 14 18  0.31 0.85 0.75
4 15 14 18 19  0.31 0.85 0.75
3 17 18 21  0.72 0.20 0.97
3 19 16 20  0.72 0.20 0.97
4 17 16 20 21  0.72 0.20 0.97
3 21 18 23  0.31 0.85 0.75
3 19 20 22  0.31 0.85 0.75
4 21 20 22 23  0.31 0.85 0.75
3 23 18 25  0.72 0.20 0.97
3 19 22 24  0.72 0.20 0.97
4 23 22 24 25  0.72 0.20 0.97
3 19 24 27  0.31 0.85 0.75
3 25 18 26  0.31 0.85 0.75
4 19 18 26 27  0.31 0.85 0.75
3 25 26 29  0.72 0.20 0.97
3 27 24 28  0.72 0.20 0.97
4 25 24 28 29  0.72 0.20 0.97
3 27 28 31  0.31 0.85 0.75
3 29 26 30  0.31 0.85 0.75
4 27 26 30 31  0.31 0.85 0.75
3 31 28 33  0.72 0.20 0.97
3 29 30 32  0.72 0.20 0.97
4 31 30 32 33  0.72 0.20 0.97
3 29 32 35  0.31 0.85 0.75
3 33 28 34  0.31 0.85 0.75
4 29 28 34 35  0.31 0.85 0.75
3 33 34 37  0.72 0.20 0.97
3 35 32 36  0.72 0.20 0.97
4 33 32 36 37  0.72 0.20 0.97
3 37 34 39  0.31 0.85 0.75
3 35 36 38  0.31 0.85 0.75
4 37 36 38 39  0.31 0.85 0.75
3 39 34 41  0.72 0.20 0.97
3 35 38 40  0.72 0.20 0.97
4 39 38 40 41  0.72 0.20 0.97
3 35 40 43  0.31 0.85 0.75
3 41 34 42  0.31 0.85 0.75
4 35 34 42 43  0.31 0.85 0.75
3 43 40 45  0.72 0.20 0.97
3 41 42 44  0.72 0.20 0.97
4 43 42 44 45  0.72 0.20 0.97
3 40 41 47  0.31 0.85 0.75
3 44 45 46  0.31 0.85 0.75
4 40 45 46 47  0.31 0.85 0.75
3 44 46 49  0.72 0.20 0.97
3 47 41 48  0.72 0.20 0.97
4 44 41 48 49  0.72 0.20 0.97
3 47 48 51  0.31 0.85 0.75
3 49 46 50  0.31 0.85 0.75
4 47 46 50 51  0.31 0.85 0.75
 
 
 
