OFF
52 73 124
-0.4 -0.4 -0.4
0.4 -0.4 -0.4
0.4 0.4 -0.4
-0.4 0.4 -0.4
0.4 0.4 0.4
0.4 -0.4 0.4
1.2 -0.4 0.4
1.2 0.4 0.4
1.2 0.4 1.2
1.2 -0.4 1.2
2 0.4 0.4
2 -0.4 0.4
1.2 -0.4 -0.4
2 -0.4 -0.4
1.2 -1.2 -0.4
1.2 -1.2 0.4
0.4 -0.4 0.4
0.4 -1.2 0.4
0.4 -1.2 1.2
0.4 -0.4 1.2
-0.4 -1.2 1.2
-0.4 -1.2 0.4
0.4 -2 0.4
-0.4 -2 0.4
0.4 -2 -0.4
0.4 -1.2 -0.4
1.2 -1.2 -0.4
1.2 -2 -0.4
0.4 -1.2 -1.2
0.4 -2 -1.2
-0.4 -2 -1.2
-0.4 -1.2 -1.2
0.4 -1.2 -2
-0.4 -1.2 -2
0.4 -0.4 -2
0.4 -0.4 -1.2
1.2 -1.2 -1.2
1.2 -0.4 -1.2
1.2 -0.4 -0.4
1.2 -1.2 -0.4
2 -0.4 -0.4
2 -0.4 -1.2
1.2 0.4 -1.2
2 0.4 -1.2
1.2 0.4 -2
1.2 -0.4 -2
0.4 0.4 -1.2
0.4 -0.4 -1.2
0.4 -0.4 -0.4
0.4 0.4 -0.4
-0.4 0.4 -0.4
-0.4 -0.4 -0.4
4 0 1 2 3  0.72 0.20 0.97
3 0 1 5  0.72 0.20 0.97
3 2 3 4  0.72 0.20 0.97
4 0 3 4 5  0.72 0.20 0.97
3 2 4 7  0.31 0.85 0.75
3 5 1 6   0.31 0.85 0.75
4 2 1 6 7  0.31 0.85 0.75
3 5 6 9  0.72 0.20 0.97
3 7 4 8  0.72 0.20 0.97
4 5 4 8 9  0.72 0.20 0.97
3 9 6 11  0.31 0.85 0.75
3 7 8 10   0.31 0.85 0.75
4 9 8 10 11  0.31 0.85 0.75
3 10 11 13  0.72 0.20 0.97
3 6 7 12  0.72 0.20 0.97
4 10 7 12 13  0.72 0.20 0.97
3 11 6 15  0.31 0.85 0.75
3 12 13 14   0.31 0.85 0.75
4 11 13 14 15  0.31 0.85 0.75
3 14 15 17  0.72 0.20 0.97
3 6 12 16  0.72 0.20 0.97
4 14 12 16 17  0.72 0.20 0.97
3 6 16 19  0.31 0.85 0.75
3 17 15 18   0.31 0.85 0.75
4 6 15 18 19  0.31 0.85 0.75
3 16 17 21  0.72 0.20 0.97
3 18 19 20  0.72 0.20 0.97
4 16 19 20 21  0.72 0.20 0.97
3 20 21 23  0.31 0.85 0.75
3 17 18 22   0.31 0.85 0.75
4 20 18 22 23  0.31 0.85 0.75
3 21 17 25  0.72 0.20 0.97
3 22 23 24  0.72 0.20 0.97
4 21 23 24 25  0.72 0.20 0.97
3 22 24 27  0.31 0.85 0.75
3 25 17 26   0.31 0.85 0.75
4 22 17 26 27  0.31 0.85 0.75
3 27 24 29  0.72 0.20 0.97
3 25 26 28  0.72 0.20 0.97
4 27 26 28 29  0.72 0.20 0.97
3 25 28 31  0.31 0.85 0.75
3 29 24 30   0.31 0.85 0.75
4 25 24 30 31  0.31 0.85 0.75
3 30 31 33  0.72 0.20 0.97
3 28 29 32  0.72 0.20 0.97
4 30 29 32 33  0.72 0.20 0.97
3 31 28 35  0.31 0.85 0.75
3 32 33 34   0.31 0.85 0.75
4 31 33 34 35  0.31 0.85 0.75
3 34 35 37  0.72 0.20 0.97
3 28 32 36  0.72 0.20 0.97
4 34 32 36 37  0.72 0.20 0.97
3 28 36 39  0.31 0.85 0.75
3 37 35 38   0.31 0.85 0.75
4 28 35 38 39  0.31 0.85 0.75
3 36 37 41  0.72 0.20 0.97
3 38 39 40  0.72 0.20 0.97
4 36 39 40 41  0.72 0.20 0.97
3 40 41 43  0.31 0.85 0.75
3 37 38 42   0.31 0.85 0.75
4 40 38 42 43  0.31 0.85 0.75
3 41 37 45  0.72 0.20 0.97
3 42 43 44  0.72 0.20 0.97
4 41 43 44 45  0.72 0.20 0.97
3 45 37 47  0.31 0.85 0.75
3 42 44 46   0.31 0.85 0.75
4 45 44 46 47  0.31 0.85 0.75
3 42 46 49  0.72 0.20 0.97
3 47 37 48  0.72 0.20 0.97
4 42 37 48 49  0.72 0.20 0.97
3 47 48 51  0.31 0.85 0.75
3 49 46 50   0.31 0.85 0.75
4 47 46 50 51  0.31 0.85 0.75



