OFF
52 73 124
-0.3 -0.3 -0.3
0.3 -0.3 -0.3
0.3 0.3 -0.3
-0.3 0.3 -0.3
0.3 0.3 0.3
0.3 -0.3 0.3
0.9 -0.3 0.3
0.9 0.3 0.3
0.9 -0.3 0.9
0.3 -0.3 0.9
0.3 -0.9 0.3
0.3 -0.9 0.9
-0.3 -0.3 0.3
-0.3 -0.3 0.9
-0.3 0.3 0.3
0.3 0.3 0.3
-0.3 0.3 -0.3
-0.3 -0.3 -0.3
-0.9 0.3 -0.3
-0.9 0.3 0.3
-0.3 0.9 0.3
-0.9 0.9 0.3
-0.9 0.3 0.9
-0.9 0.9 0.9
-1.5 0.3 0.9
-1.5 0.3 0.3
-0.9 -0.3 0.3
-1.5 -0.3 0.3
-0.9 -0.3 -0.3
-0.9 0.3 -0.3
-0.3 -0.3 -0.3
-0.3 -0.3 0.3
-0.9 -0.9 0.3
-0.3 -0.9 0.3
-0.3 -0.3 0.9
-0.3 -0.9 0.9
0.3 -0.9 0.3
0.3 -0.9 0.9
-0.3 -1.5 0.3
-0.3 -1.5 0.9
-0.9 -1.5 0.3
-0.9 -0.9 0.3
-0.3 -0.9 -0.3
-0.9 -0.9 -0.3
-0.9 -0.3 -0.3
-0.3 -0.3 -0.3
-0.3 -0.3 -0.9
-0.9 -0.3 -0.9
-0.3 0.3 -0.9
-0.3 0.3 -0.3
0.3 -0.3 -0.3
0.3 0.3 -0.3
4 0 1 2 3  0.72 0.20 0.97
3 0 1 5  0.72 0.20 0.97
3 2 3 4  0.72 0.20 0.97
4 0 3 4 5  0.72 0.20 0.97
3 2 4 7  0.31 0.85 0.75
3 5 1 6   0.31 0.85 0.75
4 2 1 6 7  0.31 0.85 0.75
3 4 5 9  0.72 0.20 0.97
3 6 7 8  0.72 0.20 0.97
4 4 7 8 9  0.72 0.20 0.97
3 8 9 11  0.31 0.85 0.75
3 5 6 10   0.31 0.85 0.75
4 8 6 10 11  0.31 0.85 0.75
3 11 9 13  0.72 0.20 0.97
3 5 10 12  0.72 0.20 0.97
4 11 10 12 13  0.72 0.20 0.97
3 9 5 15  0.31 0.85 0.75
3 12 13 14   0.31 0.85 0.75
4 9 13 14 15  0.31 0.85 0.75
3 5 12 17  0.72 0.20 0.97
3 14 15 16  0.72 0.20 0.97
4 5 15 16 17  0.72 0.20 0.97
3 12 14 19  0.31 0.85 0.75
3 16 17 18   0.31 0.85 0.75
4 12 17 18 19  0.31 0.85 0.75
3 18 19 21  0.72 0.20 0.97
3 14 16 20  0.72 0.20 0.97
4 18 16 20 21  0.72 0.20 0.97
3 20 21 23  0.31 0.85 0.75
3 19 14 22   0.31 0.85 0.75
4 20 14 22 23  0.31 0.85 0.75
3 21 19 25  0.72 0.20 0.97
3 22 23 24  0.72 0.20 0.97
4 21 23 24 25  0.72 0.20 0.97
3 24 25 27  0.31 0.85 0.75
3 19 22 26   0.31 0.85 0.75
4 24 22 26 27  0.31 0.85 0.75
3 25 19 29  0.72 0.20 0.97
3 26 27 28  0.72 0.20 0.97
4 25 27 28 29  0.72 0.20 0.97
3 19 26 31  0.31 0.85 0.75
3 28 29 30   0.31 0.85 0.75
4 19 29 30 31  0.31 0.85 0.75
3 30 31 33  0.72 0.20 0.97
3 26 28 32  0.72 0.20 0.97
4 30 28 32 33  0.72 0.20 0.97
3 32 33 35  0.31 0.85 0.75
3 31 26 34   0.31 0.85 0.75
4 32 26 34 35  0.31 0.85 0.75
3 34 35 37  0.72 0.20 0.97
3 33 31 36  0.72 0.20 0.97
4 34 31 36 37  0.72 0.20 0.97
3 37 35 39  0.31 0.85 0.75
3 33 36 38   0.31 0.85 0.75
4 37 36 38 39  0.31 0.85 0.75
3 35 33 41  0.72 0.20 0.97
3 38 39 40  0.72 0.20 0.97
4 35 39 40 41  0.72 0.20 0.97
3 40 41 43  0.31 0.85 0.75
3 33 38 42   0.31 0.85 0.75
4 40 38 42 43  0.31 0.85 0.75
3 33 42 45  0.72 0.20 0.97
3 43 41 44  0.72 0.20 0.97
4 33 41 44 45  0.72 0.20 0.97
3 43 44 47  0.31 0.85 0.75
3 45 42 46   0.31 0.85 0.75
4 43 42 46 47  0.31 0.85 0.75
3 44 45 49  0.72 0.20 0.97
3 46 47 48  0.72 0.20 0.97
4 44 47 48 49  0.72 0.20 0.97
3 48 49 51  0.31 0.85 0.75
3 45 46 50   0.31 0.85 0.75
4 48 46 50 51  0.31 0.85 0.75



