OFF
52 73 124
-0.3 -0.3 -0.3
0.3 -0.3 -0.3
0.3 0.3 -0.3
-0.3 0.3 -0.3
0.3 0.3 0.3
0.3 -0.3 0.3
0.9 -0.3 -0.3
0.9 -0.3 0.3
0.3 -0.9 -0.3
0.3 -0.9 0.3
-0.3 -0.9 -0.3
-0.3 -0.3 -0.3
-0.3 -0.3 -0.9
-0.3 -0.9 -0.9
-0.9 -0.9 -0.9
-0.9 -0.3 -0.9
-0.3 -0.9 -1.5
-0.3 -0.3 -1.5
0.3 -0.9 -1.5
0.3 -0.9 -0.9
-0.3 -1.5 -0.9
0.3 -1.5 -0.9
0.3 -0.9 -0.3
0.3 -1.5 -0.3
0.9 -0.9 -0.9
0.9 -1.5 -0.9
0.9 -0.9 -1.5
0.3 -0.9 -1.5
0.3 -0.3 -0.9
0.3 -0.3 -1.5
-0.3 -0.3 -1.5
-0.3 -0.3 -0.9
0.3 0.3 -1.5
0.3 0.3 -0.9
0.9 0.3 -0.9
0.9 0.3 -1.5
0.9 0.9 -0.9
0.3 0.9 -0.9
0.3 0.3 -0.3
0.3 0.9 -0.3
-0.3 0.3 -0.9
-0.3 0.9 -0.9
-0.3 0.3 -1.5
0.3 0.3 -1.5
-0.3 -0.3 -1.5
-0.3 -0.3 -0.9
-0.9 0.3 -0.9
-0.9 -0.3 -0.9
-0.3 0.3 -0.3
-0.3 -0.3 -0.3
0.3 -0.3 -0.3
0.3 0.3 -0.3
4 0 1 2 3  0.72 0.20 0.97
3 0 1 5  0.72 0.20 0.97
3 2 3 4  0.72 0.20 0.97
4 0 3 4 5  0.72 0.20 0.97
3 4 5 7  0.31 0.85 0.75
3 1 2 6   0.31 0.85 0.75
4 4 2 6 7  0.31 0.85 0.75
3 7 5 9  0.72 0.20 0.97
3 1 6 8  0.72 0.20 0.97
4 7 6 8 9  0.72 0.20 0.97
3 5 1 11  0.31 0.85 0.75
3 8 9 10   0.31 0.85 0.75
4 5 9 10 11  0.31 0.85 0.75
3 8 10 13  0.72 0.20 0.97
3 11 1 12  0.72 0.20 0.97
4 8 1 12 13  0.72 0.20 0.97
3 11 12 15  0.31 0.85 0.75
3 13 10 14   0.31 0.85 0.75
4 11 10 14 15  0.31 0.85 0.75
3 15 12 17  0.72 0.20 0.97
3 13 14 16  0.72 0.20 0.97
4 15 14 16 17  0.72 0.20 0.97
3 12 13 19  0.31 0.85 0.75
3 16 17 18   0.31 0.85 0.75
4 12 17 18 19  0.31 0.85 0.75
3 18 19 21  0.72 0.20 0.97
3 13 16 20  0.72 0.20 0.97
4 18 16 20 21  0.72 0.20 0.97
3 20 21 23  0.31 0.85 0.75
3 19 13 22   0.31 0.85 0.75
4 20 13 22 23  0.31 0.85 0.75
3 23 21 25  0.72 0.20 0.97
3 19 22 24  0.72 0.20 0.97
4 23 22 24 25  0.72 0.20 0.97
3 21 19 27  0.31 0.85 0.75
3 24 25 26   0.31 0.85 0.75
4 21 25 26 27  0.31 0.85 0.75
3 26 27 29  0.72 0.20 0.97
3 19 24 28  0.72 0.20 0.97
4 26 24 28 29  0.72 0.20 0.97
3 19 28 31  0.31 0.85 0.75
3 29 27 30   0.31 0.85 0.75
4 19 27 30 31  0.31 0.85 0.75
3 31 28 33  0.72 0.20 0.97
3 29 30 32  0.72 0.20 0.97
4 31 30 32 33  0.72 0.20 0.97
3 29 32 35  0.31 0.85 0.75
3 33 28 34   0.31 0.85 0.75
4 29 28 34 35  0.31 0.85 0.75
3 32 33 37  0.72 0.20 0.97
3 34 35 36  0.72 0.20 0.97
4 32 35 36 37  0.72 0.20 0.97
3 36 37 39  0.31 0.85 0.75
3 33 34 38   0.31 0.85 0.75
4 36 34 38 39  0.31 0.85 0.75
3 39 37 41  0.72 0.20 0.97
3 33 38 40  0.72 0.20 0.97
4 39 38 40 41  0.72 0.20 0.97
3 37 33 43  0.31 0.85 0.75
3 40 41 42   0.31 0.85 0.75
4 37 41 42 43  0.31 0.85 0.75
3 33 40 45  0.72 0.20 0.97
3 42 43 44  0.72 0.20 0.97
4 33 43 44 45  0.72 0.20 0.97
3 44 45 47  0.31 0.85 0.75
3 40 42 46   0.31 0.85 0.75
4 44 42 46 47  0.31 0.85 0.75
3 47 45 49  0.72 0.20 0.97
3 40 46 48  0.72 0.20 0.97
4 47 46 48 49  0.72 0.20 0.97
3 40 48 51  0.31 0.85 0.75
3 49 45 50   0.31 0.85 0.75
4 40 45 50 51  0.31 0.85 0.75



