OFF
52 73 124
-0.6 -0.6 -0.6
0.6 -0.6 -0.6
0.6 0.6 -0.6
-0.6 0.6 -0.6
0.6 0.6 0.6
0.6 -0.6 0.6
1.8 -0.6 -0.6
1.8 -0.6 0.6
1.8 -1.8 -0.6
0.6 -1.8 -0.6
0.6 -0.6 -1.8
0.6 -1.8 -1.8
-0.6 -0.6 -1.8
-0.6 -0.6 -0.6
-0.6 0.6 -1.8
0.6 0.6 -1.8
0.6 -0.6 -3
0.6 0.6 -3
1.8 -0.6 -3
1.8 -0.6 -1.8
0.6 -1.8 -1.8
1.8 -1.8 -1.8
1.8 -0.6 -0.6
1.8 -1.8 -0.6
3 -0.6 -0.6
3 -0.6 -1.8
1.8 0.6 -1.8
3 0.6 -1.8
1.8 0.6 -3
1.8 -0.6 -3
0.6 0.6 -3
0.6 0.6 -1.8
1.8 1.8 -1.8
0.6 1.8 -1.8
1.8 1.8 -0.6
1.8 0.6 -0.6
3 0.6 -1.8
3 0.6 -0.6
1.8 -0.6 -0.6
3 -0.6 -0.6
1.8 -0.6 0.6
1.8 0.6 0.6
0.6 0.6 -0.6
0.6 0.6 0.6
0.6 1.8 -0.6
1.8 1.8 -0.6
0.6 1.8 -1.8
0.6 0.6 -1.8
-0.6 0.6 -0.6
-0.6 0.6 -1.8
-0.6 -0.6 -0.6
0.6 -0.6 -0.6
4 0 1 2 3  0.72 0.20 0.97
3 0 1 5  0.72 0.20 0.97
3 2 3 4  0.72 0.20 0.97
4 0 3 4 5  0.72 0.20 0.97
3 4 5 7  0.31 0.85 0.75
3 1 2 6   0.31 0.85 0.75
4 4 2 6 7  0.31 0.85 0.75
3 5 1 9  0.72 0.20 0.97
3 6 7 8  0.72 0.20 0.97
4 5 7 8 9  0.72 0.20 0.97
3 8 9 11  0.31 0.85 0.75
3 1 6 10   0.31 0.85 0.75
4 8 6 10 11  0.31 0.85 0.75
3 9 1 13  0.72 0.20 0.97
3 10 11 12  0.72 0.20 0.97
4 9 11 12 13  0.72 0.20 0.97
3 1 10 15  0.31 0.85 0.75
3 12 13 14   0.31 0.85 0.75
4 1 13 14 15  0.31 0.85 0.75
3 14 15 17  0.72 0.20 0.97
3 10 12 16  0.72 0.20 0.97
4 14 12 16 17  0.72 0.20 0.97
3 15 10 19  0.31 0.85 0.75
3 16 17 18   0.31 0.85 0.75
4 15 17 18 19  0.31 0.85 0.75
3 18 19 21  0.72 0.20 0.97
3 10 16 20  0.72 0.20 0.97
4 18 16 20 21  0.72 0.20 0.97
3 20 21 23  0.31 0.85 0.75
3 19 10 22   0.31 0.85 0.75
4 20 10 22 23  0.31 0.85 0.75
3 21 19 25  0.72 0.20 0.97
3 22 23 24  0.72 0.20 0.97
4 21 23 24 25  0.72 0.20 0.97
3 24 25 27  0.31 0.85 0.75
3 19 22 26   0.31 0.85 0.75
4 24 22 26 27  0.31 0.85 0.75
3 25 19 29  0.72 0.20 0.97
3 26 27 28  0.72 0.20 0.97
4 25 27 28 29  0.72 0.20 0.97
3 19 26 31  0.31 0.85 0.75
3 28 29 30   0.31 0.85 0.75
4 19 29 30 31  0.31 0.85 0.75
3 30 31 33  0.72 0.20 0.97
3 26 28 32  0.72 0.20 0.97
4 30 28 32 33  0.72 0.20 0.97
3 31 26 35  0.31 0.85 0.75
3 32 33 34   0.31 0.85 0.75
4 31 33 34 35  0.31 0.85 0.75
3 34 35 37  0.72 0.20 0.97
3 26 32 36  0.72 0.20 0.97
4 34 32 36 37  0.72 0.20 0.97
3 36 37 39  0.31 0.85 0.75
3 35 26 38   0.31 0.85 0.75
4 36 26 38 39  0.31 0.85 0.75
3 37 35 41  0.72 0.20 0.97
3 38 39 40  0.72 0.20 0.97
4 37 39 40 41  0.72 0.20 0.97
3 40 41 43  0.31 0.85 0.75
3 35 38 42   0.31 0.85 0.75
4 40 38 42 43  0.31 0.85 0.75
3 41 35 45  0.72 0.20 0.97
3 42 43 44  0.72 0.20 0.97
4 41 43 44 45  0.72 0.20 0.97
3 35 42 47  0.31 0.85 0.75
3 44 45 46   0.31 0.85 0.75
4 35 45 46 47  0.31 0.85 0.75
3 46 47 49  0.72 0.20 0.97
3 42 44 48  0.72 0.20 0.97
4 46 44 48 49  0.72 0.20 0.97
3 47 42 51  0.31 0.85 0.75
3 48 49 50   0.31 0.85 0.75
4 47 49 50 51  0.31 0.85 0.75



