OFF
52 73 124
-0.4 -0.4 -0.4
0.4 -0.4 -0.4
0.4 0.4 -0.4
-0.4 0.4 -0.4
0.4 0.4 0.4
0.4 -0.4 0.4
1.2 -0.4 -0.4
1.2 -0.4 0.4
1.2 -1.2 0.4
1.2 -1.2 -0.4
2 -0.4 -0.4
2 -1.2 -0.4
1.2 -1.2 -1.2
2 -1.2 -1.2
1.2 -2 -0.4
2 -2 -0.4
1.2 -2 0.4
1.2 -1.2 0.4
0.4000001 -1.2 -0.4
0.4000001 -1.2 0.4
0.4000001 -0.4000001 0.4
0.4000001 -0.4000001 -0.4
-0.3999999 -1.2 -0.4
-0.3999999 -0.4000001 -0.4
-0.3999999 -1.2 -1.2
0.4000001 -1.2 -1.2
-0.3999999 -2 -0.4
0.4000001 -2 -0.4
0.4000001 -1.2 0.4
0.4000001 -2 0.4
1.2 -2 -0.4
1.2 -2 0.4
1.2 -2.8 0.4
1.2 -2.8 -0.4
2 -2 -0.4
2 -2.8 -0.4
2 -2 -1.2
1.2 -2 -1.2
1.2 -1.2 -1.2
2 -1.2 -1.2
1.2 -1.2 -2
1.2 -2 -2
0.4000001 -1.2 -2
0.4000001 -1.2 -1.2
0.4000001 -0.4000001 -1.2
0.4000001 -0.4000001 -2
-0.3999999 -0.4000001 -1.2
-0.3999999 -1.2 -1.2
-0.3999999 -0.4000001 -0.4000001
0.4000001 -0.4000001 -0.4000001
0.4000001 0.3999999 -0.4000001
-0.3999999 0.3999999 -0.4000001
4 0 1 2 3 0.72 0.20 0.97
3 0 1 5 0.72 0.20 0.97
3 2 3 4 0.72 0.20 0.97
4 0 3 4 5 0.72 0.20 0.97
3 4 5 7  0.31 0.85 0.75
3 1 2 6  0.31 0.85 0.75
4 4 2 6 7  0.31 0.85 0.75
3 1 6 9  0.72 0.20 0.97
3 7 5 8  0.72 0.20 0.97
4 1 5 8 9  0.72 0.20 0.97
3 8 9 11  0.31 0.85 0.75
3 6 7 10  0.31 0.85 0.75
4 8 7 10 11  0.31 0.85 0.75
3 10 11 13  0.72 0.20 0.97
3 9 6 12  0.72 0.20 0.97
4 10 6 12 13  0.72 0.20 0.97
3 13 11 15  0.31 0.85 0.75
3 9 12 14  0.31 0.85 0.75
4 13 12 14 15  0.31 0.85 0.75
3 11 9 17  0.72 0.20 0.97
3 14 15 16  0.72 0.20 0.97
4 11 15 16 17  0.72 0.20 0.97
3 16 17 19  0.31 0.85 0.75
3 9 14 18  0.31 0.85 0.75
4 16 14 18 19  0.31 0.85 0.75
3 9 18 21  0.72 0.20 0.97
3 19 17 20  0.72 0.20 0.97
4 9 17 20 21  0.72 0.20 0.97
3 20 21 23  0.31 0.85 0.75
3 18 19 22  0.31 0.85 0.75
4 20 19 22 23  0.31 0.85 0.75
3 21 18 25  0.72 0.20 0.97
3 22 23 24  0.72 0.20 0.97
4 21 23 24 25  0.72 0.20 0.97
3 25 18 27  0.31 0.85 0.75
3 22 24 26  0.31 0.85 0.75
4 25 24 26 27  0.31 0.85 0.75
3 26 27 29  0.72 0.20 0.97
3 18 22 28  0.72 0.20 0.97
4 26 22 28 29  0.72 0.20 0.97
3 28 29 31  0.31 0.85 0.75
3 27 18 30  0.31 0.85 0.75
4 28 18 30 31  0.31 0.85 0.75
3 27 30 33  0.72 0.20 0.97
3 31 29 32  0.72 0.20 0.97
4 27 29 32 33  0.72 0.20 0.97
3 32 33 35  0.31 0.85 0.75
3 30 31 34  0.31 0.85 0.75
4 32 31 34 35  0.31 0.85 0.75
3 33 30 37  0.72 0.20 0.97
3 34 35 36  0.72 0.20 0.97
4 33 35 36 37  0.72 0.20 0.97
3 34 36 39  0.31 0.85 0.75
3 37 30 38  0.31 0.85 0.75
4 34 30 38 39  0.31 0.85 0.75
3 36 37 41  0.72 0.20 0.97
3 38 39 40  0.72 0.20 0.97
4 36 39 40 41  0.72 0.20 0.97
3 37 38 43  0.31 0.85 0.75
3 40 41 42  0.31 0.85 0.75
4 37 41 42 43  0.31 0.85 0.75
3 40 42 45  0.72 0.20 0.97
3 43 38 44  0.72 0.20 0.97
4 40 38 44 45  0.72 0.20 0.97
3 42 43 47  0.31 0.85 0.75
3 44 45 46  0.31 0.85 0.75
4 42 45 46 47  0.31 0.85 0.75
3 43 44 49  0.72 0.20 0.97
3 46 47 48  0.72 0.20 0.97
4 43 47 48 49  0.72 0.20 0.97
3 46 48 51  0.31 0.85 0.75
3 49 44 50  0.31 0.85 0.75
4 46 44 50 51  0.31 0.85 0.75
 
 
 
