OFF
52 73 124
-0.3 -0.3 -0.3
0.3 -0.3 -0.3
0.3 0.3 -0.3
-0.3 0.3 -0.3
0.3 0.3 0.3
0.3 -0.3 0.3
0.9 0.3 -0.3
0.9 -0.3 -0.3
0.3 -0.3 -0.9
0.9 -0.3 -0.9
0.3 -0.9 -0.9
0.3 -0.9 -0.3
-0.3 -0.9 -0.3
-0.3 -0.9 -0.9
0.3 -1.5 -0.9
-0.3 -1.5 -0.9
-0.3 -0.9 -1.5
-0.3 -1.5 -1.5
-0.9 -0.9 -1.5
-0.9 -0.9 -0.9
-0.3 -0.3 -0.9
-0.9 -0.3 -0.9
-0.3 -0.3 -0.3
-0.3 -0.9 -0.3
0.3 -0.3 -0.3
0.3 -0.3 -0.9
-0.3 0.3 -0.9
0.3 0.3 -0.9
-0.3 0.3 -1.5
-0.3 -0.3 -1.5
-0.9 -0.3 -0.9
-0.9 -0.3 -1.5
-0.3 -0.9 -1.5
-0.9 -0.9 -1.5
-0.3 -0.9 -2.1
-0.3 -0.3 -2.1
0.3 -0.3 -1.5
0.3 -0.3 -2.1
0.3 0.3 -1.5
-0.3 0.3 -1.5
0.3 0.3 -0.9
0.3 -0.3 -0.9
0.9 -0.3 -0.9
0.9 0.3 -0.9
0.3 0.3 -0.3
0.9 0.3 -0.3
0.3 0.9 -0.3
0.3 0.9 -0.9
-0.3 0.3 -0.3
-0.3 0.3 -0.9
-0.3 -0.3 -0.3
0.3 -0.3 -0.3
4 0 1 2 3  0.72 0.20 0.97
3 0 1 5  0.72 0.20 0.97
3 2 3 4  0.72 0.20 0.97
4 0 3 4 5  0.72 0.20 0.97
3 5 1 7  0.31 0.85 0.75
3 2 4 6   0.31 0.85 0.75
4 5 4 6 7  0.31 0.85 0.75
3 6 7 9  0.72 0.20 0.97
3 1 2 8  0.72 0.20 0.97
4 6 2 8 9  0.72 0.20 0.97
3 7 1 11  0.31 0.85 0.75
3 8 9 10   0.31 0.85 0.75
4 7 9 10 11  0.31 0.85 0.75
3 8 10 13  0.72 0.20 0.97
3 11 1 12  0.72 0.20 0.97
4 8 1 12 13  0.72 0.20 0.97
3 12 13 15  0.31 0.85 0.75
3 10 11 14   0.31 0.85 0.75
4 12 11 14 15  0.31 0.85 0.75
3 14 15 17  0.72 0.20 0.97
3 13 10 16  0.72 0.20 0.97
4 14 10 16 17  0.72 0.20 0.97
3 15 13 19  0.31 0.85 0.75
3 16 17 18   0.31 0.85 0.75
4 15 17 18 19  0.31 0.85 0.75
3 18 19 21  0.72 0.20 0.97
3 13 16 20  0.72 0.20 0.97
4 18 16 20 21  0.72 0.20 0.97
3 19 13 23  0.31 0.85 0.75
3 20 21 22   0.31 0.85 0.75
4 19 21 22 23  0.31 0.85 0.75
3 13 20 25  0.72 0.20 0.97
3 22 23 24  0.72 0.20 0.97
4 13 23 24 25  0.72 0.20 0.97
3 24 25 27  0.31 0.85 0.75
3 20 22 26   0.31 0.85 0.75
4 24 22 26 27  0.31 0.85 0.75
3 25 20 29  0.72 0.20 0.97
3 26 27 28  0.72 0.20 0.97
4 25 27 28 29  0.72 0.20 0.97
3 28 29 31  0.31 0.85 0.75
3 20 26 30   0.31 0.85 0.75
4 28 26 30 31  0.31 0.85 0.75
3 30 31 33  0.72 0.20 0.97
3 29 20 32  0.72 0.20 0.97
4 30 20 32 33  0.72 0.20 0.97
3 31 29 35  0.31 0.85 0.75
3 32 33 34   0.31 0.85 0.75
4 31 33 34 35  0.31 0.85 0.75
3 34 35 37  0.72 0.20 0.97
3 29 32 36  0.72 0.20 0.97
4 34 32 36 37  0.72 0.20 0.97
3 35 29 39  0.31 0.85 0.75
3 36 37 38   0.31 0.85 0.75
4 35 37 38 39  0.31 0.85 0.75
3 29 36 41  0.72 0.20 0.97
3 38 39 40  0.72 0.20 0.97
4 29 39 40 41  0.72 0.20 0.97
3 38 40 43  0.31 0.85 0.75
3 41 36 42   0.31 0.85 0.75
4 38 36 42 43  0.31 0.85 0.75
3 42 43 45  0.72 0.20 0.97
3 40 41 44  0.72 0.20 0.97
4 42 41 44 45  0.72 0.20 0.97
3 43 40 47  0.31 0.85 0.75
3 44 45 46   0.31 0.85 0.75
4 43 45 46 47  0.31 0.85 0.75
3 47 40 49  0.72 0.20 0.97
3 44 46 48  0.72 0.20 0.97
4 47 46 48 49  0.72 0.20 0.97
3 40 44 51  0.31 0.85 0.75
3 48 49 50   0.31 0.85 0.75
4 40 49 50 51  0.31 0.85 0.75



