OFF
52 73 124
-0.2 -0.2 -0.2
0.2 -0.2 -0.2
0.2 0.2 -0.2
-0.2 0.2 -0.2
0.2 0.2 0.2
0.2 -0.2 0.2
0.6 0.2 -0.2
0.6 -0.2 -0.2
0.6 -0.2 -0.6
0.6 0.2 -0.6
1 -0.2 -0.2
1 0.2 -0.2
0.6 -0.2 0.2
0.6 0.2 0.2
0.2 0.2 0.2
0.2 -0.2 0.2
0.2 -0.2 0.6
0.2 0.2 0.6
-0.1999999 0.2 0.6
-0.1999999 -0.2 0.6
-0.1999999 0.2 1
0.2 0.2 1
-0.1999999 0.6 1
-0.1999999 0.6 0.6
-0.5999999 0.6 1
-0.5999999 0.2 1
-0.1999999 0.6 1.4
-0.1999999 0.2 1.4
0.2 0.2 1
0.2 0.2 1.4
0.2 -0.2 1
-0.1999999 -0.2 1
-0.1999999 -0.2 0.6
0.2 -0.2 0.6
-0.1999999 -0.6 0.6
-0.1999999 -0.6 1
-0.5999999 -0.2 1
-0.5999999 -0.6 1
-0.1999999 -0.2 1.4
-0.1999999 -0.6 1.4
0.2 -0.2 1.4
0.2 -0.2 1
0.2 0.2 1.4
-0.1999999 0.2 1.4
0.2 0.2 1.8
0.2 -0.2 1.8
0.6 0.2 1.4
0.6 -0.2 1.4
0.6 -0.2 1
0.6 0.2 1
1 0.2 1
1 -0.2 1
4 0 1 2 3 0.72 0.20 0.97
3 0 1 5 0.72 0.20 0.97
3 2 3 4 0.72 0.20 0.97
4 0 3 4 5 0.72 0.20 0.97
3 5 1 7  0.31 0.85 0.75
3 2 4 6  0.31 0.85 0.75
4 5 4 6 7  0.31 0.85 0.75
3 2 6 9  0.72 0.20 0.97
3 7 1 8  0.72 0.20 0.97
4 2 1 8 9  0.72 0.20 0.97
3 9 6 11  0.31 0.85 0.75
3 7 8 10  0.31 0.85 0.75
4 9 8 10 11  0.31 0.85 0.75
3 11 6 13  0.72 0.20 0.97
3 7 10 12  0.72 0.20 0.97
4 11 10 12 13  0.72 0.20 0.97
3 7 12 15  0.31 0.85 0.75
3 13 6 14  0.31 0.85 0.75
4 7 6 14 15  0.31 0.85 0.75
3 13 14 17  0.72 0.20 0.97
3 15 12 16  0.72 0.20 0.97
4 13 12 16 17  0.72 0.20 0.97
3 15 16 19  0.31 0.85 0.75
3 17 14 18  0.31 0.85 0.75
4 15 14 18 19  0.31 0.85 0.75
3 16 17 21  0.72 0.20 0.97
3 18 19 20  0.72 0.20 0.97
4 16 19 20 21  0.72 0.20 0.97
3 17 18 23  0.31 0.85 0.75
3 20 21 22  0.31 0.85 0.75
4 17 21 22 23  0.31 0.85 0.75
3 18 20 25  0.72 0.20 0.97
3 22 23 24  0.72 0.20 0.97
4 18 23 24 25  0.72 0.20 0.97
3 25 20 27  0.31 0.85 0.75
3 22 24 26  0.31 0.85 0.75
4 25 24 26 27  0.31 0.85 0.75
3 26 27 29  0.72 0.20 0.97
3 20 22 28  0.72 0.20 0.97
4 26 22 28 29  0.72 0.20 0.97
3 27 20 31  0.31 0.85 0.75
3 28 29 30  0.31 0.85 0.75
4 27 29 30 31  0.31 0.85 0.75
3 28 30 33  0.72 0.20 0.97
3 31 20 32  0.72 0.20 0.97
4 28 20 32 33  0.72 0.20 0.97
3 30 31 35  0.31 0.85 0.75
3 32 33 34  0.31 0.85 0.75
4 30 33 34 35  0.31 0.85 0.75
3 34 35 37  0.72 0.20 0.97
3 31 32 36  0.72 0.20 0.97
4 34 32 36 37  0.72 0.20 0.97
3 37 35 39  0.31 0.85 0.75
3 31 36 38  0.31 0.85 0.75
4 37 36 38 39  0.31 0.85 0.75
3 35 31 41  0.72 0.20 0.97
3 38 39 40  0.72 0.20 0.97
4 35 39 40 41  0.72 0.20 0.97
3 31 38 43  0.31 0.85 0.75
3 40 41 42  0.31 0.85 0.75
4 31 41 42 43  0.31 0.85 0.75
3 38 40 45  0.72 0.20 0.97
3 42 43 44  0.72 0.20 0.97
4 38 43 44 45  0.72 0.20 0.97
3 45 40 47  0.31 0.85 0.75
3 42 44 46  0.31 0.85 0.75
4 45 44 46 47  0.31 0.85 0.75
3 42 46 49  0.72 0.20 0.97
3 47 40 48  0.72 0.20 0.97
4 42 40 48 49  0.72 0.20 0.97
3 47 48 51  0.31 0.85 0.75
3 49 46 50  0.31 0.85 0.75
4 47 46 50 51  0.31 0.85 0.75
 
 
 
