OFF
52 73 124
-0.4 -0.4 -0.4
0.4 -0.4 -0.4
0.4 0.4 -0.4
-0.4 0.4 -0.4
0.4 0.4 0.4
0.4 -0.4 0.4
1.2 -0.4 0.4
1.2 0.4 0.4
0.4 -0.4 1.2
0.4 0.4 1.2
-0.4 0.4 1.2
-0.4 -0.4 1.2
-0.4 0.4 2
0.4 0.4 2
0.4 1.2 1.2
0.4 1.2 2
1.2 1.2 1.2
1.2 0.4 1.2
1.2 0.4 0.4000001
1.2 1.2 0.4000001
2 0.4 1.2
2 1.2 1.2
2 1.2 2
2 0.4 2
2.8 0.4 1.2
2.8 0.3999999 2
2.8 -0.4 1.2
2 -0.4 1.2
2 0.4 0.4000001
2 -0.4 0.4000001
1.2 -0.4 0.4000001
1.2 0.4 0.4000001
2 -0.4 -0.3999999
2 0.4000001 -0.3999999
2.8 0.4 -0.3999999
2.8 -0.4 -0.3999999
2.8 0.4 -1.2
2 0.4000001 -1.2
2 1.2 -0.3999999
2 1.2 -1.2
1.2 1.2 -0.3999999
1.2 0.4000001 -0.3999999
1.2 0.4000001 0.4000001
1.2 1.2 0.4000001
0.3999996 0.4000001 -0.3999999
0.3999996 1.2 -0.3999999
0.3999996 1.2 -1.2
0.3999996 0.4000001 -1.2
-0.4000006 0.4000002 -0.3999999
-0.4000006 0.4000001 -1.2
-0.4000006 -0.3999997 -0.3999999
0.3999996 -0.3999998 -0.3999999
4 0 1 2 3 0.72 0.20 0.97
3 0 1 5 0.72 0.20 0.97
3 2 3 4 0.72 0.20 0.97
4 0 3 4 5 0.72 0.20 0.97
3 2 4 7  0.31 0.85 0.75
3 5 1 6  0.31 0.85 0.75
4 2 1 6 7  0.31 0.85 0.75
3 7 4 9  0.72 0.20 0.97
3 5 6 8  0.72 0.20 0.97
4 7 6 8 9  0.72 0.20 0.97
3 5 8 11  0.31 0.85 0.75
3 9 4 10  0.31 0.85 0.75
4 5 4 10 11  0.31 0.85 0.75
3 8 9 13  0.72 0.20 0.97
3 10 11 12  0.72 0.20 0.97
4 8 11 12 13  0.72 0.20 0.97
3 12 13 15  0.31 0.85 0.75
3 9 10 14  0.31 0.85 0.75
4 12 10 14 15  0.31 0.85 0.75
3 13 9 17  0.72 0.20 0.97
3 14 15 16  0.72 0.20 0.97
4 13 15 16 17  0.72 0.20 0.97
3 14 16 19  0.31 0.85 0.75
3 17 9 18  0.31 0.85 0.75
4 14 9 18 19  0.31 0.85 0.75
3 19 16 21  0.72 0.20 0.97
3 17 18 20  0.72 0.20 0.97
4 19 18 20 21  0.72 0.20 0.97
3 17 20 23  0.31 0.85 0.75
3 21 16 22  0.31 0.85 0.75
4 17 16 22 23  0.31 0.85 0.75
3 22 23 25  0.72 0.20 0.97
3 20 21 24  0.72 0.20 0.97
4 22 21 24 25  0.72 0.20 0.97
3 23 20 27  0.31 0.85 0.75
3 24 25 26  0.31 0.85 0.75
4 23 25 26 27  0.31 0.85 0.75
3 26 27 29  0.72 0.20 0.97
3 20 24 28  0.72 0.20 0.97
4 26 24 28 29  0.72 0.20 0.97
3 20 28 31  0.31 0.85 0.75
3 29 27 30  0.31 0.85 0.75
4 20 27 30 31  0.31 0.85 0.75
3 31 28 33  0.72 0.20 0.97
3 29 30 32  0.72 0.20 0.97
4 31 30 32 33  0.72 0.20 0.97
3 29 32 35  0.31 0.85 0.75
3 33 28 34  0.31 0.85 0.75
4 29 28 34 35  0.31 0.85 0.75
3 32 33 37  0.72 0.20 0.97
3 34 35 36  0.72 0.20 0.97
4 32 35 36 37  0.72 0.20 0.97
3 36 37 39  0.31 0.85 0.75
3 33 34 38  0.31 0.85 0.75
4 36 34 38 39  0.31 0.85 0.75
3 37 33 41  0.72 0.20 0.97
3 38 39 40  0.72 0.20 0.97
4 37 39 40 41  0.72 0.20 0.97
3 38 40 43  0.31 0.85 0.75
3 41 33 42  0.31 0.85 0.75
4 38 33 42 43  0.31 0.85 0.75
3 43 40 45  0.72 0.20 0.97
3 41 42 44  0.72 0.20 0.97
4 43 42 44 45  0.72 0.20 0.97
3 41 44 47  0.31 0.85 0.75
3 45 40 46  0.31 0.85 0.75
4 41 40 46 47  0.31 0.85 0.75
3 46 47 49  0.72 0.20 0.97
3 44 45 48  0.72 0.20 0.97
4 46 45 48 49  0.72 0.20 0.97
3 47 44 51  0.31 0.85 0.75
3 48 49 50  0.31 0.85 0.75
4 47 49 50 51  0.31 0.85 0.75
 
 
 
