OFF
52 73 124
-0.2 -0.2 -0.2
0.2 -0.2 -0.2
0.2 0.2 -0.2
-0.2 0.2 -0.2
0.2 0.2 0.2
0.2 -0.2 0.2
0.6 -0.2 -0.2
0.6 -0.2 0.2
0.2 -0.6 0.2
0.6 -0.6 0.2
0.2 -0.2 0.6
0.6 -0.2 0.6
0.2 0.2 0.6
0.2 0.2 0.2
-0.2 0.2 0.6
-0.2 -0.2 0.6
0.2 0.2 1
0.2 -0.2 1
0.6 -0.2 1
0.6 0.2 1
0.2 0.2 1.4
0.6 0.2 1.4
0.2 0.6 1
0.6 0.6 1
0.2 0.6 0.6
0.2 0.2 0.6
-0.2 0.2 0.6
-0.2 0.6 0.6
0.2 0.2 0.2
0.2 0.6 0.2
0.6 0.6 0.6
0.6 0.6 0.2
0.2 1 0.2
0.6 1 0.2
0.2 0.6 -0.1999999
0.6 0.6 -0.1999999
0.2 0.2 -0.1999999
0.2 0.2 0.2
-0.2 0.2 -0.1999999
-0.2 0.6 -0.1999999
0.2 0.2 -0.5999999
0.2 0.6 -0.5999999
0.6 0.6 -0.5999999
0.6 0.2 -0.5999999
0.2 0.2 -0.9999999
0.6 0.2 -0.9999999
0.2 -0.1999999 -0.5999999
0.6 -0.1999999 -0.5999999
0.2 -0.1999999 -0.1999999
0.2 0.2 -0.1999999
-0.2 0.2 -0.1999999
-0.2 -0.1999999 -0.1999999
4 0 1 2 3 0.72 0.20 0.97
3 0 1 5 0.72 0.20 0.97
3 2 3 4 0.72 0.20 0.97
4 0 3 4 5 0.72 0.20 0.97
3 4 5 7  0.31 0.85 0.75
3 1 2 6  0.31 0.85 0.75
4 4 2 6 7  0.31 0.85 0.75
3 6 7 9  0.72 0.20 0.97
3 5 1 8  0.72 0.20 0.97
4 6 1 8 9  0.72 0.20 0.97
3 9 7 11  0.31 0.85 0.75
3 5 8 10  0.31 0.85 0.75
4 9 8 10 11  0.31 0.85 0.75
3 7 5 13  0.72 0.20 0.97
3 10 11 12  0.72 0.20 0.97
4 7 11 12 13  0.72 0.20 0.97
3 5 10 15  0.31 0.85 0.75
3 12 13 14  0.31 0.85 0.75
4 5 13 14 15  0.31 0.85 0.75
3 15 10 17  0.72 0.20 0.97
3 12 14 16  0.72 0.20 0.97
4 15 14 16 17  0.72 0.20 0.97
3 12 16 19  0.31 0.85 0.75
3 17 10 18  0.31 0.85 0.75
4 12 10 18 19  0.31 0.85 0.75
3 18 19 21  0.72 0.20 0.97
3 16 17 20  0.72 0.20 0.97
4 18 17 20 21  0.72 0.20 0.97
3 21 19 23  0.31 0.85 0.75
3 16 20 22  0.31 0.85 0.75
4 21 20 22 23  0.31 0.85 0.75
3 19 16 25  0.72 0.20 0.97
3 22 23 24  0.72 0.20 0.97
4 19 23 24 25  0.72 0.20 0.97
3 22 24 27  0.31 0.85 0.75
3 25 16 26  0.31 0.85 0.75
4 22 16 26 27  0.31 0.85 0.75
3 27 24 29  0.72 0.20 0.97
3 25 26 28  0.72 0.20 0.97
4 27 26 28 29  0.72 0.20 0.97
3 28 29 31  0.31 0.85 0.75
3 24 25 30  0.31 0.85 0.75
4 28 25 30 31  0.31 0.85 0.75
3 30 31 33  0.72 0.20 0.97
3 29 24 32  0.72 0.20 0.97
4 30 24 32 33  0.72 0.20 0.97
3 33 31 35  0.31 0.85 0.75
3 29 32 34  0.31 0.85 0.75
4 33 32 34 35  0.31 0.85 0.75
3 31 29 37  0.72 0.20 0.97
3 34 35 36  0.72 0.20 0.97
4 31 35 36 37  0.72 0.20 0.97
3 29 34 39  0.31 0.85 0.75
3 36 37 38  0.31 0.85 0.75
4 29 37 38 39  0.31 0.85 0.75
3 39 34 41  0.72 0.20 0.97
3 36 38 40  0.72 0.20 0.97
4 39 38 40 41  0.72 0.20 0.97
3 36 40 43  0.31 0.85 0.75
3 41 34 42  0.31 0.85 0.75
4 36 34 42 43  0.31 0.85 0.75
3 42 43 45  0.72 0.20 0.97
3 40 41 44  0.72 0.20 0.97
4 42 41 44 45  0.72 0.20 0.97
3 45 43 47  0.31 0.85 0.75
3 40 44 46  0.31 0.85 0.75
4 45 44 46 47  0.31 0.85 0.75
3 43 40 49  0.72 0.20 0.97
3 46 47 48  0.72 0.20 0.97
4 43 47 48 49  0.72 0.20 0.97
3 46 48 51  0.31 0.85 0.75
3 49 40 50  0.31 0.85 0.75
4 46 40 50 51  0.31 0.85 0.75
 
 
 
