OFF
52 73 124
-0.4 -0.4 -0.4
0.4 -0.4 -0.4
0.4 0.4 -0.4
-0.4 0.4 -0.4
0.4 0.4 0.4
0.4 -0.4 0.4
1.2 -0.4 0.4
1.2 0.4 0.4
0.4 0.4 1.2
1.2 0.4 1.2
0.4 1.2 0.4
1.2 1.2 0.4
1.2 0.4 -0.4
1.2 1.2 -0.4
2 0.4 -0.4
2 0.4 0.4
2 -0.4 0.4
2 -0.4 -0.4
2.8 -0.4 -0.4
2.8 -0.4 0.4
2 -1.2 -0.4
2 -1.2 0.4
1.2 -0.4 -0.4
1.2 -0.4 0.4
1.2 0.4 0.4
1.2 0.4 -0.4
0.4000001 -0.4 -0.4
0.4000001 0.4 -0.4
1.2 -0.4 -1.2
1.2 0.4 -1.2
2 -0.4 -1.2
2 -0.4 -0.4
2 -1.2 -0.4
2 -1.2 -1.2
2.8 -0.4 -0.4
2.8 -0.4 -1.2
2 0.4 -0.4
2 0.4 -1.2
1.2 0.4 -1.2
1.2 0.4 -0.4
1.2 1.2 -0.4
1.2 1.2 -1.2
0.4000001 0.4 -1.2
0.4000001 1.2 -1.2
0.4000001 0.4 -2
1.2 0.4 -2
0.4000001 -0.4000001 -1.2
1.2 -0.4000001 -1.2
0.4000001 -0.4000001 -0.4000001
0.4000001 0.4 -0.4000001
-0.3999999 0.4 -0.4000001
-0.3999999 -0.4000001 -0.4000001
4 0 1 2 3 0.72 0.20 0.97
3 0 1 5 0.72 0.20 0.97
3 2 3 4 0.72 0.20 0.97
4 0 3 4 5 0.72 0.20 0.97
3 2 4 7  0.31 0.85 0.75
3 5 1 6  0.31 0.85 0.75
4 2 1 6 7  0.31 0.85 0.75
3 6 7 9  0.72 0.20 0.97
3 4 5 8  0.72 0.20 0.97
4 6 5 8 9  0.72 0.20 0.97
3 9 7 11  0.31 0.85 0.75
3 4 8 10  0.31 0.85 0.75
4 9 8 10 11  0.31 0.85 0.75
3 10 11 13  0.72 0.20 0.97
3 7 4 12  0.72 0.20 0.97
4 10 4 12 13  0.72 0.20 0.97
3 11 7 15  0.31 0.85 0.75
3 12 13 14  0.31 0.85 0.75
4 11 13 14 15  0.31 0.85 0.75
3 12 14 17  0.72 0.20 0.97
3 15 7 16  0.72 0.20 0.97
4 12 7 16 17  0.72 0.20 0.97
3 15 16 19  0.31 0.85 0.75
3 17 14 18  0.31 0.85 0.75
4 15 14 18 19  0.31 0.85 0.75
3 19 16 21  0.72 0.20 0.97
3 17 18 20  0.72 0.20 0.97
4 19 18 20 21  0.72 0.20 0.97
3 21 16 23  0.31 0.85 0.75
3 17 20 22  0.31 0.85 0.75
4 21 20 22 23  0.31 0.85 0.75
3 17 22 25  0.72 0.20 0.97
3 23 16 24  0.72 0.20 0.97
4 17 16 24 25  0.72 0.20 0.97
3 24 25 27  0.31 0.85 0.75
3 22 23 26  0.31 0.85 0.75
4 24 23 26 27  0.31 0.85 0.75
3 27 25 29  0.72 0.20 0.97
3 22 26 28  0.72 0.20 0.97
4 27 26 28 29  0.72 0.20 0.97
3 25 22 31  0.31 0.85 0.75
3 28 29 30  0.31 0.85 0.75
4 25 29 30 31  0.31 0.85 0.75
3 28 30 33  0.72 0.20 0.97
3 31 22 32  0.72 0.20 0.97
4 28 22 32 33  0.72 0.20 0.97
3 33 30 35  0.31 0.85 0.75
3 31 32 34  0.31 0.85 0.75
4 33 32 34 35  0.31 0.85 0.75
3 35 30 37  0.72 0.20 0.97
3 31 34 36  0.72 0.20 0.97
4 35 34 36 37  0.72 0.20 0.97
3 31 36 39  0.31 0.85 0.75
3 37 30 38  0.31 0.85 0.75
4 31 30 38 39  0.31 0.85 0.75
3 37 38 41  0.72 0.20 0.97
3 39 36 40  0.72 0.20 0.97
4 37 36 40 41  0.72 0.20 0.97
3 40 41 43  0.31 0.85 0.75
3 38 39 42  0.31 0.85 0.75
4 40 39 42 43  0.31 0.85 0.75
3 41 38 45  0.72 0.20 0.97
3 42 43 44  0.72 0.20 0.97
4 41 43 44 45  0.72 0.20 0.97
3 45 38 47  0.31 0.85 0.75
3 42 44 46  0.31 0.85 0.75
4 45 44 46 47  0.31 0.85 0.75
3 38 42 49  0.72 0.20 0.97
3 46 47 48  0.72 0.20 0.97
4 38 47 48 49  0.72 0.20 0.97
3 46 48 51  0.31 0.85 0.75
3 49 42 50  0.31 0.85 0.75
4 46 42 50 51  0.31 0.85 0.75
 
 
 
