OFF
52 73 124
-0.4 -0.4 -0.4
0.4 -0.4 -0.4
0.4 0.4 -0.4
-0.4 0.4 -0.4
0.4 0.4 0.4
0.4 -0.4 0.4
1.2 -0.4 -0.4
1.2 -0.4 0.4
0.4 -1.2 0.4
1.2 -1.2 0.4
1.2 -0.4 1.2
1.2 -1.2 1.2
2 -0.4 1.2
2 -0.4 0.4
1.2 0.4 0.4
2 0.4 0.4
1.2 0.4 -0.4
1.2 -0.4 -0.4
0.4 0.4 -0.4
0.4 0.4 0.4
0.4 1.2 -0.4
1.2 1.2 -0.4
1.2 0.4 -1.2
1.2 1.2 -1.2
2 1.2 -0.4
2 1.2 -1.2
1.2 2 -1.2
2 2 -1.2
1.2 2 -2
1.2 1.2 -2
0.4 1.2 -1.2
0.4 1.2 -2
0.4 0.4 -1.2
1.2 0.4 -1.2
0.4 0.4 -0.4
0.4 1.2 -0.4
-0.4 0.4 -0.4
-0.4 0.4 -1.2
0.4 -0.4 -1.2
-0.4 -0.4 -1.2
-0.4 0.4 -2
-0.4 -0.4 -2
-1.2 -0.4 -1.2
-1.2 -0.4 -2
-1.2 -1.2 -1.2
-0.4 -1.2 -1.2
-0.4 -0.4 -0.4
-0.4 -1.2 -0.4
0.4 -0.4 -0.4
0.4 -0.4 -1.2
0.4 0.4 -0.4
-0.4 0.4 -0.4
4 0 1 2 3  0.72 0.20 0.97
3 0 1 5  0.72 0.20 0.97
3 2 3 4  0.72 0.20 0.97
4 0 3 4 5  0.72 0.20 0.97
3 4 5 7  0.31 0.85 0.75
3 1 2 6   0.31 0.85 0.75
4 4 2 6 7  0.31 0.85 0.75
3 6 7 9  0.72 0.20 0.97
3 5 1 8  0.72 0.20 0.97
4 6 1 8 9  0.72 0.20 0.97
3 8 9 11  0.31 0.85 0.75
3 7 5 10   0.31 0.85 0.75
4 8 5 10 11  0.31 0.85 0.75
3 9 7 13  0.72 0.20 0.97
3 10 11 12  0.72 0.20 0.97
4 9 11 12 13  0.72 0.20 0.97
3 12 13 15  0.31 0.85 0.75
3 7 10 14   0.31 0.85 0.75
4 12 10 14 15  0.31 0.85 0.75
3 13 7 17  0.72 0.20 0.97
3 14 15 16  0.72 0.20 0.97
4 13 15 16 17  0.72 0.20 0.97
3 7 14 19  0.31 0.85 0.75
3 16 17 18   0.31 0.85 0.75
4 7 17 18 19  0.31 0.85 0.75
3 14 16 21  0.72 0.20 0.97
3 18 19 20  0.72 0.20 0.97
4 14 19 20 21  0.72 0.20 0.97
3 20 21 23  0.31 0.85 0.75
3 16 18 22   0.31 0.85 0.75
4 20 18 22 23  0.31 0.85 0.75
3 22 23 25  0.72 0.20 0.97
3 21 16 24  0.72 0.20 0.97
4 22 16 24 25  0.72 0.20 0.97
3 24 25 27  0.31 0.85 0.75
3 23 21 26   0.31 0.85 0.75
4 24 21 26 27  0.31 0.85 0.75
3 25 23 29  0.72 0.20 0.97
3 26 27 28  0.72 0.20 0.97
4 25 27 28 29  0.72 0.20 0.97
3 28 29 31  0.31 0.85 0.75
3 23 26 30   0.31 0.85 0.75
4 28 26 30 31  0.31 0.85 0.75
3 29 23 33  0.72 0.20 0.97
3 30 31 32  0.72 0.20 0.97
4 29 31 32 33  0.72 0.20 0.97
3 23 30 35  0.31 0.85 0.75
3 32 33 34   0.31 0.85 0.75
4 23 33 34 35  0.31 0.85 0.75
3 30 32 37  0.72 0.20 0.97
3 34 35 36  0.72 0.20 0.97
4 30 35 36 37  0.72 0.20 0.97
3 36 37 39  0.31 0.85 0.75
3 32 34 38   0.31 0.85 0.75
4 36 34 38 39  0.31 0.85 0.75
3 38 39 41  0.72 0.20 0.97
3 37 32 40  0.72 0.20 0.97
4 38 32 40 41  0.72 0.20 0.97
3 40 41 43  0.31 0.85 0.75
3 39 37 42   0.31 0.85 0.75
4 40 37 42 43  0.31 0.85 0.75
3 41 39 45  0.72 0.20 0.97
3 42 43 44  0.72 0.20 0.97
4 41 43 44 45  0.72 0.20 0.97
3 44 45 47  0.31 0.85 0.75
3 39 42 46   0.31 0.85 0.75
4 44 42 46 47  0.31 0.85 0.75
3 45 39 49  0.72 0.20 0.97
3 46 47 48  0.72 0.20 0.97
4 45 47 48 49  0.72 0.20 0.97
3 39 46 51  0.31 0.85 0.75
3 48 49 50   0.31 0.85 0.75
4 39 49 50 51  0.31 0.85 0.75



