OFF
52 73 124
-0.3 -0.3 -0.3
0.3 -0.3 -0.3
0.3 0.3 -0.3
-0.3 0.3 -0.3
0.3 0.3 0.3
0.3 -0.3 0.3
0.9 0.3 0.3
0.9 0.3 -0.3
0.3 0.9 0.3
0.3 0.9 -0.3
-0.3 0.9 0.3
-0.3 0.3 0.3
-0.3 0.3 0.9
-0.3 0.9 0.9
-0.9 0.9 0.3
-0.9 0.9 0.9
-0.3 1.5 0.9
-0.9 1.5 0.9
-0.3 1.5 1.5
-0.3 0.9 1.5
0.3 0.9 0.9
0.3 0.9 1.5
0.3 0.3000001 0.9
-0.3 0.3000001 0.9
0.3 0.3 0.3000001
0.3 0.9 0.3000001
0.9 0.3 0.3000001
0.9 0.3000001 0.9
0.3 -0.3 0.3000001
0.3 -0.2999999 0.9
-0.3 0.3000001 0.9
-0.3 -0.2999999 0.9
0.3 -0.2999998 1.5
-0.3 -0.2999998 1.5
-0.3 -0.8999999 0.9
-0.3 -0.8999997 1.5
-0.9 -0.8999999 0.9
-0.9 -0.2999999 0.9
-0.3 -0.3 0.3000001
-0.9 -0.3 0.3000001
-0.3 0.3 0.3000001
-0.3 0.3000001 0.9
0.3 0.3 0.3000001
0.3 -0.3 0.3000001
-0.3 0.2999998 -0.2999999
-0.3 -0.3000001 -0.2999999
-0.9 0.2999998 -0.2999999
-0.9 0.3 0.3000001
-0.3 0.8999998 -0.2999999
-0.3 0.8999999 0.3000001
0.3 0.8999997 -0.2999999
0.3 0.2999998 -0.2999999
4 0 1 2 3 0.72 0.20 0.97
3 0 1 5 0.72 0.20 0.97
3 2 3 4 0.72 0.20 0.97
4 0 3 4 5 0.72 0.20 0.97
3 1 2 7  0.31 0.85 0.75
3 4 5 6  0.31 0.85 0.75
4 1 5 6 7  0.31 0.85 0.75
3 7 2 9  0.72 0.20 0.97
3 4 6 8  0.72 0.20 0.97
4 7 6 8 9  0.72 0.20 0.97
3 2 4 11  0.31 0.85 0.75
3 8 9 10  0.31 0.85 0.75
4 2 9 10 11  0.31 0.85 0.75
3 8 10 13  0.72 0.20 0.97
3 11 4 12  0.72 0.20 0.97
4 8 4 12 13  0.72 0.20 0.97
3 12 13 15  0.31 0.85 0.75
3 10 11 14  0.31 0.85 0.75
4 12 11 14 15  0.31 0.85 0.75
3 14 15 17  0.72 0.20 0.97
3 13 10 16  0.72 0.20 0.97
4 14 10 16 17  0.72 0.20 0.97
3 15 13 19  0.31 0.85 0.75
3 16 17 18  0.31 0.85 0.75
4 15 17 18 19  0.31 0.85 0.75
3 18 19 21  0.72 0.20 0.97
3 13 16 20  0.72 0.20 0.97
4 18 16 20 21  0.72 0.20 0.97
3 19 13 23  0.31 0.85 0.75
3 20 21 22  0.31 0.85 0.75
4 19 21 22 23  0.31 0.85 0.75
3 13 20 25  0.72 0.20 0.97
3 22 23 24  0.72 0.20 0.97
4 13 23 24 25  0.72 0.20 0.97
3 20 22 27  0.31 0.85 0.75
3 24 25 26  0.31 0.85 0.75
4 20 25 26 27  0.31 0.85 0.75
3 27 22 29  0.72 0.20 0.97
3 24 26 28  0.72 0.20 0.97
4 27 26 28 29  0.72 0.20 0.97
3 28 29 31  0.31 0.85 0.75
3 22 24 30  0.31 0.85 0.75
4 28 24 30 31  0.31 0.85 0.75
3 30 31 33  0.72 0.20 0.97
3 29 22 32  0.72 0.20 0.97
4 30 22 32 33  0.72 0.20 0.97
3 32 33 35  0.31 0.85 0.75
3 31 29 34  0.31 0.85 0.75
4 32 29 34 35  0.31 0.85 0.75
3 33 31 37  0.72 0.20 0.97
3 34 35 36  0.72 0.20 0.97
4 33 35 36 37  0.72 0.20 0.97
3 36 37 39  0.31 0.85 0.75
3 31 34 38  0.31 0.85 0.75
4 36 34 38 39  0.31 0.85 0.75
3 37 31 41  0.72 0.20 0.97
3 38 39 40  0.72 0.20 0.97
4 37 39 40 41  0.72 0.20 0.97
3 31 38 43  0.31 0.85 0.75
3 40 41 42  0.31 0.85 0.75
4 31 41 42 43  0.31 0.85 0.75
3 43 38 45  0.72 0.20 0.97
3 40 42 44  0.72 0.20 0.97
4 43 42 44 45  0.72 0.20 0.97
3 38 40 47  0.31 0.85 0.75
3 44 45 46  0.31 0.85 0.75
4 38 45 46 47  0.31 0.85 0.75
3 47 40 49  0.72 0.20 0.97
3 44 46 48  0.72 0.20 0.97
4 47 46 48 49  0.72 0.20 0.97
3 40 44 51  0.31 0.85 0.75
3 48 49 50  0.31 0.85 0.75
4 40 49 50 51  0.31 0.85 0.75
 
 
 
