OFF
52 73 124
-0.2 -0.2 -0.2
0.2 -0.2 -0.2
0.2 0.2 -0.2
-0.2 0.2 -0.2
0.2 0.2 0.2
0.2 -0.2 0.2
0.6 -0.2 0.2
0.6 0.2 0.2
0.6 -0.2 0.6
0.2 -0.2 0.6
0.2 -0.6 0.6
0.6 -0.6 0.6
0.2 -0.6 1
0.2 -0.2 1
-0.2 -0.6 0.6
-0.2 -0.2 0.6
-0.2 -0.2 0.2
-0.2 -0.6 0.2
-0.6 -0.2 0.2
-0.6 -0.2 0.6
-0.6 0.2 0.2
-0.2 0.2 0.2
-0.2 0.2 -0.1999999
-0.6 0.2 -0.1999999
-0.2 0.6 -0.1999999
-0.2 0.6 0.2
0.2 0.6 -0.1999999
0.2 0.2 -0.1999999
0.2 0.2 -0.5999999
0.2 0.6 -0.5999999
0.6 0.2 -0.5999999
0.6 0.2 -0.1999999
0.6 -0.2 -0.5999999
0.2 -0.2 -0.5999999
0.2 -0.2 -0.9999999
0.6 -0.2 -0.9999999
0.2 -0.6 -0.9999999
0.2 -0.6 -0.5999999
-0.2 -0.6 -0.9999999
-0.2 -0.2 -0.9999999
-0.2 -0.2 -1.4
-0.2 -0.6 -1.4
-0.6000001 -0.2 -0.9999999
-0.6000001 -0.6 -0.9999999
-0.6000001 -0.2 -0.5999999
-0.2 -0.2 -0.5999999
-0.2 0.2 -0.5999999
-0.6000001 0.2 -0.5999999
-0.2 0.2 -0.1999999
-0.2 -0.2 -0.1999999
0.2 -0.2 -0.1999999
0.2 0.2 -0.1999999
4 0 1 2 3 0.72 0.20 0.97
3 0 1 5 0.72 0.20 0.97
3 2 3 4 0.72 0.20 0.97
4 0 3 4 5 0.72 0.20 0.97
3 2 4 7  0.31 0.85 0.75
3 5 1 6  0.31 0.85 0.75
4 2 1 6 7  0.31 0.85 0.75
3 4 5 9  0.72 0.20 0.97
3 6 7 8  0.72 0.20 0.97
4 4 7 8 9  0.72 0.20 0.97
3 6 8 11  0.31 0.85 0.75
3 9 5 10  0.31 0.85 0.75
4 6 5 10 11  0.31 0.85 0.75
3 8 9 13  0.72 0.20 0.97
3 10 11 12  0.72 0.20 0.97
4 8 11 12 13  0.72 0.20 0.97
3 13 9 15  0.31 0.85 0.75
3 10 12 14  0.31 0.85 0.75
4 13 12 14 15  0.31 0.85 0.75
3 10 14 17  0.72 0.20 0.97
3 15 9 16  0.72 0.20 0.97
4 10 9 16 17  0.72 0.20 0.97
3 14 15 19  0.31 0.85 0.75
3 16 17 18  0.31 0.85 0.75
4 14 17 18 19  0.31 0.85 0.75
3 15 16 21  0.72 0.20 0.97
3 18 19 20  0.72 0.20 0.97
4 15 19 20 21  0.72 0.20 0.97
3 18 20 23  0.31 0.85 0.75
3 21 16 22  0.31 0.85 0.75
4 18 16 22 23  0.31 0.85 0.75
3 20 21 25  0.72 0.20 0.97
3 22 23 24  0.72 0.20 0.97
4 20 23 24 25  0.72 0.20 0.97
3 21 22 27  0.31 0.85 0.75
3 24 25 26  0.31 0.85 0.75
4 21 25 26 27  0.31 0.85 0.75
3 24 26 29  0.72 0.20 0.97
3 27 22 28  0.72 0.20 0.97
4 24 22 28 29  0.72 0.20 0.97
3 26 27 31  0.31 0.85 0.75
3 28 29 30  0.31 0.85 0.75
4 26 29 30 31  0.31 0.85 0.75
3 27 28 33  0.72 0.20 0.97
3 30 31 32  0.72 0.20 0.97
4 27 31 32 33  0.72 0.20 0.97
3 30 32 35  0.31 0.85 0.75
3 33 28 34  0.31 0.85 0.75
4 30 28 34 35  0.31 0.85 0.75
3 32 33 37  0.72 0.20 0.97
3 34 35 36  0.72 0.20 0.97
4 32 35 36 37  0.72 0.20 0.97
3 33 34 39  0.31 0.85 0.75
3 36 37 38  0.31 0.85 0.75
4 33 37 38 39  0.31 0.85 0.75
3 36 38 41  0.72 0.20 0.97
3 39 34 40  0.72 0.20 0.97
4 36 34 40 41  0.72 0.20 0.97
3 41 38 43  0.31 0.85 0.75
3 39 40 42  0.31 0.85 0.75
4 41 40 42 43  0.31 0.85 0.75
3 38 39 45  0.72 0.20 0.97
3 42 43 44  0.72 0.20 0.97
4 38 43 44 45  0.72 0.20 0.97
3 42 44 47  0.31 0.85 0.75
3 45 39 46  0.31 0.85 0.75
4 42 39 46 47  0.31 0.85 0.75
3 44 45 49  0.72 0.20 0.97
3 46 47 48  0.72 0.20 0.97
4 44 47 48 49  0.72 0.20 0.97
3 46 48 51  0.31 0.85 0.75
3 49 45 50  0.31 0.85 0.75
4 46 45 50 51  0.31 0.85 0.75
 
 
 
