OFF
52 73 124
-0.3 -0.3 -0.3
0.3 -0.3 -0.3
0.3 0.3 -0.3
-0.3 0.3 -0.3
0.3 0.3 0.3
0.3 -0.3 0.3
0.9 0.3 0.3
0.9 0.3 -0.3
0.9 0.9 0.3
0.3 0.9 0.3
0.3 0.3 0.9
0.3 0.9 0.9
-0.3 0.9 0.3
-0.3 0.9 0.9
-0.3 1.5 0.3
0.3 1.5 0.3
0.3 0.9 -0.3
0.3 1.5 -0.3
0.9 0.9 -0.3
0.9 0.9 0.3
0.9 0.3000001 -0.3
0.3 0.3000001 -0.3
0.3 0.9 -0.9
0.3 0.3 -0.9
-0.3 0.3000001 -0.3
-0.3 0.3 -0.9
0.3 -0.3 -0.9
-0.3 -0.3 -0.9
0.3 -0.3000001 -1.5
0.3 0.3 -1.5
0.9 -0.3000001 -1.5
0.9 -0.3 -0.9
0.9 -0.9000001 -1.5
0.3 -0.9000001 -1.5
0.3 -0.3000001 -2.1
0.3 -0.9000002 -2.1
-0.3 -0.9000001 -1.5
-0.3 -0.9000001 -2.1
-0.3 -1.5 -1.5
0.3 -1.5 -1.5
0.3 -0.9 -0.9000001
0.3 -1.5 -0.9000001
0.9 -0.9000001 -0.9000001
0.9 -0.9000001 -1.5
0.9 -0.3000002 -0.9000001
0.3 -0.3000001 -0.9000001
0.3 -0.9 -0.3000002
0.3 -0.3 -0.3000002
-0.3 -0.3 -0.9000001
-0.3 -0.2999998 -0.3000002
0.3 0.3000001 -0.3000002
-0.3 0.3000002 -0.3000002
4 0 1 2 3 0.72 0.20 0.97
3 0 1 5 0.72 0.20 0.97
3 2 3 4 0.72 0.20 0.97
4 0 3 4 5 0.72 0.20 0.97
3 1 2 7  0.31 0.85 0.75
3 4 5 6  0.31 0.85 0.75
4 1 5 6 7  0.31 0.85 0.75
3 2 4 9  0.72 0.20 0.97
3 6 7 8  0.72 0.20 0.97
4 2 7 8 9  0.72 0.20 0.97
3 8 9 11  0.31 0.85 0.75
3 4 6 10  0.31 0.85 0.75
4 8 6 10 11  0.31 0.85 0.75
3 10 11 13  0.72 0.20 0.97
3 9 4 12  0.72 0.20 0.97
4 10 4 12 13  0.72 0.20 0.97
3 11 9 15  0.31 0.85 0.75
3 12 13 14  0.31 0.85 0.75
4 11 13 14 15  0.31 0.85 0.75
3 14 15 17  0.72 0.20 0.97
3 9 12 16  0.72 0.20 0.97
4 14 12 16 17  0.72 0.20 0.97
3 15 9 19  0.31 0.85 0.75
3 16 17 18  0.31 0.85 0.75
4 15 17 18 19  0.31 0.85 0.75
3 9 16 21  0.72 0.20 0.97
3 18 19 20  0.72 0.20 0.97
4 9 19 20 21  0.72 0.20 0.97
3 20 21 23  0.31 0.85 0.75
3 16 18 22  0.31 0.85 0.75
4 20 18 22 23  0.31 0.85 0.75
3 22 23 25  0.72 0.20 0.97
3 21 16 24  0.72 0.20 0.97
4 22 16 24 25  0.72 0.20 0.97
3 24 25 27  0.31 0.85 0.75
3 23 21 26  0.31 0.85 0.75
4 24 21 26 27  0.31 0.85 0.75
3 25 23 29  0.72 0.20 0.97
3 26 27 28  0.72 0.20 0.97
4 25 27 28 29  0.72 0.20 0.97
3 23 26 31  0.31 0.85 0.75
3 28 29 30  0.31 0.85 0.75
4 23 29 30 31  0.31 0.85 0.75
3 26 28 33  0.72 0.20 0.97
3 30 31 32  0.72 0.20 0.97
4 26 31 32 33  0.72 0.20 0.97
3 32 33 35  0.31 0.85 0.75
3 28 30 34  0.31 0.85 0.75
4 32 30 34 35  0.31 0.85 0.75
3 34 35 37  0.72 0.20 0.97
3 33 28 36  0.72 0.20 0.97
4 34 28 36 37  0.72 0.20 0.97
3 35 33 39  0.31 0.85 0.75
3 36 37 38  0.31 0.85 0.75
4 35 37 38 39  0.31 0.85 0.75
3 38 39 41  0.72 0.20 0.97
3 33 36 40  0.72 0.20 0.97
4 38 36 40 41  0.72 0.20 0.97
3 39 33 43  0.31 0.85 0.75
3 40 41 42  0.31 0.85 0.75
4 39 41 42 43  0.31 0.85 0.75
3 33 40 45  0.72 0.20 0.97
3 42 43 44  0.72 0.20 0.97
4 33 43 44 45  0.72 0.20 0.97
3 44 45 47  0.31 0.85 0.75
3 40 42 46  0.31 0.85 0.75
4 44 42 46 47  0.31 0.85 0.75
3 46 47 49  0.72 0.20 0.97
3 45 40 48  0.72 0.20 0.97
4 46 40 48 49  0.72 0.20 0.97
3 48 49 51  0.31 0.85 0.75
3 47 45 50  0.31 0.85 0.75
4 48 45 50 51  0.31 0.85 0.75
 
 
 
