OFF
52 73 124
-0.3 -0.3 -0.3
0.3 -0.3 -0.3
0.3 0.3 -0.3
-0.3 0.3 -0.3
0.3 0.3 0.3
0.3 -0.3 0.3
0.9 -0.3 -0.3
0.9 -0.3 0.3
0.3 -0.9 0.3
0.9 -0.9 0.3
0.9 -0.9 0.9
0.3 -0.9 0.9
0.9 -1.5 0.9
0.9 -1.5 0.3
1.5 -0.9 0.3
1.5 -1.5 0.3
0.9 -0.9 -0.3
0.9 -1.5 -0.3
0.3000001 -0.9 -0.3
0.3000001 -0.9 0.3
0.3 -0.3000001 -0.3
0.9 -0.3000001 -0.3
0.3000001 -0.9 -0.9
0.9 -0.9 -0.9
0.3000001 -1.5 -0.9
0.3000001 -1.5 -0.3
-0.2999999 -0.9 -0.3
-0.2999998 -1.5 -0.3
0.3000001 -0.9 0.3
0.3000001 -1.5 0.3
0.9000001 -1.5 -0.3
0.9000001 -1.5 0.3
0.9000002 -2.1 -0.3
0.3000002 -2.1 -0.3
0.9000001 -1.5 -0.9
0.3000001 -1.5 -0.9
0.9 -0.9000001 -0.9
0.9 -0.9000001 -0.3
1.5 -0.9000001 -0.9
1.5 -1.5 -0.9
0.9 -0.9000001 -1.5
0.9000001 -1.5 -1.5
0.3 -0.9000001 -1.5
0.3 -0.9000001 -0.9
0.8999999 -0.3000002 -0.9
0.2999998 -0.3000002 -0.9
0.2999998 -0.3000002 -0.3000001
0.8999999 -0.3000002 -0.3000001
0.2999997 0.2999997 -0.3000001
0.2999997 0.2999997 -0.9
-0.3000003 0.2999997 -0.3000001
-0.3000002 -0.3000002 -0.3000001
4 0 1 2 3 0.72 0.20 0.97
3 0 1 5 0.72 0.20 0.97
3 2 3 4 0.72 0.20 0.97
4 0 3 4 5 0.72 0.20 0.97
3 4 5 7  0.31 0.85 0.75
3 1 2 6  0.31 0.85 0.75
4 4 2 6 7  0.31 0.85 0.75
3 6 7 9  0.72 0.20 0.97
3 5 1 8  0.72 0.20 0.97
4 6 1 8 9  0.72 0.20 0.97
3 5 8 11  0.31 0.85 0.75
3 9 7 10  0.31 0.85 0.75
4 5 7 10 11  0.31 0.85 0.75
3 8 9 13  0.72 0.20 0.97
3 10 11 12  0.72 0.20 0.97
4 8 11 12 13  0.72 0.20 0.97
3 12 13 15  0.31 0.85 0.75
3 9 10 14  0.31 0.85 0.75
4 12 10 14 15  0.31 0.85 0.75
3 15 13 17  0.72 0.20 0.97
3 9 14 16  0.72 0.20 0.97
4 15 14 16 17  0.72 0.20 0.97
3 13 9 19  0.31 0.85 0.75
3 16 17 18  0.31 0.85 0.75
4 13 17 18 19  0.31 0.85 0.75
3 9 16 21  0.72 0.20 0.97
3 18 19 20  0.72 0.20 0.97
4 9 19 20 21  0.72 0.20 0.97
3 21 16 23  0.31 0.85 0.75
3 18 20 22  0.31 0.85 0.75
4 21 20 22 23  0.31 0.85 0.75
3 16 18 25  0.72 0.20 0.97
3 22 23 24  0.72 0.20 0.97
4 16 23 24 25  0.72 0.20 0.97
3 24 25 27  0.31 0.85 0.75
3 18 22 26  0.31 0.85 0.75
4 24 22 26 27  0.31 0.85 0.75
3 27 25 29  0.72 0.20 0.97
3 18 26 28  0.72 0.20 0.97
4 27 26 28 29  0.72 0.20 0.97
3 28 29 31  0.31 0.85 0.75
3 25 18 30  0.31 0.85 0.75
4 28 18 30 31  0.31 0.85 0.75
3 29 25 33  0.72 0.20 0.97
3 30 31 32  0.72 0.20 0.97
4 29 31 32 33  0.72 0.20 0.97
3 33 25 35  0.31 0.85 0.75
3 30 32 34  0.31 0.85 0.75
4 33 32 34 35  0.31 0.85 0.75
3 25 30 37  0.72 0.20 0.97
3 34 35 36  0.72 0.20 0.97
4 25 35 36 37  0.72 0.20 0.97
3 30 34 39  0.31 0.85 0.75
3 36 37 38  0.31 0.85 0.75
4 30 37 38 39  0.31 0.85 0.75
3 39 34 41  0.72 0.20 0.97
3 36 38 40  0.72 0.20 0.97
4 39 38 40 41  0.72 0.20 0.97
3 34 36 43  0.31 0.85 0.75
3 40 41 42  0.31 0.85 0.75
4 34 41 42 43  0.31 0.85 0.75
3 42 43 45  0.72 0.20 0.97
3 36 40 44  0.72 0.20 0.97
4 42 40 44 45  0.72 0.20 0.97
3 36 44 47  0.31 0.85 0.75
3 45 43 46  0.31 0.85 0.75
4 36 43 46 47  0.31 0.85 0.75
3 44 45 49  0.72 0.20 0.97
3 46 47 48  0.72 0.20 0.97
4 44 47 48 49  0.72 0.20 0.97
3 45 46 51  0.31 0.85 0.75
3 48 49 50  0.31 0.85 0.75
4 45 49 50 51  0.31 0.85 0.75
 
 
 
