OFF
52 73 124
-0.4 -0.4 -0.4
0.4 -0.4 -0.4
0.4 0.4 -0.4
-0.4 0.4 -0.4
0.4 0.4 0.4
0.4 -0.4 0.4
1.2 0.4 0.4
1.2 0.4 -0.4
0.4 1.2 -0.4
1.2 1.2 -0.4
0.4 1.2 -1.2
0.4 0.4 -1.2
-0.4 0.4 -0.4
-0.4 0.4 -1.2
0.4 -0.4 -1.2
-0.4 -0.4 -1.2
-0.4 0.4 -2
-0.4 -0.4 -2
-1.2 0.4 -2
-1.2 0.4 -1.2
-0.4 1.2 -1.2
-1.2 1.2 -1.2
-0.4 1.2 -0.4000001
-0.4 0.4 -0.4000001
0.4 1.2 -0.4000001
0.4 1.2 -1.2
0.4 2 -0.4000001
-0.4 2 -0.4000001
-0.4 1.2 0.3999999
-0.4 2 0.3999999
-1.2 1.2 0.3999999
-1.2 1.2 -0.4000001
-0.4 0.4000001 -0.4000001
-1.2 0.4000001 -0.4000001
-1.2 1.2 -1.2
-1.2 0.4000001 -1.2
-2 0.4000001 -0.4000001
-2 0.4000001 -1.2
-1.2 -0.3999999 -1.2
-2 -0.3999999 -1.2
-1.2 -0.3999999 -2
-1.2 0.4000001 -2
-0.4000001 -0.3999999 -2
-0.4000001 -0.3999999 -1.2
-1.2 -1.2 -1.2
-0.4000001 -1.2 -1.2
-0.4000001 -0.3999999 -0.4000001
-0.4000001 -1.2 -0.4000001
0.3999999 -0.3999999 -0.4000001
0.3999999 -0.3999999 -1.2
0.3999999 0.4000001 -0.4000001
-0.4000001 0.4000001 -0.4000001
4 0 1 2 3 0.72 0.20 0.97
3 0 1 5 0.72 0.20 0.97
3 2 3 4 0.72 0.20 0.97
4 0 3 4 5 0.72 0.20 0.97
3 1 2 7  0.31 0.85 0.75
3 4 5 6  0.31 0.85 0.75
4 1 5 6 7  0.31 0.85 0.75
3 6 7 9  0.72 0.20 0.97
3 2 4 8  0.72 0.20 0.97
4 6 4 8 9  0.72 0.20 0.97
3 7 2 11  0.31 0.85 0.75
3 8 9 10  0.31 0.85 0.75
4 7 9 10 11  0.31 0.85 0.75
3 10 11 13  0.72 0.20 0.97
3 2 8 12  0.72 0.20 0.97
4 10 8 12 13  0.72 0.20 0.97
3 12 13 15  0.31 0.85 0.75
3 11 2 14  0.31 0.85 0.75
4 12 2 14 15  0.31 0.85 0.75
3 14 15 17  0.72 0.20 0.97
3 13 11 16  0.72 0.20 0.97
4 14 11 16 17  0.72 0.20 0.97
3 15 13 19  0.31 0.85 0.75
3 16 17 18  0.31 0.85 0.75
4 15 17 18 19  0.31 0.85 0.75
3 18 19 21  0.72 0.20 0.97
3 13 16 20  0.72 0.20 0.97
4 18 16 20 21  0.72 0.20 0.97
3 19 13 23  0.31 0.85 0.75
3 20 21 22  0.31 0.85 0.75
4 19 21 22 23  0.31 0.85 0.75
3 13 20 25  0.72 0.20 0.97
3 22 23 24  0.72 0.20 0.97
4 13 23 24 25  0.72 0.20 0.97
3 20 22 27  0.31 0.85 0.75
3 24 25 26  0.31 0.85 0.75
4 20 25 26 27  0.31 0.85 0.75
3 26 27 29  0.72 0.20 0.97
3 22 24 28  0.72 0.20 0.97
4 26 24 28 29  0.72 0.20 0.97
3 27 22 31  0.31 0.85 0.75
3 28 29 30  0.31 0.85 0.75
4 27 29 30 31  0.31 0.85 0.75
3 30 31 33  0.72 0.20 0.97
3 22 28 32  0.72 0.20 0.97
4 30 28 32 33  0.72 0.20 0.97
3 32 33 35  0.31 0.85 0.75
3 31 22 34  0.31 0.85 0.75
4 32 22 34 35  0.31 0.85 0.75
3 34 35 37  0.72 0.20 0.97
3 33 31 36  0.72 0.20 0.97
4 34 31 36 37  0.72 0.20 0.97
3 36 37 39  0.31 0.85 0.75
3 35 33 38  0.31 0.85 0.75
4 36 33 38 39  0.31 0.85 0.75
3 37 35 41  0.72 0.20 0.97
3 38 39 40  0.72 0.20 0.97
4 37 39 40 41  0.72 0.20 0.97
3 35 38 43  0.31 0.85 0.75
3 40 41 42  0.31 0.85 0.75
4 35 41 42 43  0.31 0.85 0.75
3 42 43 45  0.72 0.20 0.97
3 38 40 44  0.72 0.20 0.97
4 42 40 44 45  0.72 0.20 0.97
3 44 45 47  0.31 0.85 0.75
3 43 38 46  0.31 0.85 0.75
4 44 38 46 47  0.31 0.85 0.75
3 45 43 49  0.72 0.20 0.97
3 46 47 48  0.72 0.20 0.97
4 45 47 48 49  0.72 0.20 0.97
3 43 46 51  0.31 0.85 0.75
3 48 49 50  0.31 0.85 0.75
4 43 49 50 51  0.31 0.85 0.75
 
 
 
