OFF
52 73 124
-0.3 -0.3 -0.3
0.3 -0.3 -0.3
0.3 0.3 -0.3
-0.3 0.3 -0.3
0.3 0.3 0.3
0.3 -0.3 0.3
0.9 -0.3 -0.3
0.9 -0.3 0.3
0.3 -0.9 -0.3
0.3 -0.9 0.3
-0.3 -0.9 -0.3
-0.3 -0.3 -0.3
0.3 -0.9 -0.9
0.3 -0.3 -0.9
0.9 -0.3 -0.3
0.9 -0.3 -0.9
0.3 0.3 -0.3
0.3 0.3 -0.9
-0.3 -0.3 -0.9
-0.3 0.3 -0.9
-0.3 -0.3 -1.5
0.3 -0.3 -1.5
-0.3 -0.9 -0.9
0.3 -0.9 -0.9
-0.3 -0.9 -0.3000001
-0.3 -0.3 -0.3000001
-0.9 -0.9 -0.9
-0.9 -0.3 -0.9
-0.3 -0.3 -1.5
-0.9 -0.3 -1.5
-0.3 0.3 -0.9
-0.9 0.3 -0.9
-0.9 -0.3 -0.3000001
-0.9 0.3 -0.3000001
-1.5 -0.3 -0.3000001
-1.5 -0.3 -0.9
-0.9 -0.9 -0.3000001
-0.9 -0.9 -0.9
-0.3000001 -0.9 -0.3000001
-0.3000001 -0.3 -0.3000001
-0.9 -0.9 0.2999999
-0.9 -0.3 0.2999999
-1.5 -0.3 -0.3000001
-1.5 -0.3 0.2999999
-0.9 0.3 -0.3000001
-0.9 0.3 0.2999999
-0.3000001 0.3 -0.3000001
-0.3000001 -0.3 -0.3000001
-0.3 -0.3 -0.9
-0.3 0.3 -0.9
0.2999999 -0.3 -0.3000001
0.2999999 0.3 -0.3000001
4 0 1 2 3 0.72 0.20 0.97
3 0 1 5 0.72 0.20 0.97
3 2 3 4 0.72 0.20 0.97
4 0 3 4 5 0.72 0.20 0.97
3 4 5 7  0.31 0.85 0.75
3 1 2 6  0.31 0.85 0.75
4 4 2 6 7  0.31 0.85 0.75
3 7 5 9  0.72 0.20 0.97
3 1 6 8  0.72 0.20 0.97
4 7 6 8 9  0.72 0.20 0.97
3 5 1 11  0.31 0.85 0.75
3 8 9 10  0.31 0.85 0.75
4 5 9 10 11  0.31 0.85 0.75
3 11 1 13  0.72 0.20 0.97
3 8 10 12  0.72 0.20 0.97
4 11 10 12 13  0.72 0.20 0.97
3 12 13 15  0.31 0.85 0.75
3 1 8 14  0.31 0.85 0.75
4 12 8 14 15  0.31 0.85 0.75
3 15 13 17  0.72 0.20 0.97
3 1 14 16  0.72 0.20 0.97
4 15 14 16 17  0.72 0.20 0.97
3 16 17 19  0.31 0.85 0.75
3 13 1 18  0.31 0.85 0.75
4 16 1 18 19  0.31 0.85 0.75
3 17 13 21  0.72 0.20 0.97
3 18 19 20  0.72 0.20 0.97
4 17 19 20 21  0.72 0.20 0.97
3 21 13 23  0.31 0.85 0.75
3 18 20 22  0.31 0.85 0.75
4 21 20 22 23  0.31 0.85 0.75
3 13 18 25  0.72 0.20 0.97
3 22 23 24  0.72 0.20 0.97
4 13 23 24 25  0.72 0.20 0.97
3 25 18 27  0.31 0.85 0.75
3 22 24 26  0.31 0.85 0.75
4 25 24 26 27  0.31 0.85 0.75
3 26 27 29  0.72 0.20 0.97
3 18 22 28  0.72 0.20 0.97
4 26 22 28 29  0.72 0.20 0.97
3 29 27 31  0.31 0.85 0.75
3 18 28 30  0.31 0.85 0.75
4 29 28 30 31  0.31 0.85 0.75
3 30 31 33  0.72 0.20 0.97
3 27 18 32  0.72 0.20 0.97
4 30 18 32 33  0.72 0.20 0.97
3 31 27 35  0.31 0.85 0.75
3 32 33 34  0.31 0.85 0.75
4 31 33 34 35  0.31 0.85 0.75
3 35 27 37  0.72 0.20 0.97
3 32 34 36  0.72 0.20 0.97
4 35 34 36 37  0.72 0.20 0.97
3 27 32 39  0.31 0.85 0.75
3 36 37 38  0.31 0.85 0.75
4 27 37 38 39  0.31 0.85 0.75
3 39 32 41  0.72 0.20 0.97
3 36 38 40  0.72 0.20 0.97
4 39 38 40 41  0.72 0.20 0.97
3 40 41 43  0.31 0.85 0.75
3 32 36 42  0.31 0.85 0.75
4 40 36 42 43  0.31 0.85 0.75
3 43 41 45  0.72 0.20 0.97
3 32 42 44  0.72 0.20 0.97
4 43 42 44 45  0.72 0.20 0.97
3 41 32 47  0.31 0.85 0.75
3 44 45 46  0.31 0.85 0.75
4 41 45 46 47  0.31 0.85 0.75
3 44 46 49  0.72 0.20 0.97
3 47 32 48  0.72 0.20 0.97
4 44 32 48 49  0.72 0.20 0.97
3 49 46 51  0.31 0.85 0.75
3 47 48 50  0.31 0.85 0.75
4 49 48 50 51  0.31 0.85 0.75
 
 
 
