OFF
52 73 124
-0.3 -0.3 -0.3
0.3 -0.3 -0.3
0.3 0.3 -0.3
-0.3 0.3 -0.3
0.3 0.3 0.3
0.3 -0.3 0.3
0.9 0.3 -0.3
0.9 -0.3 -0.3
0.3 -0.3 -0.9
0.9 -0.3 -0.9
0.9 -0.9 -0.9
0.3 -0.9 -0.9
0.9 -0.3 -1.5
0.3 -0.3 -1.5
0.9 0.3 -0.9
0.3 0.3 -0.9
0.3 0.3 -0.3
0.9 0.3 -0.3
0.3 0.9 -0.3
0.3 0.9 -0.9
-0.3 0.3 -0.3
-0.3 0.3 -0.9
0.3 -0.3 -0.9
-0.3 -0.3 -0.9
-0.3 -0.3 -1.5
0.3 -0.3 -1.5
0.3 -0.9 -1.5
-0.3 -0.9 -1.5
0.3 -0.3 -2.1
-0.3 -0.3 -2.1
0.3 0.3 -2.1
0.3 0.3 -1.5
0.9 -0.3 -2.1
0.9 -0.3 -1.5
0.3 -0.9 -1.5
0.9 -0.9 -1.5
0.9 -0.9 -0.9
0.3 -0.9 -0.9
0.3 -1.5 -0.9
0.9 -1.5 -0.9
0.3 -1.5 -0.3
0.3 -0.9 -0.3
-0.3 -1.5 -0.9
-0.3 -0.9 -0.9
0.3 -0.9 -1.5
-0.3 -0.9 -1.5
0.3 -0.3 -0.9
-0.3 -0.3 -0.9
-0.3 -0.3 -0.3
0.3 -0.3 -0.3
0.3 0.3 -0.3
-0.3 0.3 -0.3
4 0 1 2 3  0.72 0.20 0.97
3 0 1 5  0.72 0.20 0.97
3 2 3 4  0.72 0.20 0.97
4 0 3 4 5  0.72 0.20 0.97
3 5 1 7  0.31 0.85 0.75
3 2 4 6   0.31 0.85 0.75
4 5 4 6 7  0.31 0.85 0.75
3 6 7 9  0.72 0.20 0.97
3 1 2 8  0.72 0.20 0.97
4 6 2 8 9  0.72 0.20 0.97
3 1 8 11  0.31 0.85 0.75
3 9 7 10   0.31 0.85 0.75
4 1 7 10 11  0.31 0.85 0.75
3 11 8 13  0.72 0.20 0.97
3 9 10 12  0.72 0.20 0.97
4 11 10 12 13  0.72 0.20 0.97
3 13 8 15  0.31 0.85 0.75
3 9 12 14   0.31 0.85 0.75
4 13 12 14 15  0.31 0.85 0.75
3 9 14 17  0.72 0.20 0.97
3 15 8 16  0.72 0.20 0.97
4 9 8 16 17  0.72 0.20 0.97
3 14 15 19  0.31 0.85 0.75
3 16 17 18   0.31 0.85 0.75
4 14 17 18 19  0.31 0.85 0.75
3 19 15 21  0.72 0.20 0.97
3 16 18 20  0.72 0.20 0.97
4 19 18 20 21  0.72 0.20 0.97
3 20 21 23  0.31 0.85 0.75
3 15 16 22   0.31 0.85 0.75
4 20 16 22 23  0.31 0.85 0.75
3 15 22 25  0.72 0.20 0.97
3 23 21 24  0.72 0.20 0.97
4 15 21 24 25  0.72 0.20 0.97
3 23 24 27  0.31 0.85 0.75
3 25 22 26   0.31 0.85 0.75
4 23 22 26 27  0.31 0.85 0.75
3 27 24 29  0.72 0.20 0.97
3 25 26 28  0.72 0.20 0.97
4 27 26 28 29  0.72 0.20 0.97
3 24 25 31  0.31 0.85 0.75
3 28 29 30   0.31 0.85 0.75
4 24 29 30 31  0.31 0.85 0.75
3 31 25 33  0.72 0.20 0.97
3 28 30 32  0.72 0.20 0.97
4 31 30 32 33  0.72 0.20 0.97
3 32 33 35  0.31 0.85 0.75
3 25 28 34   0.31 0.85 0.75
4 32 28 34 35  0.31 0.85 0.75
3 25 34 37  0.72 0.20 0.97
3 35 33 36  0.72 0.20 0.97
4 25 33 36 37  0.72 0.20 0.97
3 35 36 39  0.31 0.85 0.75
3 37 34 38   0.31 0.85 0.75
4 35 34 38 39  0.31 0.85 0.75
3 36 37 41  0.72 0.20 0.97
3 38 39 40  0.72 0.20 0.97
4 36 39 40 41  0.72 0.20 0.97
3 41 37 43  0.31 0.85 0.75
3 38 40 42   0.31 0.85 0.75
4 41 40 42 43  0.31 0.85 0.75
3 42 43 45  0.72 0.20 0.97
3 37 38 44  0.72 0.20 0.97
4 42 38 44 45  0.72 0.20 0.97
3 45 43 47  0.31 0.85 0.75
3 37 44 46   0.31 0.85 0.75
4 45 44 46 47  0.31 0.85 0.75
3 37 46 49  0.72 0.20 0.97
3 47 43 48  0.72 0.20 0.97
4 37 43 48 49  0.72 0.20 0.97
3 47 48 51  0.31 0.85 0.75
3 49 46 50   0.31 0.85 0.75
4 47 46 50 51  0.31 0.85 0.75



