OFF
52 73 124
-0.3 -0.3 -0.3
0.3 -0.3 -0.3
0.3 0.3 -0.3
-0.3 0.3 -0.3
0.3 0.3 0.3
0.3 -0.3 0.3
0.9 -0.3 0.3
0.9 0.3 0.3
0.3 -0.3 0.9
0.3 0.3 0.9
-0.3 -0.3 0.3
-0.3 0.3 0.3
-0.3 0.3 -0.3
-0.3 -0.3 -0.3
-0.9 0.3 0.3
-0.9 -0.3 0.3
-0.3 0.3 0.9
-0.3 -0.3 0.9
0.3 -0.3 0.9
0.3 0.3 0.9
-0.3 -0.3 1.5
-0.3 0.3 1.5
-0.9 -0.3 1.5
-0.9 -0.3 0.9
-0.3 -0.9 1.5
-0.3 -0.9 0.9
0.3 -0.3 0.9
0.3 -0.9 0.9
-0.3 -0.3 0.3000001
-0.3 -0.9 0.3000001
-0.9 -0.9 0.3000001
-0.9 -0.3 0.3000001
-0.3 -0.9 -0.2999999
-0.3 -0.3 -0.2999999
0.3 -0.9 0.3000001
0.3 -0.3 0.3000001
0.3 -0.3 0.9
0.3 -0.9 0.9
0.9 -0.3 0.3000001
0.9 -0.9 0.3000001
0.3 -0.3 -0.2999999
0.3 -0.9 -0.2999999
-0.3 -0.9 -0.2999999
-0.3 -0.3 -0.2999999
0.3 -0.9 -0.8999999
0.3 -0.3 -0.8999999
0.9 -0.3 -0.2999999
0.9 -0.3 -0.8999999
0.3 0.3 -0.2999999
0.3 0.3 -0.8999999
-0.3 0.3 -0.2999999
-0.3 -0.3 -0.2999999
4 0 1 2 3 0.72 0.20 0.97
3 0 1 5 0.72 0.20 0.97
3 2 3 4 0.72 0.20 0.97
4 0 3 4 5 0.72 0.20 0.97
3 2 4 7  0.31 0.85 0.75
3 5 1 6  0.31 0.85 0.75
4 2 1 6 7  0.31 0.85 0.75
3 7 4 9  0.72 0.20 0.97
3 5 6 8  0.72 0.20 0.97
4 7 6 8 9  0.72 0.20 0.97
3 9 4 11  0.31 0.85 0.75
3 5 8 10  0.31 0.85 0.75
4 9 8 10 11  0.31 0.85 0.75
3 5 10 13  0.72 0.20 0.97
3 11 4 12  0.72 0.20 0.97
4 5 4 12 13  0.72 0.20 0.97
3 13 10 15  0.31 0.85 0.75
3 11 12 14  0.31 0.85 0.75
4 13 12 14 15  0.31 0.85 0.75
3 15 10 17  0.72 0.20 0.97
3 11 14 16  0.72 0.20 0.97
4 15 14 16 17  0.72 0.20 0.97
3 11 16 19  0.31 0.85 0.75
3 17 10 18  0.31 0.85 0.75
4 11 10 18 19  0.31 0.85 0.75
3 19 16 21  0.72 0.20 0.97
3 17 18 20  0.72 0.20 0.97
4 19 18 20 21  0.72 0.20 0.97
3 16 17 23  0.31 0.85 0.75
3 20 21 22  0.31 0.85 0.75
4 16 21 22 23  0.31 0.85 0.75
3 23 17 25  0.72 0.20 0.97
3 20 22 24  0.72 0.20 0.97
4 23 22 24 25  0.72 0.20 0.97
3 24 25 27  0.31 0.85 0.75
3 17 20 26  0.31 0.85 0.75
4 24 20 26 27  0.31 0.85 0.75
3 27 25 29  0.72 0.20 0.97
3 17 26 28  0.72 0.20 0.97
4 27 26 28 29  0.72 0.20 0.97
3 17 28 31  0.31 0.85 0.75
3 29 25 30  0.31 0.85 0.75
4 17 25 30 31  0.31 0.85 0.75
3 31 28 33  0.72 0.20 0.97
3 29 30 32  0.72 0.20 0.97
4 31 30 32 33  0.72 0.20 0.97
3 33 28 35  0.31 0.85 0.75
3 29 32 34  0.31 0.85 0.75
4 33 32 34 35  0.31 0.85 0.75
3 29 34 37  0.72 0.20 0.97
3 35 28 36  0.72 0.20 0.97
4 29 28 36 37  0.72 0.20 0.97
3 37 34 39  0.31 0.85 0.75
3 35 36 38  0.31 0.85 0.75
4 37 36 38 39  0.31 0.85 0.75
3 39 34 41  0.72 0.20 0.97
3 35 38 40  0.72 0.20 0.97
4 39 38 40 41  0.72 0.20 0.97
3 35 40 43  0.31 0.85 0.75
3 41 34 42  0.31 0.85 0.75
4 35 34 42 43  0.31 0.85 0.75
3 43 40 45  0.72 0.20 0.97
3 41 42 44  0.72 0.20 0.97
4 43 42 44 45  0.72 0.20 0.97
3 44 45 47  0.31 0.85 0.75
3 40 41 46  0.31 0.85 0.75
4 44 41 46 47  0.31 0.85 0.75
3 47 45 49  0.72 0.20 0.97
3 40 46 48  0.72 0.20 0.97
4 47 46 48 49  0.72 0.20 0.97
3 45 40 51  0.31 0.85 0.75
3 48 49 50  0.31 0.85 0.75
4 45 49 50 51  0.31 0.85 0.75
 
 
 
