OFF
52 73 124
-0.3 -0.3 -0.3
0.3 -0.3 -0.3
0.3 0.3 -0.3
-0.3 0.3 -0.3
0.3 0.3 0.3
0.3 -0.3 0.3
0.9 -0.3 -0.3
0.9 -0.3 0.3
0.3 -0.9 0.3
0.9 -0.9 0.3
0.9 -0.3 0.9
0.9 -0.9 0.9
1.5 -0.3 0.3
1.5 -0.9 0.3
1.5 -0.3 -0.3
0.9 -0.3 -0.3
0.9 0.3 0.3
0.9 0.3 -0.3
0.3000001 0.3 -0.3
0.3000001 0.3 0.3
0.9 0.9 0.3
0.3 0.9 0.3
0.9 0.9 0.9
0.9 0.3 0.9
1.5 0.9 0.3
1.5 0.3 0.3
0.9 0.3 -0.3
1.5 0.3 -0.3
1.5 -0.3 0.3
1.5 -0.3 -0.3
2.1 -0.3 -0.3
2.1 -0.3 0.3
2.1 -0.9 -0.3
1.5 -0.9 -0.3
2.1 -0.9 -0.9
2.1 -0.3 -0.9
2.7 -0.3 -0.3
2.7 -0.3 -0.9
2.7 0.3 -0.3
2.1 0.3 -0.3
2.1 -0.3 0.3
2.1 0.3 0.3
1.5 0.3 -0.3
1.5 0.3 0.3
1.5 0.9 -0.3
2.1 0.9 -0.3
2.1 0.3 -0.9
2.1 0.9 -0.9
2.7 0.3 -0.9
2.7 0.3 -0.3
2.7 -0.3 -0.9
2.1 -0.3 -0.9
4 0 1 2 3 0.72 0.20 0.97
3 0 1 5 0.72 0.20 0.97
3 2 3 4 0.72 0.20 0.97
4 0 3 4 5 0.72 0.20 0.97
3 4 5 7  0.31 0.85 0.75
3 1 2 6  0.31 0.85 0.75
4 4 2 6 7  0.31 0.85 0.75
3 6 7 9  0.72 0.20 0.97
3 5 1 8  0.72 0.20 0.97
4 6 1 8 9  0.72 0.20 0.97
3 8 9 11  0.31 0.85 0.75
3 7 5 10  0.31 0.85 0.75
4 8 5 10 11  0.31 0.85 0.75
3 11 9 13  0.72 0.20 0.97
3 7 10 12  0.72 0.20 0.97
4 11 10 12 13  0.72 0.20 0.97
3 9 7 15  0.31 0.85 0.75
3 12 13 14  0.31 0.85 0.75
4 9 13 14 15  0.31 0.85 0.75
3 14 15 17  0.72 0.20 0.97
3 7 12 16  0.72 0.20 0.97
4 14 12 16 17  0.72 0.20 0.97
3 7 16 19  0.31 0.85 0.75
3 17 15 18  0.31 0.85 0.75
4 7 15 18 19  0.31 0.85 0.75
3 18 19 21  0.72 0.20 0.97
3 16 17 20  0.72 0.20 0.97
4 18 17 20 21  0.72 0.20 0.97
3 19 16 23  0.31 0.85 0.75
3 20 21 22  0.31 0.85 0.75
4 19 21 22 23  0.31 0.85 0.75
3 23 16 25  0.72 0.20 0.97
3 20 22 24  0.72 0.20 0.97
4 23 22 24 25  0.72 0.20 0.97
3 24 25 27  0.31 0.85 0.75
3 16 20 26  0.31 0.85 0.75
4 24 20 26 27  0.31 0.85 0.75
3 26 27 29  0.72 0.20 0.97
3 25 16 28  0.72 0.20 0.97
4 26 16 28 29  0.72 0.20 0.97
3 25 28 31  0.31 0.85 0.75
3 29 27 30  0.31 0.85 0.75
4 25 27 30 31  0.31 0.85 0.75
3 28 29 33  0.72 0.20 0.97
3 30 31 32  0.72 0.20 0.97
4 28 31 32 33  0.72 0.20 0.97
3 29 30 35  0.31 0.85 0.75
3 32 33 34  0.31 0.85 0.75
4 29 33 34 35  0.31 0.85 0.75
3 34 35 37  0.72 0.20 0.97
3 30 32 36  0.72 0.20 0.97
4 34 32 36 37  0.72 0.20 0.97
3 35 30 39  0.31 0.85 0.75
3 36 37 38  0.31 0.85 0.75
4 35 37 38 39  0.31 0.85 0.75
3 38 39 41  0.72 0.20 0.97
3 30 36 40  0.72 0.20 0.97
4 38 36 40 41  0.72 0.20 0.97
3 40 41 43  0.31 0.85 0.75
3 39 30 42  0.31 0.85 0.75
4 40 30 42 43  0.31 0.85 0.75
3 41 39 45  0.72 0.20 0.97
3 42 43 44  0.72 0.20 0.97
4 41 43 44 45  0.72 0.20 0.97
3 44 45 47  0.31 0.85 0.75
3 39 42 46  0.31 0.85 0.75
4 44 42 46 47  0.31 0.85 0.75
3 45 39 49  0.72 0.20 0.97
3 46 47 48  0.72 0.20 0.97
4 45 47 48 49  0.72 0.20 0.97
3 39 46 51  0.31 0.85 0.75
3 48 49 50  0.31 0.85 0.75
4 39 49 50 51  0.31 0.85 0.75
 
 
 
