OFF
52 73 124
-0.3 -0.3 -0.3
0.3 -0.3 -0.3
0.3 0.3 -0.3
-0.3 0.3 -0.3
0.3 0.3 0.3
0.3 -0.3 0.3
0.9 0.3 0.3
0.9 0.3 -0.3
0.9 0.9 -0.3
0.9 0.9 0.3
1.5 0.9 0.3
1.5 0.9 -0.3
0.9 1.5 0.3
0.9 1.5 -0.3
0.3 0.9 -0.3
0.3 1.5 -0.3
0.3 1.5 -0.9
0.3 0.9 -0.9
-0.3 1.5 -0.3
-0.3 0.9 -0.3
0.3 1.5 0.3
0.3 0.9 0.3
0.9 0.9 0.3
0.9 1.5 0.3
0.9 0.9 0.9
0.3 0.9 0.9
0.3 0.3 0.3
0.3 0.3 0.9
-0.3 0.9 0.3
-0.3 0.9 0.9
-0.3 1.5 0.3
0.3 1.5 0.3
-0.3 1.5 -0.3
-0.3 0.9 -0.3
-0.9 0.9 0.3
-0.9 0.9 -0.3
-0.3 0.3 -0.3
-0.9 0.3 -0.3
-0.3 0.9 -0.9
-0.9 0.9 -0.9
-0.3 1.5 -0.9
-0.3 1.5 -0.3
0.3 1.5 -0.9
0.3 0.9 -0.9
-0.3 0.9 -1.5
0.3 0.9 -1.5
-0.3 0.3 -0.9
0.3 0.3 -0.9
0.3 0.3 -0.3
-0.3 0.3 -0.3
-0.3 -0.3 -0.3
0.3 -0.3 -0.3
4 0 1 2 3  0.72 0.20 0.97
3 0 1 5  0.72 0.20 0.97
3 2 3 4  0.72 0.20 0.97
4 0 3 4 5  0.72 0.20 0.97
3 1 2 7  0.31 0.85 0.75
3 4 5 6   0.31 0.85 0.75
4 1 5 6 7  0.31 0.85 0.75
3 4 6 9  0.72 0.20 0.97
3 7 2 8  0.72 0.20 0.97
4 4 2 8 9  0.72 0.20 0.97
3 7 8 11  0.31 0.85 0.75
3 9 6 10   0.31 0.85 0.75
4 7 6 10 11  0.31 0.85 0.75
3 11 8 13  0.72 0.20 0.97
3 9 10 12  0.72 0.20 0.97
4 11 10 12 13  0.72 0.20 0.97
3 12 13 15  0.31 0.85 0.75
3 8 9 14   0.31 0.85 0.75
4 12 9 14 15  0.31 0.85 0.75
3 8 14 17  0.72 0.20 0.97
3 15 13 16  0.72 0.20 0.97
4 8 13 16 17  0.72 0.20 0.97
3 17 14 19  0.31 0.85 0.75
3 15 16 18   0.31 0.85 0.75
4 17 16 18 19  0.31 0.85 0.75
3 19 14 21  0.72 0.20 0.97
3 15 18 20  0.72 0.20 0.97
4 19 18 20 21  0.72 0.20 0.97
3 15 20 23  0.31 0.85 0.75
3 21 14 22   0.31 0.85 0.75
4 15 14 22 23  0.31 0.85 0.75
3 20 21 25  0.72 0.20 0.97
3 22 23 24  0.72 0.20 0.97
4 20 23 24 25  0.72 0.20 0.97
3 24 25 27  0.31 0.85 0.75
3 21 22 26   0.31 0.85 0.75
4 24 22 26 27  0.31 0.85 0.75
3 27 25 29  0.72 0.20 0.97
3 21 26 28  0.72 0.20 0.97
4 27 26 28 29  0.72 0.20 0.97
3 25 21 31  0.31 0.85 0.75
3 28 29 30   0.31 0.85 0.75
4 25 29 30 31  0.31 0.85 0.75
3 21 28 33  0.72 0.20 0.97
3 30 31 32  0.72 0.20 0.97
4 21 31 32 33  0.72 0.20 0.97
3 32 33 35  0.31 0.85 0.75
3 28 30 34   0.31 0.85 0.75
4 32 30 34 35  0.31 0.85 0.75
3 34 35 37  0.72 0.20 0.97
3 33 28 36  0.72 0.20 0.97
4 34 28 36 37  0.72 0.20 0.97
3 37 35 39  0.31 0.85 0.75
3 33 36 38   0.31 0.85 0.75
4 37 36 38 39  0.31 0.85 0.75
3 35 33 41  0.72 0.20 0.97
3 38 39 40  0.72 0.20 0.97
4 35 39 40 41  0.72 0.20 0.97
3 33 38 43  0.31 0.85 0.75
3 40 41 42   0.31 0.85 0.75
4 33 41 42 43  0.31 0.85 0.75
3 42 43 45  0.72 0.20 0.97
3 38 40 44  0.72 0.20 0.97
4 42 40 44 45  0.72 0.20 0.97
3 45 43 47  0.31 0.85 0.75
3 38 44 46   0.31 0.85 0.75
4 45 44 46 47  0.31 0.85 0.75
3 38 46 49  0.72 0.20 0.97
3 47 43 48  0.72 0.20 0.97
4 38 43 48 49  0.72 0.20 0.97
3 47 48 51  0.31 0.85 0.75
3 49 46 50   0.31 0.85 0.75
4 47 46 50 51  0.31 0.85 0.75



