OFF
52 73 124
-0.2 -0.2 -0.2
0.2 -0.2 -0.2
0.2 0.2 -0.2
-0.2 0.2 -0.2
0.2 0.2 0.2
0.2 -0.2 0.2
0.6 0.2 -0.2
0.6 -0.2 -0.2
0.6 -0.2 -0.6
0.6 0.2 -0.6
1 0.2 -0.6
1 -0.2 -0.6
0.6 0.2 -1
0.6 -0.2 -1
0.2 -0.2 -0.6
0.2 -0.2 -1
0.6 -0.6 -1
0.2 -0.6 -1
0.6 -0.2 -1.4
0.2 -0.2 -1.4
0.6 0.2 -1.4
0.6 0.2 -1
1 0.2 -1.4
1 -0.2 -1.4
0.6 0.2 -1.8
0.6 -0.2 -1.8
0.2 -0.2 -1.8
0.2 0.2 -1.8
0.2 0.2 -2.2
0.2 -0.2 -2.2
-0.2 0.2 -1.8
-0.2 -0.2 -1.8
-0.2 -0.2 -1.4
-0.2 0.2 -1.4
-0.6 0.2 -1.4
-0.6 -0.2 -1.4
-0.2 0.2 -1
-0.2 -0.2 -1
0.2 -0.2 -1.4
0.2 -0.2 -1
-0.2 -0.6 -1
0.2 -0.6 -1
-0.2 -0.2 -0.6
0.2 -0.2 -0.6
-0.2 0.2 -0.6
-0.2 0.2 -1
-0.6 0.2 -0.6
-0.6 -0.2 -0.6
-0.2 0.2 -0.2
-0.2 -0.2 -0.2
0.2 -0.2 -0.2
0.2 0.2 -0.2
4 0 1 2 3  0.72 0.20 0.97
3 0 1 5  0.72 0.20 0.97
3 2 3 4  0.72 0.20 0.97
4 0 3 4 5  0.72 0.20 0.97
3 5 1 7  0.31 0.85 0.75
3 2 4 6   0.31 0.85 0.75
4 5 4 6 7  0.31 0.85 0.75
3 2 6 9  0.72 0.20 0.97
3 7 1 8  0.72 0.20 0.97
4 2 1 8 9  0.72 0.20 0.97
3 7 8 11  0.31 0.85 0.75
3 9 6 10   0.31 0.85 0.75
4 7 6 10 11  0.31 0.85 0.75
3 11 8 13  0.72 0.20 0.97
3 9 10 12  0.72 0.20 0.97
4 11 10 12 13  0.72 0.20 0.97
3 12 13 15  0.31 0.85 0.75
3 8 9 14   0.31 0.85 0.75
4 12 9 14 15  0.31 0.85 0.75
3 14 15 17  0.72 0.20 0.97
3 13 8 16  0.72 0.20 0.97
4 14 8 16 17  0.72 0.20 0.97
3 17 15 19  0.31 0.85 0.75
3 13 16 18   0.31 0.85 0.75
4 17 16 18 19  0.31 0.85 0.75
3 15 13 21  0.72 0.20 0.97
3 18 19 20  0.72 0.20 0.97
4 15 19 20 21  0.72 0.20 0.97
3 13 18 23  0.31 0.85 0.75
3 20 21 22   0.31 0.85 0.75
4 13 21 22 23  0.31 0.85 0.75
3 23 18 25  0.72 0.20 0.97
3 20 22 24  0.72 0.20 0.97
4 23 22 24 25  0.72 0.20 0.97
3 20 24 27  0.31 0.85 0.75
3 25 18 26   0.31 0.85 0.75
4 20 18 26 27  0.31 0.85 0.75
3 25 26 29  0.72 0.20 0.97
3 27 24 28  0.72 0.20 0.97
4 25 24 28 29  0.72 0.20 0.97
3 29 26 31  0.31 0.85 0.75
3 27 28 30   0.31 0.85 0.75
4 29 28 30 31  0.31 0.85 0.75
3 27 30 33  0.72 0.20 0.97
3 31 26 32  0.72 0.20 0.97
4 27 26 32 33  0.72 0.20 0.97
3 31 32 35  0.31 0.85 0.75
3 33 30 34   0.31 0.85 0.75
4 31 30 34 35  0.31 0.85 0.75
3 35 32 37  0.72 0.20 0.97
3 33 34 36  0.72 0.20 0.97
4 35 34 36 37  0.72 0.20 0.97
3 36 37 39  0.31 0.85 0.75
3 32 33 38   0.31 0.85 0.75
4 36 33 38 39  0.31 0.85 0.75
3 38 39 41  0.72 0.20 0.97
3 37 32 40  0.72 0.20 0.97
4 38 32 40 41  0.72 0.20 0.97
3 41 39 43  0.31 0.85 0.75
3 37 40 42   0.31 0.85 0.75
4 41 40 42 43  0.31 0.85 0.75
3 39 37 45  0.72 0.20 0.97
3 42 43 44  0.72 0.20 0.97
4 39 43 44 45  0.72 0.20 0.97
3 37 42 47  0.31 0.85 0.75
3 44 45 46   0.31 0.85 0.75
4 37 45 46 47  0.31 0.85 0.75
3 47 42 49  0.72 0.20 0.97
3 44 46 48  0.72 0.20 0.97
4 47 46 48 49  0.72 0.20 0.97
3 44 48 51  0.31 0.85 0.75
3 49 42 50   0.31 0.85 0.75
4 44 42 50 51  0.31 0.85 0.75



