OFF
52 73 124
-0.4 -0.4 -0.4
0.4 -0.4 -0.4
0.4 0.4 -0.4
-0.4 0.4 -0.4
0.4 0.4 0.4
0.4 -0.4 0.4
1.2 -0.4 -0.4
1.2 -0.4 0.4
0.4 -1.2 0.4
1.2 -1.2 0.4
0.4 -1.2 1.2
0.4 -0.4 1.2
-0.4 -0.4 0.4
-0.4 -0.4 1.2
-0.4 0.4 1.2
-0.4 0.4 0.4
-1.2 0.4 0.4
-1.2 0.4 1.2
-0.4 1.2 0.4
-0.4 1.2 1.2
0.4 0.4 0.4
0.4 0.4 1.2
0.4 -0.4 1.2
0.4 -0.4 0.4
1.2 0.4 1.2
1.2 0.4 0.4
0.4 1.2 1.2
0.4 1.2 0.4
-0.4000001 1.2 0.4
-0.4000001 1.2 1.2
0.4 2 0.4
0.4 2 1.2
1.2 1.2 0.4
1.2 1.2 1.2
1.2 0.4000001 1.2
1.2 0.4000001 0.4
2 0.4000001 0.4
2 0.4000001 1.2
2 -0.3999999 0.4
1.2 -0.3999999 0.4
1.2 0.4000001 -0.4
1.2 -0.3999999 -0.4
0.4000001 0.4000001 -0.4
0.4000001 0.4000001 0.4
0.4000001 1.2 -0.4
1.2 1.2 -0.4
0.4000001 1.2 -1.2
0.4000001 0.4000001 -1.2
-0.3999999 0.4000001 -0.4
-0.3999999 0.4000001 -1.2
-0.3999999 -0.3999999 -0.4
0.4000001 -0.3999999 -0.4
4 0 1 2 3 0.72 0.20 0.97
3 0 1 5 0.72 0.20 0.97
3 2 3 4 0.72 0.20 0.97
4 0 3 4 5 0.72 0.20 0.97
3 4 5 7  0.31 0.85 0.75
3 1 2 6  0.31 0.85 0.75
4 4 2 6 7  0.31 0.85 0.75
3 6 7 9  0.72 0.20 0.97
3 5 1 8  0.72 0.20 0.97
4 6 1 8 9  0.72 0.20 0.97
3 7 5 11  0.31 0.85 0.75
3 8 9 10  0.31 0.85 0.75
4 7 9 10 11  0.31 0.85 0.75
3 10 11 13  0.72 0.20 0.97
3 5 8 12  0.72 0.20 0.97
4 10 8 12 13  0.72 0.20 0.97
3 5 12 15  0.31 0.85 0.75
3 13 11 14  0.31 0.85 0.75
4 5 11 14 15  0.31 0.85 0.75
3 13 14 17  0.72 0.20 0.97
3 15 12 16  0.72 0.20 0.97
4 13 12 16 17  0.72 0.20 0.97
3 17 14 19  0.31 0.85 0.75
3 15 16 18  0.31 0.85 0.75
4 17 16 18 19  0.31 0.85 0.75
3 19 14 21  0.72 0.20 0.97
3 15 18 20  0.72 0.20 0.97
4 19 18 20 21  0.72 0.20 0.97
3 15 20 23  0.31 0.85 0.75
3 21 14 22  0.31 0.85 0.75
4 15 14 22 23  0.31 0.85 0.75
3 23 20 25  0.72 0.20 0.97
3 21 22 24  0.72 0.20 0.97
4 23 22 24 25  0.72 0.20 0.97
3 25 20 27  0.31 0.85 0.75
3 21 24 26  0.31 0.85 0.75
4 25 24 26 27  0.31 0.85 0.75
3 21 26 29  0.72 0.20 0.97
3 27 20 28  0.72 0.20 0.97
4 21 20 28 29  0.72 0.20 0.97
3 29 26 31  0.31 0.85 0.75
3 27 28 30  0.31 0.85 0.75
4 29 28 30 31  0.31 0.85 0.75
3 31 26 33  0.72 0.20 0.97
3 27 30 32  0.72 0.20 0.97
4 31 30 32 33  0.72 0.20 0.97
3 27 32 35  0.31 0.85 0.75
3 33 26 34  0.31 0.85 0.75
4 27 26 34 35  0.31 0.85 0.75
3 33 34 37  0.72 0.20 0.97
3 35 32 36  0.72 0.20 0.97
4 33 32 36 37  0.72 0.20 0.97
3 34 35 39  0.31 0.85 0.75
3 36 37 38  0.31 0.85 0.75
4 34 37 38 39  0.31 0.85 0.75
3 38 39 41  0.72 0.20 0.97
3 35 36 40  0.72 0.20 0.97
4 38 36 40 41  0.72 0.20 0.97
3 39 35 43  0.31 0.85 0.75
3 40 41 42  0.31 0.85 0.75
4 39 41 42 43  0.31 0.85 0.75
3 35 40 45  0.72 0.20 0.97
3 42 43 44  0.72 0.20 0.97
4 35 43 44 45  0.72 0.20 0.97
3 40 42 47  0.31 0.85 0.75
3 44 45 46  0.31 0.85 0.75
4 40 45 46 47  0.31 0.85 0.75
3 46 47 49  0.72 0.20 0.97
3 42 44 48  0.72 0.20 0.97
4 46 44 48 49  0.72 0.20 0.97
3 47 42 51  0.31 0.85 0.75
3 48 49 50  0.31 0.85 0.75
4 47 49 50 51  0.31 0.85 0.75
 
 
 
