OFF
52 73 124
-0.3 -0.3 -0.3
0.3 -0.3 -0.3
0.3 0.3 -0.3
-0.3 0.3 -0.3
0.3 0.3 0.3
0.3 -0.3 0.3
0.9 0.3 0.3
0.9 0.3 -0.3
0.9 0.9 0.3
0.3 0.9 0.3
0.9 0.9 0.9
0.9 0.3 0.9
1.5 0.9 0.3
1.5 0.3 0.3
0.9 0.3 -0.3
1.5 0.3 -0.3
0.9 -0.3 0.3
1.5 -0.3 0.3
1.5 0.3 0.9
1.5 -0.3 0.9
2.1 0.3 0.3
2.1 -0.3 0.3
2.1 0.3 -0.3
1.5 0.3 -0.3
2.1 0.9 -0.3
2.1 0.9 0.3
2.7 0.9 -0.3
2.7 0.3 -0.3
2.1 0.9 -0.9
2.1 0.3 -0.9
1.5 0.3 -0.3
1.5 0.3 -0.9
2.1 -0.3 -0.9
1.5 -0.3 -0.9
1.5 0.3 -1.5
1.5 -0.3 -1.5
0.9 0.3 -0.9
0.9 -0.3 -0.9
0.9 0.3 -0.3
1.5 0.3 -0.3
0.9 0.9 -0.9
1.5 0.9 -0.9
0.9 0.9 -1.5
0.9 0.3 -1.5
0.3 0.9 -0.9
0.3 0.3 -0.9
0.9 0.3 -0.3
0.3 0.3 -0.3
0.3 -0.3 -0.9
0.3 -0.3 -0.3
-0.3 0.3 -0.3
-0.3 -0.3 -0.3
4 0 1 2 3  0.72 0.20 0.97
3 0 1 5  0.72 0.20 0.97
3 2 3 4  0.72 0.20 0.97
4 0 3 4 5  0.72 0.20 0.97
3 1 2 7  0.31 0.85 0.75
3 4 5 6   0.31 0.85 0.75
4 1 5 6 7  0.31 0.85 0.75
3 2 4 9  0.72 0.20 0.97
3 6 7 8  0.72 0.20 0.97
4 2 7 8 9  0.72 0.20 0.97
3 4 6 11  0.31 0.85 0.75
3 8 9 10   0.31 0.85 0.75
4 4 9 10 11  0.31 0.85 0.75
3 11 6 13  0.72 0.20 0.97
3 8 10 12  0.72 0.20 0.97
4 11 10 12 13  0.72 0.20 0.97
3 12 13 15  0.31 0.85 0.75
3 6 8 14   0.31 0.85 0.75
4 12 8 14 15  0.31 0.85 0.75
3 15 13 17  0.72 0.20 0.97
3 6 14 16  0.72 0.20 0.97
4 15 14 16 17  0.72 0.20 0.97
3 16 17 19  0.31 0.85 0.75
3 13 6 18   0.31 0.85 0.75
4 16 6 18 19  0.31 0.85 0.75
3 19 17 21  0.72 0.20 0.97
3 13 18 20  0.72 0.20 0.97
4 19 18 20 21  0.72 0.20 0.97
3 17 13 23  0.31 0.85 0.75
3 20 21 22   0.31 0.85 0.75
4 17 21 22 23  0.31 0.85 0.75
3 13 20 25  0.72 0.20 0.97
3 22 23 24  0.72 0.20 0.97
4 13 23 24 25  0.72 0.20 0.97
3 20 22 27  0.31 0.85 0.75
3 24 25 26   0.31 0.85 0.75
4 20 25 26 27  0.31 0.85 0.75
3 27 22 29  0.72 0.20 0.97
3 24 26 28  0.72 0.20 0.97
4 27 26 28 29  0.72 0.20 0.97
3 28 29 31  0.31 0.85 0.75
3 22 24 30   0.31 0.85 0.75
4 28 24 30 31  0.31 0.85 0.75
3 30 31 33  0.72 0.20 0.97
3 29 22 32  0.72 0.20 0.97
4 30 22 32 33  0.72 0.20 0.97
3 32 33 35  0.31 0.85 0.75
3 31 29 34   0.31 0.85 0.75
4 32 29 34 35  0.31 0.85 0.75
3 35 33 37  0.72 0.20 0.97
3 31 34 36  0.72 0.20 0.97
4 35 34 36 37  0.72 0.20 0.97
3 33 31 39  0.31 0.85 0.75
3 36 37 38   0.31 0.85 0.75
4 33 37 38 39  0.31 0.85 0.75
3 39 31 41  0.72 0.20 0.97
3 36 38 40  0.72 0.20 0.97
4 39 38 40 41  0.72 0.20 0.97
3 31 36 43  0.31 0.85 0.75
3 40 41 42   0.31 0.85 0.75
4 31 41 42 43  0.31 0.85 0.75
3 43 36 45  0.72 0.20 0.97
3 40 42 44  0.72 0.20 0.97
4 43 42 44 45  0.72 0.20 0.97
3 44 45 47  0.31 0.85 0.75
3 36 40 46   0.31 0.85 0.75
4 44 40 46 47  0.31 0.85 0.75
3 46 47 49  0.72 0.20 0.97
3 45 36 48  0.72 0.20 0.97
4 46 36 48 49  0.72 0.20 0.97
3 48 49 51  0.31 0.85 0.75
3 47 45 50   0.31 0.85 0.75
4 48 45 50 51  0.31 0.85 0.75



