OFF
52 73 124
-0.4 -0.4 -0.4
0.4 -0.4 -0.4
0.4 0.4 -0.4
-0.4 0.4 -0.4
0.4 0.4 0.4
0.4 -0.4 0.4
1.2 -0.4 0.4
1.2 0.4 0.4
1.2 -0.4 1.2
0.4 -0.4 1.2
0.4 -1.2 1.2
1.2 -1.2 1.2
1.2 -1.2 2
0.4 -1.2 2
1.2 -2 2
1.2 -2 1.2
2 -2 1.2
2 -2 2
2 -2.8 2
2 -2.8 1.2
2.8 -2 1.2
2.8 -2.8 1.2
2.8 -2 0.4000001
2 -2 0.4000001
2.8 -1.2 1.2
2 -1.2 1.2
2 -2 2
2 -1.2 2
1.2 -1.2 1.2
1.2 -1.2 2
1.2 -0.4000003 1.2
2 -0.4000001 1.2
2 -1.2 0.4000001
2 -0.4000001 0.4000001
2.8 -1.2 0.4000001
2.8 -1.2 1.2
2.8 -2 0.4000001
2 -2 0.4000001
2.8 -1.2 -0.3999999
2 -1.2 -0.3999999
2 -0.4000001 0.4000001
2 -0.4000001 -0.3999999
1.2 -0.4000003 -0.3999999
1.2 -0.4000003 0.4000001
1.2 0.3999996 0.4000001
1.2 0.3999996 -0.3999999
0.4000001 -0.4000006 -0.3999999
0.4000001 0.3999994 -0.3999999
0.4000001 0.3999994 -1.2
0.4000001 -0.4000006 -1.2
-0.3999999 0.3999991 -0.3999999
-0.3999999 -0.4000008 -0.3999999
4 0 1 2 3 0.72 0.20 0.97
3 0 1 5 0.72 0.20 0.97
3 2 3 4 0.72 0.20 0.97
4 0 3 4 5 0.72 0.20 0.97
3 2 4 7  0.31 0.85 0.75
3 5 1 6  0.31 0.85 0.75
4 2 1 6 7  0.31 0.85 0.75
3 4 5 9  0.72 0.20 0.97
3 6 7 8  0.72 0.20 0.97
4 4 7 8 9  0.72 0.20 0.97
3 6 8 11  0.31 0.85 0.75
3 9 5 10  0.31 0.85 0.75
4 6 5 10 11  0.31 0.85 0.75
3 9 10 13  0.72 0.20 0.97
3 11 8 12  0.72 0.20 0.97
4 9 8 12 13  0.72 0.20 0.97
3 10 11 15  0.31 0.85 0.75
3 12 13 14  0.31 0.85 0.75
4 10 13 14 15  0.31 0.85 0.75
3 12 14 17  0.72 0.20 0.97
3 15 11 16  0.72 0.20 0.97
4 12 11 16 17  0.72 0.20 0.97
3 15 16 19  0.31 0.85 0.75
3 17 14 18  0.31 0.85 0.75
4 15 14 18 19  0.31 0.85 0.75
3 18 19 21  0.72 0.20 0.97
3 16 17 20  0.72 0.20 0.97
4 18 17 20 21  0.72 0.20 0.97
3 19 16 23  0.31 0.85 0.75
3 20 21 22  0.31 0.85 0.75
4 19 21 22 23  0.31 0.85 0.75
3 23 16 25  0.72 0.20 0.97
3 20 22 24  0.72 0.20 0.97
4 23 22 24 25  0.72 0.20 0.97
3 24 25 27  0.31 0.85 0.75
3 16 20 26  0.31 0.85 0.75
4 24 20 26 27  0.31 0.85 0.75
3 26 27 29  0.72 0.20 0.97
3 25 16 28  0.72 0.20 0.97
4 26 16 28 29  0.72 0.20 0.97
3 27 25 31  0.31 0.85 0.75
3 28 29 30  0.31 0.85 0.75
4 27 29 30 31  0.31 0.85 0.75
3 30 31 33  0.72 0.20 0.97
3 25 28 32  0.72 0.20 0.97
4 30 28 32 33  0.72 0.20 0.97
3 31 25 35  0.31 0.85 0.75
3 32 33 34  0.31 0.85 0.75
4 31 33 34 35  0.31 0.85 0.75
3 25 32 37  0.72 0.20 0.97
3 34 35 36  0.72 0.20 0.97
4 25 35 36 37  0.72 0.20 0.97
3 37 32 39  0.31 0.85 0.75
3 34 36 38  0.31 0.85 0.75
4 37 36 38 39  0.31 0.85 0.75
3 38 39 41  0.72 0.20 0.97
3 32 34 40  0.72 0.20 0.97
4 38 34 40 41  0.72 0.20 0.97
3 32 40 43  0.31 0.85 0.75
3 41 39 42  0.31 0.85 0.75
4 32 39 42 43  0.31 0.85 0.75
3 41 42 45  0.72 0.20 0.97
3 43 40 44  0.72 0.20 0.97
4 41 40 44 45  0.72 0.20 0.97
3 44 45 47  0.31 0.85 0.75
3 42 43 46  0.31 0.85 0.75
4 44 43 46 47  0.31 0.85 0.75
3 42 46 49  0.72 0.20 0.97
3 47 45 48  0.72 0.20 0.97
4 42 45 48 49  0.72 0.20 0.97
3 49 46 51  0.31 0.85 0.75
3 47 48 50  0.31 0.85 0.75
4 49 48 50 51  0.31 0.85 0.75
 
 
 
