OFF
52 73 124
-0.2 -0.2 -0.2
0.2 -0.2 -0.2
0.2 0.2 -0.2
-0.2 0.2 -0.2
0.2 0.2 0.2
0.2 -0.2 0.2
0.6 0.2 0.2
0.6 0.2 -0.2
0.6 0.6 0.2
0.2 0.6 0.2
0.6 0.6 0.6
0.6 0.2 0.6
1 0.6 0.6
1 0.6 0.2
1 1 0.6
0.6 1 0.6
1 1 1
1 0.6 1
1.4 1 1
1.4 1 0.6
1.4 1.4 1
1 1.4 1
1.4 1.4 1.4
1.4 1 1.4
1.8 1.4 1.4
1.8 1.4 1
1.8 1.8 1.4
1.4 1.8 1.4
1.8 1.8 1.8
1.8 1.4 1.8
2.2 1.8 1.8
2.2 1.8 1.4
2.2 2.2 1.8
1.8 2.2 1.8
2.2 2.2 2.2
2.2 1.8 2.2
2.6 2.2 2.2
2.6 2.2 1.8
2.6 2.6 2.2
2.2 2.6 2.2
2.6 2.6 2.6
2.6 2.2 2.6
3 2.6 2.6
3 2.6 2.2
3 3 2.6
2.6 3 2.6
3 3 3
3 2.6 3
3.4 3 3
3.4 3 2.6
3.4 3.4 3
3 3.4 3
4 0 1 2 3  0.72 0.20 0.97
3 0 1 5  0.72 0.20 0.97
3 2 3 4  0.72 0.20 0.97
4 0 3 4 5  0.72 0.20 0.97
3 1 2 7  0.31 0.85 0.75
3 4 5 6   0.31 0.85 0.75
4 1 5 6 7  0.31 0.85 0.75
3 2 4 9  0.72 0.20 0.97
3 6 7 8  0.72 0.20 0.97
4 2 7 8 9  0.72 0.20 0.97
3 4 6 11  0.31 0.85 0.75
3 8 9 10   0.31 0.85 0.75
4 4 9 10 11  0.31 0.85 0.75
3 6 8 13  0.72 0.20 0.97
3 10 11 12  0.72 0.20 0.97
4 6 11 12 13  0.72 0.20 0.97
3 8 10 15  0.31 0.85 0.75
3 12 13 14   0.31 0.85 0.75
4 8 13 14 15  0.31 0.85 0.75
3 10 12 17  0.72 0.20 0.97
3 14 15 16  0.72 0.20 0.97
4 10 15 16 17  0.72 0.20 0.97
3 12 14 19  0.31 0.85 0.75
3 16 17 18   0.31 0.85 0.75
4 12 17 18 19  0.31 0.85 0.75
3 14 16 21  0.72 0.20 0.97
3 18 19 20  0.72 0.20 0.97
4 14 19 20 21  0.72 0.20 0.97
3 16 18 23  0.31 0.85 0.75
3 20 21 22   0.31 0.85 0.75
4 16 21 22 23  0.31 0.85 0.75
3 18 20 25  0.72 0.20 0.97
3 22 23 24  0.72 0.20 0.97
4 18 23 24 25  0.72 0.20 0.97
3 20 22 27  0.31 0.85 0.75
3 24 25 26   0.31 0.85 0.75
4 20 25 26 27  0.31 0.85 0.75
3 22 24 29  0.72 0.20 0.97
3 26 27 28  0.72 0.20 0.97
4 22 27 28 29  0.72 0.20 0.97
3 24 26 31  0.31 0.85 0.75
3 28 29 30   0.31 0.85 0.75
4 24 29 30 31  0.31 0.85 0.75
3 26 28 33  0.72 0.20 0.97
3 30 31 32  0.72 0.20 0.97
4 26 31 32 33  0.72 0.20 0.97
3 28 30 35  0.31 0.85 0.75
3 32 33 34   0.31 0.85 0.75
4 28 33 34 35  0.31 0.85 0.75
3 30 32 37  0.72 0.20 0.97
3 34 35 36  0.72 0.20 0.97
4 30 35 36 37  0.72 0.20 0.97
3 32 34 39  0.31 0.85 0.75
3 36 37 38   0.31 0.85 0.75
4 32 37 38 39  0.31 0.85 0.75
3 34 36 41  0.72 0.20 0.97
3 38 39 40  0.72 0.20 0.97
4 34 39 40 41  0.72 0.20 0.97
3 36 38 43  0.31 0.85 0.75
3 40 41 42   0.31 0.85 0.75
4 36 41 42 43  0.31 0.85 0.75
3 38 40 45  0.72 0.20 0.97
3 42 43 44  0.72 0.20 0.97
4 38 43 44 45  0.72 0.20 0.97
3 40 42 47  0.31 0.85 0.75
3 44 45 46   0.31 0.85 0.75
4 40 45 46 47  0.31 0.85 0.75
3 42 44 49  0.72 0.20 0.97
3 46 47 48  0.72 0.20 0.97
4 42 47 48 49  0.72 0.20 0.97
3 44 46 51  0.31 0.85 0.75
3 48 49 50   0.31 0.85 0.75
4 44 49 50 51  0.31 0.85 0.75



