OFF
52 73 124
-0.3 -0.3 -0.3
0.3 -0.3 -0.3
0.3 0.3 -0.3
-0.3 0.3 -0.3
0.3 0.3 0.3
0.3 -0.3 0.3
0.9 -0.3 0.3
0.9 0.3 0.3
0.3 0.3 0.9
0.9 0.3 0.9
0.9 0.9 0.9
0.3 0.9 0.9
0.9 0.3 1.5
0.3 0.3 1.5
0.9 -0.3 0.9
0.3 -0.3 0.9
0.3 -0.3 0.3
0.9 -0.3 0.3
0.3 -0.9 0.9
0.9 -0.9 0.9
0.3 -0.3 1.5
0.9 -0.3 1.5
0.9 0.3 1.5
0.3 0.3 1.5
0.9 0.3 2.1
0.9 -0.3 2.1
1.5 -0.3 2.1
1.5 0.3 2.1
0.9 -0.3 2.7
0.9 0.3 2.7
0.3 0.3 2.7
0.3 -0.3 2.7
0.3 -0.3 3.3
0.3 0.3 3.3
-0.3 0.3 2.7
-0.3 0.3 3.3
-0.3 0.9 3.3
-0.3 0.9 2.7
-0.9 0.9 2.7
-0.9 0.9 3.3
-0.9 1.5 3.3
-0.9 1.5 2.7
-1.5 0.9 3.3
-1.5 0.9 2.7
-1.5 0.3 2.7
-1.5 0.3 3.3
-2.1 0.3 3.3
-2.1 0.3 2.7
-2.1 -0.3 2.7
-2.1 -0.3 3.3
-2.7 0.3 3.3
-2.7 -0.3 3.3
4 0 1 2 3  0.72 0.20 0.97
3 0 1 5  0.72 0.20 0.97
3 2 3 4  0.72 0.20 0.97
4 0 3 4 5  0.72 0.20 0.97
3 2 4 7  0.31 0.85 0.75
3 5 1 6   0.31 0.85 0.75
4 2 1 6 7  0.31 0.85 0.75
3 6 7 9  0.72 0.20 0.97
3 4 5 8  0.72 0.20 0.97
4 6 5 8 9  0.72 0.20 0.97
3 4 8 11  0.31 0.85 0.75
3 9 7 10   0.31 0.85 0.75
4 4 7 10 11  0.31 0.85 0.75
3 11 8 13  0.72 0.20 0.97
3 9 10 12  0.72 0.20 0.97
4 11 10 12 13  0.72 0.20 0.97
3 13 8 15  0.31 0.85 0.75
3 9 12 14   0.31 0.85 0.75
4 13 12 14 15  0.31 0.85 0.75
3 9 14 17  0.72 0.20 0.97
3 15 8 16  0.72 0.20 0.97
4 9 8 16 17  0.72 0.20 0.97
3 17 14 19  0.31 0.85 0.75
3 15 16 18   0.31 0.85 0.75
4 17 16 18 19  0.31 0.85 0.75
3 19 14 21  0.72 0.20 0.97
3 15 18 20  0.72 0.20 0.97
4 19 18 20 21  0.72 0.20 0.97
3 15 20 23  0.31 0.85 0.75
3 21 14 22   0.31 0.85 0.75
4 15 14 22 23  0.31 0.85 0.75
3 20 21 25  0.72 0.20 0.97
3 22 23 24  0.72 0.20 0.97
4 20 23 24 25  0.72 0.20 0.97
3 22 24 27  0.31 0.85 0.75
3 25 21 26   0.31 0.85 0.75
4 22 21 26 27  0.31 0.85 0.75
3 27 24 29  0.72 0.20 0.97
3 25 26 28  0.72 0.20 0.97
4 27 26 28 29  0.72 0.20 0.97
3 25 28 31  0.31 0.85 0.75
3 29 24 30   0.31 0.85 0.75
4 25 24 30 31  0.31 0.85 0.75
3 29 30 33  0.72 0.20 0.97
3 31 28 32  0.72 0.20 0.97
4 29 28 32 33  0.72 0.20 0.97
3 32 33 35  0.31 0.85 0.75
3 30 31 34   0.31 0.85 0.75
4 32 31 34 35  0.31 0.85 0.75
3 30 34 37  0.72 0.20 0.97
3 35 33 36  0.72 0.20 0.97
4 30 33 36 37  0.72 0.20 0.97
3 35 36 39  0.31 0.85 0.75
3 37 34 38   0.31 0.85 0.75
4 35 34 38 39  0.31 0.85 0.75
3 37 38 41  0.72 0.20 0.97
3 39 36 40  0.72 0.20 0.97
4 37 36 40 41  0.72 0.20 0.97
3 41 38 43  0.31 0.85 0.75
3 39 40 42   0.31 0.85 0.75
4 41 40 42 43  0.31 0.85 0.75
3 39 42 45  0.72 0.20 0.97
3 43 38 44  0.72 0.20 0.97
4 39 38 44 45  0.72 0.20 0.97
3 43 44 47  0.31 0.85 0.75
3 45 42 46   0.31 0.85 0.75
4 43 42 46 47  0.31 0.85 0.75
3 45 46 49  0.72 0.20 0.97
3 47 44 48  0.72 0.20 0.97
4 45 44 48 49  0.72 0.20 0.97
3 48 49 51  0.31 0.85 0.75
3 46 47 50   0.31 0.85 0.75
4 48 47 50 51  0.31 0.85 0.75



