OFF
52 73 124
-0.4 -0.4 -0.4
0.4 -0.4 -0.4
0.4 0.4 -0.4
-0.4 0.4 -0.4
0.4 0.4 0.4
0.4 -0.4 0.4
1.2 -0.4 -0.4
1.2 -0.4 0.4
1.2 -1.2 0.4
1.2 -1.2 -0.4
2 -0.4 0.4
2 -0.4 -0.4
2 0.4 -0.4
2 0.4 0.4
2.8 -0.4 -0.4
2.8 -0.4 0.4
2 -1.2 0.4
2.8 -1.2 0.4
2.8 -1.2 1.2
2 -1.2 1.2
2.8 -2 0.4
2 -2 0.4
2 -2 -0.4
2.8 -2 -0.4
2.8 -2.8 0.4
2.8 -2.8 -0.4
3.6 -2 -0.4
3.6 -2.8 -0.4
2.8 -2 -1.2
2.8 -2.8 -1.2
2 -2 -1.2
2 -2 -0.4
2 -1.2 -1.2
2.8 -1.2 -1.2
2.8 -1.2 -2
2 -1.2 -2
2.8 -0.4 -1.2
2 -0.4 -1.2
2 -0.4 -0.4
2.8 -0.4 -0.4
2 0.4 -0.4
2 0.4 -1.2
1.2 -0.4 -0.4
1.2 -0.4 -1.2
1.2 -1.2 -1.2
1.2 -1.2 -0.4
0.4 -0.4 -1.2
0.4 -0.4 -0.4
0.4 0.4 -0.4
0.4 0.4 -1.2
-0.4 0.4 -0.4
-0.4 -0.4 -0.4
4 0 1 2 3  0.72 0.20 0.97
3 0 1 5  0.72 0.20 0.97
3 2 3 4  0.72 0.20 0.97
4 0 3 4 5  0.72 0.20 0.97
3 4 5 7  0.31 0.85 0.75
3 1 2 6   0.31 0.85 0.75
4 4 2 6 7  0.31 0.85 0.75
3 1 6 9  0.72 0.20 0.97
3 7 5 8  0.72 0.20 0.97
4 1 5 8 9  0.72 0.20 0.97
3 9 6 11  0.31 0.85 0.75
3 7 8 10   0.31 0.85 0.75
4 9 8 10 11  0.31 0.85 0.75
3 7 10 13  0.72 0.20 0.97
3 11 6 12  0.72 0.20 0.97
4 7 6 12 13  0.72 0.20 0.97
3 13 10 15  0.31 0.85 0.75
3 11 12 14   0.31 0.85 0.75
4 13 12 14 15  0.31 0.85 0.75
3 14 15 17  0.72 0.20 0.97
3 10 11 16  0.72 0.20 0.97
4 14 11 16 17  0.72 0.20 0.97
3 10 16 19  0.31 0.85 0.75
3 17 15 18   0.31 0.85 0.75
4 10 15 18 19  0.31 0.85 0.75
3 19 16 21  0.72 0.20 0.97
3 17 18 20  0.72 0.20 0.97
4 19 18 20 21  0.72 0.20 0.97
3 17 20 23  0.31 0.85 0.75
3 21 16 22   0.31 0.85 0.75
4 17 16 22 23  0.31 0.85 0.75
3 22 23 25  0.72 0.20 0.97
3 20 21 24  0.72 0.20 0.97
4 22 21 24 25  0.72 0.20 0.97
3 24 25 27  0.31 0.85 0.75
3 23 20 26   0.31 0.85 0.75
4 24 20 26 27  0.31 0.85 0.75
3 27 25 29  0.72 0.20 0.97
3 23 26 28  0.72 0.20 0.97
4 27 26 28 29  0.72 0.20 0.97
3 25 23 31  0.31 0.85 0.75
3 28 29 30   0.31 0.85 0.75
4 25 29 30 31  0.31 0.85 0.75
3 23 28 33  0.72 0.20 0.97
3 30 31 32  0.72 0.20 0.97
4 23 31 32 33  0.72 0.20 0.97
3 30 32 35  0.31 0.85 0.75
3 33 28 34   0.31 0.85 0.75
4 30 28 34 35  0.31 0.85 0.75
3 35 32 37  0.72 0.20 0.97
3 33 34 36  0.72 0.20 0.97
4 35 34 36 37  0.72 0.20 0.97
3 33 36 39  0.31 0.85 0.75
3 37 32 38   0.31 0.85 0.75
4 33 32 38 39  0.31 0.85 0.75
3 36 37 41  0.72 0.20 0.97
3 38 39 40  0.72 0.20 0.97
4 36 39 40 41  0.72 0.20 0.97
3 41 37 43  0.31 0.85 0.75
3 38 40 42   0.31 0.85 0.75
4 41 40 42 43  0.31 0.85 0.75
3 38 42 45  0.72 0.20 0.97
3 43 37 44  0.72 0.20 0.97
4 38 37 44 45  0.72 0.20 0.97
3 45 42 47  0.31 0.85 0.75
3 43 44 46   0.31 0.85 0.75
4 45 44 46 47  0.31 0.85 0.75
3 43 46 49  0.72 0.20 0.97
3 47 42 48  0.72 0.20 0.97
4 43 42 48 49  0.72 0.20 0.97
3 46 47 51  0.31 0.85 0.75
3 48 49 50   0.31 0.85 0.75
4 46 49 50 51  0.31 0.85 0.75



