OFF
52 73 124
-0.3 -0.3 -0.3
0.3 -0.3 -0.3
0.3 0.3 -0.3
-0.3 0.3 -0.3
0.3 0.3 0.3
0.3 -0.3 0.3
0.9 -0.3 0.3
0.9 0.3 0.3
0.9 -0.3 0.9
0.3 -0.3 0.9
0.3 -0.9 0.3
0.3 -0.9 0.9
-0.3 -0.3 0.9
-0.3 -0.9 0.9
-0.3 -0.3 1.5
0.3 -0.3 1.5
0.3 0.3 0.9
0.3 0.3 1.5
0.9 0.3 0.9
0.9 -0.3 0.9
0.9 0.3 0.3
0.3 0.3 0.3
0.3 0.9 0.9
0.3 0.9 0.3
-0.3 0.9 0.9
-0.3 0.3 0.9
0.3 0.3 1.5
-0.3 0.3 1.5
-0.3 -0.3 0.9
-0.3 -0.3 1.5
-0.9 0.3 1.5
-0.9 -0.3 1.5
-0.3 -0.3 2.1
-0.9 -0.3 2.1
-0.9 -0.9 2.1
-0.3 -0.9 2.1
-0.3 -0.3 2.7
-0.3 -0.9 2.7
0.3 -0.3 2.7
0.3 -0.3 2.1
0.3 0.3 2.1
0.3 0.3 2.7
0.9 0.3 2.7
0.9 0.3 2.1
0.3 0.9 2.7
0.3 0.9 2.1
-0.3 0.9 2.1
-0.3 0.9 2.7
-0.3 1.5 2.7
-0.3 1.5 2.1
-0.9 1.5 2.7
-0.9 0.9 2.7
4 0 1 2 3  0.72 0.20 0.97
3 0 1 5  0.72 0.20 0.97
3 2 3 4  0.72 0.20 0.97
4 0 3 4 5  0.72 0.20 0.97
3 2 4 7  0.31 0.85 0.75
3 5 1 6   0.31 0.85 0.75
4 2 1 6 7  0.31 0.85 0.75
3 4 5 9  0.72 0.20 0.97
3 6 7 8  0.72 0.20 0.97
4 4 7 8 9  0.72 0.20 0.97
3 8 9 11  0.31 0.85 0.75
3 5 6 10   0.31 0.85 0.75
4 8 6 10 11  0.31 0.85 0.75
3 10 11 13  0.72 0.20 0.97
3 9 5 12  0.72 0.20 0.97
4 10 5 12 13  0.72 0.20 0.97
3 11 9 15  0.31 0.85 0.75
3 12 13 14   0.31 0.85 0.75
4 11 13 14 15  0.31 0.85 0.75
3 14 15 17  0.72 0.20 0.97
3 9 12 16  0.72 0.20 0.97
4 14 12 16 17  0.72 0.20 0.97
3 15 9 19  0.31 0.85 0.75
3 16 17 18   0.31 0.85 0.75
4 15 17 18 19  0.31 0.85 0.75
3 9 16 21  0.72 0.20 0.97
3 18 19 20  0.72 0.20 0.97
4 9 19 20 21  0.72 0.20 0.97
3 20 21 23  0.31 0.85 0.75
3 16 18 22   0.31 0.85 0.75
4 20 18 22 23  0.31 0.85 0.75
3 21 16 25  0.72 0.20 0.97
3 22 23 24  0.72 0.20 0.97
4 21 23 24 25  0.72 0.20 0.97
3 24 25 27  0.31 0.85 0.75
3 16 22 26   0.31 0.85 0.75
4 24 22 26 27  0.31 0.85 0.75
3 26 27 29  0.72 0.20 0.97
3 25 16 28  0.72 0.20 0.97
4 26 16 28 29  0.72 0.20 0.97
3 28 29 31  0.31 0.85 0.75
3 27 25 30   0.31 0.85 0.75
4 28 25 30 31  0.31 0.85 0.75
3 30 31 33  0.72 0.20 0.97
3 29 27 32  0.72 0.20 0.97
4 30 27 32 33  0.72 0.20 0.97
3 29 32 35  0.31 0.85 0.75
3 33 31 34   0.31 0.85 0.75
4 29 31 34 35  0.31 0.85 0.75
3 34 35 37  0.72 0.20 0.97
3 32 33 36  0.72 0.20 0.97
4 34 33 36 37  0.72 0.20 0.97
3 35 32 39  0.31 0.85 0.75
3 36 37 38   0.31 0.85 0.75
4 35 37 38 39  0.31 0.85 0.75
3 36 38 41  0.72 0.20 0.97
3 39 32 40  0.72 0.20 0.97
4 36 32 40 41  0.72 0.20 0.97
3 39 40 43  0.31 0.85 0.75
3 41 38 42   0.31 0.85 0.75
4 39 38 42 43  0.31 0.85 0.75
3 43 40 45  0.72 0.20 0.97
3 41 42 44  0.72 0.20 0.97
4 43 42 44 45  0.72 0.20 0.97
3 41 44 47  0.31 0.85 0.75
3 45 40 46   0.31 0.85 0.75
4 41 40 46 47  0.31 0.85 0.75
3 45 46 49  0.72 0.20 0.97
3 47 44 48  0.72 0.20 0.97
4 45 44 48 49  0.72 0.20 0.97
3 46 47 51  0.31 0.85 0.75
3 48 49 50   0.31 0.85 0.75
4 46 49 50 51  0.31 0.85 0.75



