OFF
52 73 124
-0.3 -0.3 -0.3
0.3 -0.3 -0.3
0.3 0.3 -0.3
-0.3 0.3 -0.3
0.3 0.3 0.3
0.3 -0.3 0.3
0.9 -0.3 -0.3
0.9 -0.3 0.3
0.9 -0.9 0.3
0.9 -0.9 -0.3
1.5 -0.3 -0.3
1.5 -0.9 -0.3
0.9 -0.3 -0.9
0.9 -0.9 -0.9
0.3000001 -0.3 -0.9
0.3000001 -0.3 -0.3
0.9 0.3 -0.9
0.9 0.3 -0.3
1.5 -0.3 -0.3
1.5 0.3 -0.3
0.9 -0.3 0.3
0.9 0.3 0.3
0.3000001 0.3 -0.3
0.3000001 0.3 0.3
0.9 0.9 -0.3
0.9 0.9 0.3
1.5 0.9 -0.3
1.5 0.3 -0.3
0.9 0.9 -0.9
0.9 0.3 -0.9
0.3000001 0.9 -0.9
0.3000001 0.9 -0.3
0.9 1.5 -0.9
0.9 1.5 -0.3
1.5 0.9 -0.3
1.5 1.5 -0.3
0.9 0.9 0.3
0.9 1.5 0.3
0.3000001 0.9 0.3
0.3000001 0.9 -0.3
0.3 0.3000001 -0.3
0.3 0.3000001 0.3
-0.3 0.3 -0.3
-0.2999999 0.9 -0.3
0.3 0.3000001 -0.9
0.3000001 0.9 -0.9
0.9 0.3000001 -0.9
0.9 0.3000001 -0.3
0.3 -0.2999999 -0.9
0.3 -0.2999999 -0.3
-0.3 0.3 -0.3
-0.3 -0.3 -0.3
4 0 1 2 3 0.72 0.20 0.97
3 0 1 5 0.72 0.20 0.97
3 2 3 4 0.72 0.20 0.97
4 0 3 4 5 0.72 0.20 0.97
3 4 5 7  0.31 0.85 0.75
3 1 2 6  0.31 0.85 0.75
4 4 2 6 7  0.31 0.85 0.75
3 1 6 9  0.72 0.20 0.97
3 7 5 8  0.72 0.20 0.97
4 1 5 8 9  0.72 0.20 0.97
3 8 9 11  0.31 0.85 0.75
3 6 7 10  0.31 0.85 0.75
4 8 7 10 11  0.31 0.85 0.75
3 11 9 13  0.72 0.20 0.97
3 6 10 12  0.72 0.20 0.97
4 11 10 12 13  0.72 0.20 0.97
3 9 6 15  0.31 0.85 0.75
3 12 13 14  0.31 0.85 0.75
4 9 13 14 15  0.31 0.85 0.75
3 15 6 17  0.72 0.20 0.97
3 12 14 16  0.72 0.20 0.97
4 15 14 16 17  0.72 0.20 0.97
3 16 17 19  0.31 0.85 0.75
3 6 12 18  0.31 0.85 0.75
4 16 12 18 19  0.31 0.85 0.75
3 19 17 21  0.72 0.20 0.97
3 6 18 20  0.72 0.20 0.97
4 19 18 20 21  0.72 0.20 0.97
3 20 21 23  0.31 0.85 0.75
3 17 6 22  0.31 0.85 0.75
4 20 6 22 23  0.31 0.85 0.75
3 23 21 25  0.72 0.20 0.97
3 17 22 24  0.72 0.20 0.97
4 23 22 24 25  0.72 0.20 0.97
3 21 17 27  0.31 0.85 0.75
3 24 25 26  0.31 0.85 0.75
4 21 25 26 27  0.31 0.85 0.75
3 27 17 29  0.72 0.20 0.97
3 24 26 28  0.72 0.20 0.97
4 27 26 28 29  0.72 0.20 0.97
3 17 24 31  0.31 0.85 0.75
3 28 29 30  0.31 0.85 0.75
4 17 29 30 31  0.31 0.85 0.75
3 31 24 33  0.72 0.20 0.97
3 28 30 32  0.72 0.20 0.97
4 31 30 32 33  0.72 0.20 0.97
3 32 33 35  0.31 0.85 0.75
3 24 28 34  0.31 0.85 0.75
4 32 28 34 35  0.31 0.85 0.75
3 35 33 37  0.72 0.20 0.97
3 24 34 36  0.72 0.20 0.97
4 35 34 36 37  0.72 0.20 0.97
3 33 24 39  0.31 0.85 0.75
3 36 37 38  0.31 0.85 0.75
4 33 37 38 39  0.31 0.85 0.75
3 36 38 41  0.72 0.20 0.97
3 39 24 40  0.72 0.20 0.97
4 36 24 40 41  0.72 0.20 0.97
3 38 39 43  0.31 0.85 0.75
3 40 41 42  0.31 0.85 0.75
4 38 41 42 43  0.31 0.85 0.75
3 43 39 45  0.72 0.20 0.97
3 40 42 44  0.72 0.20 0.97
4 43 42 44 45  0.72 0.20 0.97
3 39 40 47  0.31 0.85 0.75
3 44 45 46  0.31 0.85 0.75
4 39 45 46 47  0.31 0.85 0.75
3 47 40 49  0.72 0.20 0.97
3 44 46 48  0.72 0.20 0.97
4 47 46 48 49  0.72 0.20 0.97
3 48 49 51  0.31 0.85 0.75
3 40 44 50  0.31 0.85 0.75
4 48 44 50 51  0.31 0.85 0.75
 
 
 
