OFF
52 73 124
-0.3 -0.3 -0.3
0.3 -0.3 -0.3
0.3 0.3 -0.3
-0.3 0.3 -0.3
0.3 0.3 0.3
0.3 -0.3 0.3
0.9 0.3 -0.3
0.9 -0.3 -0.3
0.9 0.3 -0.9
0.3 0.3 -0.9
0.3 0.9 -0.9
0.9 0.9 -0.9
0.9 0.9 -1.5
0.3 0.9 -1.5
0.9 1.5 -0.9
0.3 1.5 -0.9
0.3 1.5 -0.3
0.9 1.5 -0.3
0.9 2.1 -0.3
0.3 2.1 -0.3
0.9 1.5 0.3
0.3 1.5 0.3
0.9 0.9 -0.3
0.3 0.9 -0.3
0.3 0.9 -0.9
0.9 0.9 -0.9
0.3 0.3 -0.3
0.9 0.3 -0.3
0.3 0.3 0.3
0.3 0.9 0.3
-0.3 0.3 -0.3
-0.3 0.9 -0.3
0.3 0.9 -0.9
-0.3 0.9 -0.9
0.3 1.5 -0.3
-0.3 1.5 -0.3
-0.3 1.5 0.3
0.3 1.5 0.3
-0.3 2.1 -0.3
0.3 2.1 -0.3
-0.3 1.5 -0.9
0.3 1.5 -0.9
0.3 0.9 -0.9
-0.3 0.9 -0.9
-0.3 0.9 -1.5
0.3 0.9 -1.5
-0.3 0.3 -0.9
0.3 0.3 -0.9
0.3 0.3 -0.3
-0.3 0.3 -0.3
-0.3 -0.3 -0.3
0.3 -0.3 -0.3
4 0 1 2 3  0.72 0.20 0.97
3 0 1 5  0.72 0.20 0.97
3 2 3 4  0.72 0.20 0.97
4 0 3 4 5  0.72 0.20 0.97
3 5 1 7  0.31 0.85 0.75
3 2 4 6   0.31 0.85 0.75
4 5 4 6 7  0.31 0.85 0.75
3 1 2 9  0.72 0.20 0.97
3 6 7 8  0.72 0.20 0.97
4 1 7 8 9  0.72 0.20 0.97
3 6 8 11  0.31 0.85 0.75
3 9 2 10   0.31 0.85 0.75
4 6 2 10 11  0.31 0.85 0.75
3 9 10 13  0.72 0.20 0.97
3 11 8 12  0.72 0.20 0.97
4 9 8 12 13  0.72 0.20 0.97
3 13 10 15  0.31 0.85 0.75
3 11 12 14   0.31 0.85 0.75
4 13 12 14 15  0.31 0.85 0.75
3 11 14 17  0.72 0.20 0.97
3 15 10 16  0.72 0.20 0.97
4 11 10 16 17  0.72 0.20 0.97
3 15 16 19  0.31 0.85 0.75
3 17 14 18   0.31 0.85 0.75
4 15 14 18 19  0.31 0.85 0.75
3 19 16 21  0.72 0.20 0.97
3 17 18 20  0.72 0.20 0.97
4 19 18 20 21  0.72 0.20 0.97
3 21 16 23  0.31 0.85 0.75
3 17 20 22   0.31 0.85 0.75
4 21 20 22 23  0.31 0.85 0.75
3 17 22 25  0.72 0.20 0.97
3 23 16 24  0.72 0.20 0.97
4 17 16 24 25  0.72 0.20 0.97
3 25 22 27  0.31 0.85 0.75
3 23 24 26   0.31 0.85 0.75
4 25 24 26 27  0.31 0.85 0.75
3 22 23 29  0.72 0.20 0.97
3 26 27 28  0.72 0.20 0.97
4 22 27 28 29  0.72 0.20 0.97
3 29 23 31  0.31 0.85 0.75
3 26 28 30   0.31 0.85 0.75
4 29 28 30 31  0.31 0.85 0.75
3 30 31 33  0.72 0.20 0.97
3 23 26 32  0.72 0.20 0.97
4 30 26 32 33  0.72 0.20 0.97
3 33 31 35  0.31 0.85 0.75
3 23 32 34   0.31 0.85 0.75
4 33 32 34 35  0.31 0.85 0.75
3 23 34 37  0.72 0.20 0.97
3 35 31 36  0.72 0.20 0.97
4 23 31 36 37  0.72 0.20 0.97
3 37 34 39  0.31 0.85 0.75
3 35 36 38   0.31 0.85 0.75
4 37 36 38 39  0.31 0.85 0.75
3 39 34 41  0.72 0.20 0.97
3 35 38 40  0.72 0.20 0.97
4 39 38 40 41  0.72 0.20 0.97
3 35 40 43  0.31 0.85 0.75
3 41 34 42   0.31 0.85 0.75
4 35 34 42 43  0.31 0.85 0.75
3 41 42 45  0.72 0.20 0.97
3 43 40 44  0.72 0.20 0.97
4 41 40 44 45  0.72 0.20 0.97
3 45 42 47  0.31 0.85 0.75
3 43 44 46   0.31 0.85 0.75
4 45 44 46 47  0.31 0.85 0.75
3 43 46 49  0.72 0.20 0.97
3 47 42 48  0.72 0.20 0.97
4 43 42 48 49  0.72 0.20 0.97
3 47 48 51  0.31 0.85 0.75
3 49 46 50   0.31 0.85 0.75
4 47 46 50 51  0.31 0.85 0.75



