OFF
52 73 124
-0.4 -0.4 -0.4
0.4 -0.4 -0.4
0.4 0.4 -0.4
-0.4 0.4 -0.4
0.4 0.4 0.4
0.4 -0.4 0.4
1.2 -0.4 0.4
1.2 0.4 0.4
0.4 -0.4 1.2
0.4 0.4 1.2
-0.4 0.4 1.2
-0.4 -0.4 1.2
0.4 0.4 2
0.4 -0.4 2
1.2 0.4 1.2
1.2 -0.4 1.2
1.2 -0.4 0.4
1.2 0.4 0.4
2 0.4 1.2
2 0.4 0.4
1.2 1.2 1.2
1.2 1.2 0.4
0.4 1.2 1.2
0.4 0.4 1.2
0.4 0.4 2
0.4 1.2 2
-0.4 0.4 1.2
-0.4 1.2 1.2
0.4 0.4 0.4
0.4 1.2 0.4
1.2 1.2 0.4
1.2 0.4 0.4
0.4 1.2 -0.4
0.4 0.4 -0.4
-0.4 0.4 -0.4
-0.4 1.2 -0.4
0.4 0.4 -1.2
0.4 1.2 -1.2
1.2 0.4 -0.4
1.2 1.2 -0.4
1.2 1.2 0.4
1.2 0.4 0.4
2 0.4 -0.4
2 0.4 0.4
1.2 -0.4 -0.4
1.2 -0.4 0.4
0.4 -0.4 -0.4
0.4 0.4 -0.4
0.4 0.4 -1.2
0.4 -0.4 -1.2
-0.4 0.4 -0.4
-0.4 -0.4 -0.4
4 0 1 2 3  0.72 0.20 0.97
3 0 1 5  0.72 0.20 0.97
3 2 3 4  0.72 0.20 0.97
4 0 3 4 5  0.72 0.20 0.97
3 2 4 7  0.31 0.85 0.75
3 5 1 6   0.31 0.85 0.75
4 2 1 6 7  0.31 0.85 0.75
3 7 4 9  0.72 0.20 0.97
3 5 6 8  0.72 0.20 0.97
4 7 6 8 9  0.72 0.20 0.97
3 5 8 11  0.31 0.85 0.75
3 9 4 10   0.31 0.85 0.75
4 5 4 10 11  0.31 0.85 0.75
3 11 8 13  0.72 0.20 0.97
3 9 10 12  0.72 0.20 0.97
4 11 10 12 13  0.72 0.20 0.97
3 13 8 15  0.31 0.85 0.75
3 9 12 14   0.31 0.85 0.75
4 13 12 14 15  0.31 0.85 0.75
3 9 14 17  0.72 0.20 0.97
3 15 8 16  0.72 0.20 0.97
4 9 8 16 17  0.72 0.20 0.97
3 16 17 19  0.31 0.85 0.75
3 14 15 18   0.31 0.85 0.75
4 16 15 18 19  0.31 0.85 0.75
3 19 17 21  0.72 0.20 0.97
3 14 18 20  0.72 0.20 0.97
4 19 18 20 21  0.72 0.20 0.97
3 17 14 23  0.31 0.85 0.75
3 20 21 22   0.31 0.85 0.75
4 17 21 22 23  0.31 0.85 0.75
3 20 22 25  0.72 0.20 0.97
3 23 14 24  0.72 0.20 0.97
4 20 14 24 25  0.72 0.20 0.97
3 25 22 27  0.31 0.85 0.75
3 23 24 26   0.31 0.85 0.75
4 25 24 26 27  0.31 0.85 0.75
3 27 22 29  0.72 0.20 0.97
3 23 26 28  0.72 0.20 0.97
4 27 26 28 29  0.72 0.20 0.97
3 23 28 31  0.31 0.85 0.75
3 29 22 30   0.31 0.85 0.75
4 23 22 30 31  0.31 0.85 0.75
3 31 28 33  0.72 0.20 0.97
3 29 30 32  0.72 0.20 0.97
4 31 30 32 33  0.72 0.20 0.97
3 29 32 35  0.31 0.85 0.75
3 33 28 34   0.31 0.85 0.75
4 29 28 34 35  0.31 0.85 0.75
3 35 32 37  0.72 0.20 0.97
3 33 34 36  0.72 0.20 0.97
4 35 34 36 37  0.72 0.20 0.97
3 37 32 39  0.31 0.85 0.75
3 33 36 38   0.31 0.85 0.75
4 37 36 38 39  0.31 0.85 0.75
3 33 38 41  0.72 0.20 0.97
3 39 32 40  0.72 0.20 0.97
4 33 32 40 41  0.72 0.20 0.97
3 40 41 43  0.31 0.85 0.75
3 38 39 42   0.31 0.85 0.75
4 40 39 42 43  0.31 0.85 0.75
3 43 41 45  0.72 0.20 0.97
3 38 42 44  0.72 0.20 0.97
4 43 42 44 45  0.72 0.20 0.97
3 41 38 47  0.31 0.85 0.75
3 44 45 46   0.31 0.85 0.75
4 41 45 46 47  0.31 0.85 0.75
3 44 46 49  0.72 0.20 0.97
3 47 38 48  0.72 0.20 0.97
4 44 38 48 49  0.72 0.20 0.97
3 49 46 51  0.31 0.85 0.75
3 47 48 50   0.31 0.85 0.75
4 49 48 50 51  0.31 0.85 0.75



