OFF
52 73 124
-0.3 -0.3 -0.3
0.3 -0.3 -0.3
0.3 0.3 -0.3
-0.3 0.3 -0.3
0.3 0.3 0.3
0.3 -0.3 0.3
0.9 -0.3 -0.3
0.9 -0.3 0.3
0.3 -0.9 -0.3
0.3 -0.9 0.3
-0.3 -0.9 -0.3
-0.3 -0.3 -0.3
-0.3 -0.3 -0.9
-0.3 -0.9 -0.9
-0.9 -0.9 -0.9
-0.9 -0.3 -0.9
-0.3 -0.9 -1.5
-0.3 -0.3 -1.5
0.3 -0.9 -0.9
0.3 -0.3 -0.9
0.3 -0.3 -0.3
0.3 -0.9 -0.3
0.9 -0.3 -0.3
0.9 -0.3 -0.9
0.3 0.3 -0.3
0.3 0.3 -0.9
-0.3 -0.3 -0.9
-0.3 0.3 -0.9
-0.3 0.3 -1.5
-0.3 -0.3 -1.5
-0.9 -0.3 -1.5
-0.9 0.3 -1.5
-0.9 -0.3 -2.1
-0.3 -0.3 -2.1
-0.9 -0.9 -1.5
-0.3 -0.9 -1.5
-0.9 -0.9 -0.9
-0.9 -0.3 -0.9
-1.5 -0.9 -1.5
-1.5 -0.3 -1.5
-0.9 -0.3 -2.1
-1.5 -0.3 -2.1
-0.9 0.3 -1.5
-1.5 0.3 -1.5
-0.9 0.3 -0.9
-0.9 -0.3 -0.9
-0.3 -0.3 -0.9
-0.3 0.3 -0.9
-0.3 0.3 -0.3
-0.3 -0.3 -0.3
0.3 -0.3 -0.3
0.3 0.3 -0.3
4 0 1 2 3  0.72 0.20 0.97
3 0 1 5  0.72 0.20 0.97
3 2 3 4  0.72 0.20 0.97
4 0 3 4 5  0.72 0.20 0.97
3 4 5 7  0.31 0.85 0.75
3 1 2 6   0.31 0.85 0.75
4 4 2 6 7  0.31 0.85 0.75
3 7 5 9  0.72 0.20 0.97
3 1 6 8  0.72 0.20 0.97
4 7 6 8 9  0.72 0.20 0.97
3 5 1 11  0.31 0.85 0.75
3 8 9 10   0.31 0.85 0.75
4 5 9 10 11  0.31 0.85 0.75
3 8 10 13  0.72 0.20 0.97
3 11 1 12  0.72 0.20 0.97
4 8 1 12 13  0.72 0.20 0.97
3 11 12 15  0.31 0.85 0.75
3 13 10 14   0.31 0.85 0.75
4 11 10 14 15  0.31 0.85 0.75
3 15 12 17  0.72 0.20 0.97
3 13 14 16  0.72 0.20 0.97
4 15 14 16 17  0.72 0.20 0.97
3 17 12 19  0.31 0.85 0.75
3 13 16 18   0.31 0.85 0.75
4 17 16 18 19  0.31 0.85 0.75
3 13 18 21  0.72 0.20 0.97
3 19 12 20  0.72 0.20 0.97
4 13 12 20 21  0.72 0.20 0.97
3 18 19 23  0.31 0.85 0.75
3 20 21 22   0.31 0.85 0.75
4 18 21 22 23  0.31 0.85 0.75
3 23 19 25  0.72 0.20 0.97
3 20 22 24  0.72 0.20 0.97
4 23 22 24 25  0.72 0.20 0.97
3 24 25 27  0.31 0.85 0.75
3 19 20 26   0.31 0.85 0.75
4 24 20 26 27  0.31 0.85 0.75
3 19 26 29  0.72 0.20 0.97
3 27 25 28  0.72 0.20 0.97
4 19 25 28 29  0.72 0.20 0.97
3 27 28 31  0.31 0.85 0.75
3 29 26 30   0.31 0.85 0.75
4 27 26 30 31  0.31 0.85 0.75
3 28 29 33  0.72 0.20 0.97
3 30 31 32  0.72 0.20 0.97
4 28 31 32 33  0.72 0.20 0.97
3 33 29 35  0.31 0.85 0.75
3 30 32 34   0.31 0.85 0.75
4 33 32 34 35  0.31 0.85 0.75
3 29 30 37  0.72 0.20 0.97
3 34 35 36  0.72 0.20 0.97
4 29 35 36 37  0.72 0.20 0.97
3 37 30 39  0.31 0.85 0.75
3 34 36 38   0.31 0.85 0.75
4 37 36 38 39  0.31 0.85 0.75
3 38 39 41  0.72 0.20 0.97
3 30 34 40  0.72 0.20 0.97
4 38 34 40 41  0.72 0.20 0.97
3 41 39 43  0.31 0.85 0.75
3 30 40 42   0.31 0.85 0.75
4 41 40 42 43  0.31 0.85 0.75
3 39 30 45  0.72 0.20 0.97
3 42 43 44  0.72 0.20 0.97
4 39 43 44 45  0.72 0.20 0.97
3 42 44 47  0.31 0.85 0.75
3 45 30 46   0.31 0.85 0.75
4 42 30 46 47  0.31 0.85 0.75
3 45 46 49  0.72 0.20 0.97
3 47 44 48  0.72 0.20 0.97
4 45 44 48 49  0.72 0.20 0.97
3 47 48 51  0.31 0.85 0.75
3 49 46 50   0.31 0.85 0.75
4 47 46 50 51  0.31 0.85 0.75



