OFF
52 73 124
-0.3 -0.3 -0.3
0.3 -0.3 -0.3
0.3 0.3 -0.3
-0.3 0.3 -0.3
0.3 0.3 0.3
0.3 -0.3 0.3
0.9 -0.3 0.3
0.9 0.3 0.3
0.9 0.3 0.9
0.9 -0.3 0.9
1.5 0.3 0.3
1.5 -0.3 0.3
1.5 -0.3 -0.3
1.5 0.3 -0.3
2.1 0.3 -0.3
2.1 -0.3 -0.3
1.5 -0.3 -0.9
2.1 -0.3 -0.9
1.5 -0.9 -0.3
2.1 -0.9 -0.3
1.5 -0.9 0.3
1.5 -0.3 0.3
0.9 -0.9 -0.3
0.9 -0.3 -0.3
1.5 -0.3 -0.9
0.9 -0.3 -0.9
1.5 0.3 -0.3
0.9 0.3 -0.3
0.9 -0.3 0.3
0.9 0.3 0.3
0.3 -0.3 -0.3
0.3 0.3 -0.3
0.3 -0.3 -0.9
0.9 -0.3 -0.9
0.3 -0.9 -0.3
0.9 -0.9 -0.3
0.9 -0.3 0.3
0.9 -0.9 0.3
1.5 -0.9 0.3
1.5 -0.3 0.3
0.9 -0.9 0.9
0.9 -0.3 0.9
0.3 -0.9 0.3
0.3 -0.3 0.3
0.3 -0.3 -0.3
0.3 -0.9 -0.3
-0.3 -0.9 -0.3
-0.3 -0.3 -0.3
0.3 -0.3 -0.9
-0.3 -0.3 -0.9
0.3 0.3 -0.3
-0.3 0.3 -0.3
4 0 1 2 3  0.72 0.20 0.97
3 0 1 5  0.72 0.20 0.97
3 2 3 4  0.72 0.20 0.97
4 0 3 4 5  0.72 0.20 0.97
3 2 4 7  0.31 0.85 0.75
3 5 1 6   0.31 0.85 0.75
4 2 1 6 7  0.31 0.85 0.75
3 5 6 9  0.72 0.20 0.97
3 7 4 8  0.72 0.20 0.97
4 5 4 8 9  0.72 0.20 0.97
3 9 6 11  0.31 0.85 0.75
3 7 8 10   0.31 0.85 0.75
4 9 8 10 11  0.31 0.85 0.75
3 7 10 13  0.72 0.20 0.97
3 11 6 12  0.72 0.20 0.97
4 7 6 12 13  0.72 0.20 0.97
3 11 12 15  0.31 0.85 0.75
3 13 10 14   0.31 0.85 0.75
4 11 10 14 15  0.31 0.85 0.75
3 14 15 17  0.72 0.20 0.97
3 12 13 16  0.72 0.20 0.97
4 14 13 16 17  0.72 0.20 0.97
3 17 15 19  0.31 0.85 0.75
3 12 16 18   0.31 0.85 0.75
4 17 16 18 19  0.31 0.85 0.75
3 15 12 21  0.72 0.20 0.97
3 18 19 20  0.72 0.20 0.97
4 15 19 20 21  0.72 0.20 0.97
3 21 12 23  0.31 0.85 0.75
3 18 20 22   0.31 0.85 0.75
4 21 20 22 23  0.31 0.85 0.75
3 22 23 25  0.72 0.20 0.97
3 12 18 24  0.72 0.20 0.97
4 22 18 24 25  0.72 0.20 0.97
3 25 23 27  0.31 0.85 0.75
3 12 24 26   0.31 0.85 0.75
4 25 24 26 27  0.31 0.85 0.75
3 26 27 29  0.72 0.20 0.97
3 23 12 28  0.72 0.20 0.97
4 26 12 28 29  0.72 0.20 0.97
3 29 27 31  0.31 0.85 0.75
3 23 28 30   0.31 0.85 0.75
4 29 28 30 31  0.31 0.85 0.75
3 27 23 33  0.72 0.20 0.97
3 30 31 32  0.72 0.20 0.97
4 27 31 32 33  0.72 0.20 0.97
3 33 23 35  0.31 0.85 0.75
3 30 32 34   0.31 0.85 0.75
4 33 32 34 35  0.31 0.85 0.75
3 34 35 37  0.72 0.20 0.97
3 23 30 36  0.72 0.20 0.97
4 34 30 36 37  0.72 0.20 0.97
3 23 36 39  0.31 0.85 0.75
3 37 35 38   0.31 0.85 0.75
4 23 35 38 39  0.31 0.85 0.75
3 39 36 41  0.72 0.20 0.97
3 37 38 40  0.72 0.20 0.97
4 39 38 40 41  0.72 0.20 0.97
3 41 36 43  0.31 0.85 0.75
3 37 40 42   0.31 0.85 0.75
4 41 40 42 43  0.31 0.85 0.75
3 37 42 45  0.72 0.20 0.97
3 43 36 44  0.72 0.20 0.97
4 37 36 44 45  0.72 0.20 0.97
3 43 44 47  0.31 0.85 0.75
3 45 42 46   0.31 0.85 0.75
4 43 42 46 47  0.31 0.85 0.75
3 46 47 49  0.72 0.20 0.97
3 44 45 48  0.72 0.20 0.97
4 46 45 48 49  0.72 0.20 0.97
3 49 47 51  0.31 0.85 0.75
3 44 48 50   0.31 0.85 0.75
4 49 48 50 51  0.31 0.85 0.75



