OFF
52 73 124
-0.3 -0.3 -0.3
0.3 -0.3 -0.3
0.3 0.3 -0.3
-0.3 0.3 -0.3
0.3 0.3 0.3
0.3 -0.3 0.3
0.9 0.3 -0.3
0.9 -0.3 -0.3
0.9 -0.3 -0.9
0.9 0.3 -0.9
1.5 0.3 -0.9
1.5 -0.3 -0.9
0.9 0.3 -1.5
0.9 -0.3 -1.5
0.3 -0.3 -0.9
0.3 -0.3 -1.5
0.9 -0.9 -1.5
0.3 -0.9 -1.5
0.9 -0.3 -2.1
0.3 -0.3 -2.1
0.3 0.3 -1.5
0.3 0.3 -2.1
-0.3 0.3 -1.5
-0.3 -0.3 -1.5
-0.3 0.3 -0.9
0.3 0.3 -0.9
-0.3 0.9 -1.5
0.3 0.9 -1.5
0.3 0.3 -2.1
0.3 0.9 -2.1
0.9 0.9 -1.5
0.9 0.9 -2.1
0.9 1.5 -1.5
0.3 1.5 -1.5
0.9 0.9 -0.9
0.3 0.9 -0.9
0.9 0.3 -0.9
0.9 0.3 -1.5
1.5 0.3 -0.9
1.5 0.9 -0.9
0.9 0.3 -0.3
0.9 0.9 -0.3
0.3 0.9 -0.3
0.3 0.3 -0.3
0.3 0.3 0.3
0.3 0.9 0.3
-0.3 0.3 -0.3
-0.3 0.9 -0.3
-0.3 0.3 -0.9
0.3 0.3 -0.9
-0.3 -0.3 -0.3
0.3 -0.3 -0.3
4 0 1 2 3  0.72 0.20 0.97
3 0 1 5  0.72 0.20 0.97
3 2 3 4  0.72 0.20 0.97
4 0 3 4 5  0.72 0.20 0.97
3 5 1 7  0.31 0.85 0.75
3 2 4 6   0.31 0.85 0.75
4 5 4 6 7  0.31 0.85 0.75
3 2 6 9  0.72 0.20 0.97
3 7 1 8  0.72 0.20 0.97
4 2 1 8 9  0.72 0.20 0.97
3 7 8 11  0.31 0.85 0.75
3 9 6 10   0.31 0.85 0.75
4 7 6 10 11  0.31 0.85 0.75
3 11 8 13  0.72 0.20 0.97
3 9 10 12  0.72 0.20 0.97
4 11 10 12 13  0.72 0.20 0.97
3 12 13 15  0.31 0.85 0.75
3 8 9 14   0.31 0.85 0.75
4 12 9 14 15  0.31 0.85 0.75
3 14 15 17  0.72 0.20 0.97
3 13 8 16  0.72 0.20 0.97
4 14 8 16 17  0.72 0.20 0.97
3 17 15 19  0.31 0.85 0.75
3 13 16 18   0.31 0.85 0.75
4 17 16 18 19  0.31 0.85 0.75
3 18 19 21  0.72 0.20 0.97
3 15 13 20  0.72 0.20 0.97
4 18 13 20 21  0.72 0.20 0.97
3 19 15 23  0.31 0.85 0.75
3 20 21 22   0.31 0.85 0.75
4 19 21 22 23  0.31 0.85 0.75
3 15 20 25  0.72 0.20 0.97
3 22 23 24  0.72 0.20 0.97
4 15 23 24 25  0.72 0.20 0.97
3 25 20 27  0.31 0.85 0.75
3 22 24 26   0.31 0.85 0.75
4 25 24 26 27  0.31 0.85 0.75
3 26 27 29  0.72 0.20 0.97
3 20 22 28  0.72 0.20 0.97
4 26 22 28 29  0.72 0.20 0.97
3 28 29 31  0.31 0.85 0.75
3 27 20 30   0.31 0.85 0.75
4 28 20 30 31  0.31 0.85 0.75
3 29 27 33  0.72 0.20 0.97
3 30 31 32  0.72 0.20 0.97
4 29 31 32 33  0.72 0.20 0.97
3 33 27 35  0.31 0.85 0.75
3 30 32 34   0.31 0.85 0.75
4 33 32 34 35  0.31 0.85 0.75
3 27 30 37  0.72 0.20 0.97
3 34 35 36  0.72 0.20 0.97
4 27 35 36 37  0.72 0.20 0.97
3 30 34 39  0.31 0.85 0.75
3 36 37 38   0.31 0.85 0.75
4 30 37 38 39  0.31 0.85 0.75
3 39 34 41  0.72 0.20 0.97
3 36 38 40  0.72 0.20 0.97
4 39 38 40 41  0.72 0.20 0.97
3 36 40 43  0.31 0.85 0.75
3 41 34 42   0.31 0.85 0.75
4 36 34 42 43  0.31 0.85 0.75
3 41 42 45  0.72 0.20 0.97
3 43 40 44  0.72 0.20 0.97
4 41 40 44 45  0.72 0.20 0.97
3 45 42 47  0.31 0.85 0.75
3 43 44 46   0.31 0.85 0.75
4 45 44 46 47  0.31 0.85 0.75
3 42 43 49  0.72 0.20 0.97
3 46 47 48  0.72 0.20 0.97
4 42 47 48 49  0.72 0.20 0.97
3 49 43 51  0.31 0.85 0.75
3 46 48 50   0.31 0.85 0.75
4 49 48 50 51  0.31 0.85 0.75



