OFF
52 73 124
-0.3 -0.3 -0.3
0.3 -0.3 -0.3
0.3 0.3 -0.3
-0.3 0.3 -0.3
0.3 0.3 0.3
0.3 -0.3 0.3
0.9 -0.3 0.3
0.9 0.3 0.3
0.9 0.3 0.9
0.9 -0.3 0.9
1.5 0.3 0.3
1.5 -0.3 0.3
0.9 0.3 -0.3
0.9 -0.3 -0.3
0.3 -0.3 -0.3
0.3 0.3 -0.3
0.3 -0.3 -0.9
0.9 -0.3 -0.9
0.9 -0.9 -0.9
0.3 -0.9 -0.9
0.9 -0.9 -1.5
0.9 -0.3 -1.5
1.5 -0.3 -0.9
1.5 -0.3 -1.5
0.9 0.3 -0.9
0.9 0.3 -1.5
0.3 -0.3 -1.5
0.3 0.3 -1.5
0.3 0.3 -2.1
0.3 -0.3 -2.1
-0.3 0.3 -1.5
-0.3 -0.3 -1.5
0.3 0.3 -0.9
0.3 -0.3 -0.9
0.9 -0.3 -0.9
0.9 0.3 -0.9
0.3 0.3 -0.3
0.9 0.3 -0.3
0.3 0.9 -0.9
0.9 0.9 -0.9
0.9 0.3 -1.5
0.9 0.9 -1.5
1.5 0.3 -1.5
1.5 0.3 -0.9
1.5 -0.3 -0.9
1.5 -0.3 -1.5
2.1 -0.3 -0.9
2.1 0.3 -0.9
2.1 0.3 -0.3
2.1 -0.3 -0.3
2.7 0.3 -0.9
2.7 -0.3 -0.9
4 0 1 2 3  0.72 0.20 0.97
3 0 1 5  0.72 0.20 0.97
3 2 3 4  0.72 0.20 0.97
4 0 3 4 5  0.72 0.20 0.97
3 2 4 7  0.31 0.85 0.75
3 5 1 6   0.31 0.85 0.75
4 2 1 6 7  0.31 0.85 0.75
3 5 6 9  0.72 0.20 0.97
3 7 4 8  0.72 0.20 0.97
4 5 4 8 9  0.72 0.20 0.97
3 9 6 11  0.31 0.85 0.75
3 7 8 10   0.31 0.85 0.75
4 9 8 10 11  0.31 0.85 0.75
3 11 6 13  0.72 0.20 0.97
3 7 10 12  0.72 0.20 0.97
4 11 10 12 13  0.72 0.20 0.97
3 7 12 15  0.31 0.85 0.75
3 13 6 14   0.31 0.85 0.75
4 7 6 14 15  0.31 0.85 0.75
3 12 13 17  0.72 0.20 0.97
3 14 15 16  0.72 0.20 0.97
4 12 15 16 17  0.72 0.20 0.97
3 14 16 19  0.31 0.85 0.75
3 17 13 18   0.31 0.85 0.75
4 14 13 18 19  0.31 0.85 0.75
3 16 17 21  0.72 0.20 0.97
3 18 19 20  0.72 0.20 0.97
4 16 19 20 21  0.72 0.20 0.97
3 20 21 23  0.31 0.85 0.75
3 17 18 22   0.31 0.85 0.75
4 20 18 22 23  0.31 0.85 0.75
3 23 21 25  0.72 0.20 0.97
3 17 22 24  0.72 0.20 0.97
4 23 22 24 25  0.72 0.20 0.97
3 24 25 27  0.31 0.85 0.75
3 21 17 26   0.31 0.85 0.75
4 24 17 26 27  0.31 0.85 0.75
3 21 26 29  0.72 0.20 0.97
3 27 25 28  0.72 0.20 0.97
4 21 25 28 29  0.72 0.20 0.97
3 29 26 31  0.31 0.85 0.75
3 27 28 30   0.31 0.85 0.75
4 29 28 30 31  0.31 0.85 0.75
3 31 26 33  0.72 0.20 0.97
3 27 30 32  0.72 0.20 0.97
4 31 30 32 33  0.72 0.20 0.97
3 27 32 35  0.31 0.85 0.75
3 33 26 34   0.31 0.85 0.75
4 27 26 34 35  0.31 0.85 0.75
3 34 35 37  0.72 0.20 0.97
3 32 33 36  0.72 0.20 0.97
4 34 33 36 37  0.72 0.20 0.97
3 37 35 39  0.31 0.85 0.75
3 32 36 38   0.31 0.85 0.75
4 37 36 38 39  0.31 0.85 0.75
3 38 39 41  0.72 0.20 0.97
3 35 32 40  0.72 0.20 0.97
4 38 32 40 41  0.72 0.20 0.97
3 39 35 43  0.31 0.85 0.75
3 40 41 42   0.31 0.85 0.75
4 39 41 42 43  0.31 0.85 0.75
3 40 42 45  0.72 0.20 0.97
3 43 35 44  0.72 0.20 0.97
4 40 35 44 45  0.72 0.20 0.97
3 42 43 47  0.31 0.85 0.75
3 44 45 46   0.31 0.85 0.75
4 42 45 46 47  0.31 0.85 0.75
3 44 46 49  0.72 0.20 0.97
3 47 43 48  0.72 0.20 0.97
4 44 43 48 49  0.72 0.20 0.97
3 49 46 51  0.31 0.85 0.75
3 47 48 50   0.31 0.85 0.75
4 49 48 50 51  0.31 0.85 0.75



