OFF
52 73 124
-0.4 -0.4 -0.4
0.4 -0.4 -0.4
0.4 0.4 -0.4
-0.4 0.4 -0.4
0.4 0.4 0.4
0.4 -0.4 0.4
1.2 -0.4 -0.4
1.2 -0.4 0.4
0.4 -1.2 0.4
1.2 -1.2 0.4
1.2 -0.4 1.2
1.2 -1.2 1.2
2 -0.4 1.2
2 -0.4 0.4
1.2 0.4 0.4
2 0.4 0.4
1.2 0.4 -0.4
1.2 -0.4 -0.4
0.4 0.4 -0.4
0.4 0.4 0.4
0.4 1.2 -0.4
1.2 1.2 -0.4
1.2 1.2 -1.2
0.4 1.2 -1.2
0.4 2 -1.2
1.2 2 -1.2
0.4 2 -2
0.4 1.2 -2
-0.4 1.2 -1.2
-0.4 1.2 -2
-0.4 0.4 -2
-0.4 0.4 -1.2
-1.2 0.4 -1.2
-1.2 0.4 -2
-1.2 -0.4 -1.2
-0.4 -0.4 -1.2
-0.4 0.4 -0.4
-0.4 -0.4 -0.4
0.4 0.4 -1.2
0.4 -0.4 -1.2
0.4 0.4 -2
-0.4 0.4 -2
0.4 1.2 -2
0.4 1.2 -1.2
1.2 0.4 -1.2
1.2 1.2 -1.2
1.2 0.4 -0.4
0.4 0.4 -0.4
0.4 -0.4 -1.2
0.4 -0.4 -0.4
-0.4 0.4 -0.4
-0.4 -0.4 -0.4
4 0 1 2 3  0.72 0.20 0.97
3 0 1 5  0.72 0.20 0.97
3 2 3 4  0.72 0.20 0.97
4 0 3 4 5  0.72 0.20 0.97
3 4 5 7  0.31 0.85 0.75
3 1 2 6   0.31 0.85 0.75
4 4 2 6 7  0.31 0.85 0.75
3 6 7 9  0.72 0.20 0.97
3 5 1 8  0.72 0.20 0.97
4 6 1 8 9  0.72 0.20 0.97
3 8 9 11  0.31 0.85 0.75
3 7 5 10   0.31 0.85 0.75
4 8 5 10 11  0.31 0.85 0.75
3 9 7 13  0.72 0.20 0.97
3 10 11 12  0.72 0.20 0.97
4 9 11 12 13  0.72 0.20 0.97
3 12 13 15  0.31 0.85 0.75
3 7 10 14   0.31 0.85 0.75
4 12 10 14 15  0.31 0.85 0.75
3 13 7 17  0.72 0.20 0.97
3 14 15 16  0.72 0.20 0.97
4 13 15 16 17  0.72 0.20 0.97
3 7 14 19  0.31 0.85 0.75
3 16 17 18   0.31 0.85 0.75
4 7 17 18 19  0.31 0.85 0.75
3 14 16 21  0.72 0.20 0.97
3 18 19 20  0.72 0.20 0.97
4 14 19 20 21  0.72 0.20 0.97
3 18 20 23  0.31 0.85 0.75
3 21 16 22   0.31 0.85 0.75
4 18 16 22 23  0.31 0.85 0.75
3 21 22 25  0.72 0.20 0.97
3 23 20 24  0.72 0.20 0.97
4 21 20 24 25  0.72 0.20 0.97
3 22 23 27  0.31 0.85 0.75
3 24 25 26   0.31 0.85 0.75
4 22 25 26 27  0.31 0.85 0.75
3 26 27 29  0.72 0.20 0.97
3 23 24 28  0.72 0.20 0.97
4 26 24 28 29  0.72 0.20 0.97
3 23 28 31  0.31 0.85 0.75
3 29 27 30   0.31 0.85 0.75
4 23 27 30 31  0.31 0.85 0.75
3 29 30 33  0.72 0.20 0.97
3 31 28 32  0.72 0.20 0.97
4 29 28 32 33  0.72 0.20 0.97
3 30 31 35  0.31 0.85 0.75
3 32 33 34   0.31 0.85 0.75
4 30 33 34 35  0.31 0.85 0.75
3 34 35 37  0.72 0.20 0.97
3 31 32 36  0.72 0.20 0.97
4 34 32 36 37  0.72 0.20 0.97
3 37 35 39  0.31 0.85 0.75
3 31 36 38   0.31 0.85 0.75
4 37 36 38 39  0.31 0.85 0.75
3 35 31 41  0.72 0.20 0.97
3 38 39 40  0.72 0.20 0.97
4 35 39 40 41  0.72 0.20 0.97
3 31 38 43  0.31 0.85 0.75
3 40 41 42   0.31 0.85 0.75
4 31 41 42 43  0.31 0.85 0.75
3 42 43 45  0.72 0.20 0.97
3 38 40 44  0.72 0.20 0.97
4 42 40 44 45  0.72 0.20 0.97
3 43 38 47  0.31 0.85 0.75
3 44 45 46   0.31 0.85 0.75
4 43 45 46 47  0.31 0.85 0.75
3 46 47 49  0.72 0.20 0.97
3 38 44 48  0.72 0.20 0.97
4 46 44 48 49  0.72 0.20 0.97
3 48 49 51  0.31 0.85 0.75
3 47 38 50   0.31 0.85 0.75
4 48 38 50 51  0.31 0.85 0.75



