OFF
52 73 124
-0.2 -0.2 -0.2
0.2 -0.2 -0.2
0.2 0.2 -0.2
-0.2 0.2 -0.2
0.2 0.2 0.2
0.2 -0.2 0.2
0.6 -0.2 -0.2
0.6 -0.2 0.2
0.2 -0.6 0.2
0.6 -0.6 0.2
0.6 -0.2 0.6
0.6 -0.6 0.6
1 -0.6 0.2
1 -0.6 0.6
0.6 -1 0.6
1 -1 0.6
1 -0.6 1
1 -1 1
1.4 -1 0.6
1.4 -1 1
1 -1.4 1
1.4 -1.4 1
1.4 -1 1.4
1.4 -1.4 1.4
1.8 -1.4 1
1.8 -1.4 1.4
1.4 -1.8 1.4
1.8 -1.8 1.4
1.8 -1.4 1.8
1.8 -1.8 1.8
2.2 -1.8 1.4
2.2 -1.8 1.8
1.8 -2.2 1.8
2.2 -2.2 1.8
2.2 -1.8 2.2
2.2 -2.2 2.2
2.6 -2.2 1.8
2.6 -2.2 2.2
2.2 -2.6 2.2
2.6 -2.6 2.2
2.6 -2.2 2.6
2.6 -2.6 2.6
3 -2.6 2.2
3 -2.6 2.6
2.6 -3 2.6
3 -3 2.6
3 -2.6 3
3 -3 3
3.4 -3 2.6
3.4 -3 3
3 -3.4 3
3.4 -3.4 3
4 0 1 2 3  0.72 0.20 0.97
3 0 1 5  0.72 0.20 0.97
3 2 3 4  0.72 0.20 0.97
4 0 3 4 5  0.72 0.20 0.97
3 4 5 7  0.31 0.85 0.75
3 1 2 6   0.31 0.85 0.75
4 4 2 6 7  0.31 0.85 0.75
3 6 7 9  0.72 0.20 0.97
3 5 1 8  0.72 0.20 0.97
4 6 1 8 9  0.72 0.20 0.97
3 8 9 11  0.31 0.85 0.75
3 7 5 10   0.31 0.85 0.75
4 8 5 10 11  0.31 0.85 0.75
3 10 11 13  0.72 0.20 0.97
3 9 7 12  0.72 0.20 0.97
4 10 7 12 13  0.72 0.20 0.97
3 12 13 15  0.31 0.85 0.75
3 11 9 14   0.31 0.85 0.75
4 12 9 14 15  0.31 0.85 0.75
3 14 15 17  0.72 0.20 0.97
3 13 11 16  0.72 0.20 0.97
4 14 11 16 17  0.72 0.20 0.97
3 16 17 19  0.31 0.85 0.75
3 15 13 18   0.31 0.85 0.75
4 16 13 18 19  0.31 0.85 0.75
3 18 19 21  0.72 0.20 0.97
3 17 15 20  0.72 0.20 0.97
4 18 15 20 21  0.72 0.20 0.97
3 20 21 23  0.31 0.85 0.75
3 19 17 22   0.31 0.85 0.75
4 20 17 22 23  0.31 0.85 0.75
3 22 23 25  0.72 0.20 0.97
3 21 19 24  0.72 0.20 0.97
4 22 19 24 25  0.72 0.20 0.97
3 24 25 27  0.31 0.85 0.75
3 23 21 26   0.31 0.85 0.75
4 24 21 26 27  0.31 0.85 0.75
3 26 27 29  0.72 0.20 0.97
3 25 23 28  0.72 0.20 0.97
4 26 23 28 29  0.72 0.20 0.97
3 28 29 31  0.31 0.85 0.75
3 27 25 30   0.31 0.85 0.75
4 28 25 30 31  0.31 0.85 0.75
3 30 31 33  0.72 0.20 0.97
3 29 27 32  0.72 0.20 0.97
4 30 27 32 33  0.72 0.20 0.97
3 32 33 35  0.31 0.85 0.75
3 31 29 34   0.31 0.85 0.75
4 32 29 34 35  0.31 0.85 0.75
3 34 35 37  0.72 0.20 0.97
3 33 31 36  0.72 0.20 0.97
4 34 31 36 37  0.72 0.20 0.97
3 36 37 39  0.31 0.85 0.75
3 35 33 38   0.31 0.85 0.75
4 36 33 38 39  0.31 0.85 0.75
3 38 39 41  0.72 0.20 0.97
3 37 35 40  0.72 0.20 0.97
4 38 35 40 41  0.72 0.20 0.97
3 40 41 43  0.31 0.85 0.75
3 39 37 42   0.31 0.85 0.75
4 40 37 42 43  0.31 0.85 0.75
3 42 43 45  0.72 0.20 0.97
3 41 39 44  0.72 0.20 0.97
4 42 39 44 45  0.72 0.20 0.97
3 44 45 47  0.31 0.85 0.75
3 43 41 46   0.31 0.85 0.75
4 44 41 46 47  0.31 0.85 0.75
3 46 47 49  0.72 0.20 0.97
3 45 43 48  0.72 0.20 0.97
4 46 43 48 49  0.72 0.20 0.97
3 48 49 51  0.31 0.85 0.75
3 47 45 50   0.31 0.85 0.75
4 48 45 50 51  0.31 0.85 0.75



