OFF
52 73 124
-0.3 -0.3 -0.3
0.3 -0.3 -0.3
0.3 0.3 -0.3
-0.3 0.3 -0.3
0.3 0.3 0.3
0.3 -0.3 0.3
0.9 -0.3 -0.3
0.9 -0.3 0.3
0.3 -0.9 0.3
0.9 -0.9 0.3
0.9 -0.9 0.9
0.3 -0.9 0.9
0.9 -1.5 0.3
0.3 -1.5 0.3
0.3 -0.9 -0.3
0.3 -1.5 -0.3
-0.3 -0.9 -0.3
-0.3 -0.9 0.3
0.3 -0.3 0.3
-0.3 -0.3 0.3
-0.3 -0.9 0.9
-0.3 -0.3 0.9
-0.9 -0.9 0.9
-0.9 -0.9 0.3
-0.3 -1.5 0.3
-0.9 -1.5 0.3
-0.3 -1.5 -0.3
-0.3 -0.9 -0.3
0.3 -1.5 -0.3
0.3 -1.5 0.3
-0.3 -2.1 0.3
0.3 -2.1 0.3
-0.3 -2.1 0.9
-0.3 -1.5 0.9
-0.9 -2.1 0.3
-0.9 -1.5 0.3
-0.9 -1.5 -0.3
-0.9 -2.1 -0.3
-1.5 -1.5 -0.3
-1.5 -1.5 0.3
-1.5 -0.9 -0.3
-0.9 -0.9 -0.3
-0.9 -1.5 -0.9
-0.9 -0.9 -0.9
-0.3 -0.9 -0.3
-0.3 -0.9 -0.9
-0.3 -0.3 -0.9
-0.3 -0.3 -0.3
0.3 -0.3 -0.3
0.3 -0.3 -0.9
0.3 0.3 -0.3
-0.3 0.3 -0.3
4 0 1 2 3  0.72 0.20 0.97
3 0 1 5  0.72 0.20 0.97
3 2 3 4  0.72 0.20 0.97
4 0 3 4 5  0.72 0.20 0.97
3 4 5 7  0.31 0.85 0.75
3 1 2 6   0.31 0.85 0.75
4 4 2 6 7  0.31 0.85 0.75
3 6 7 9  0.72 0.20 0.97
3 5 1 8  0.72 0.20 0.97
4 6 1 8 9  0.72 0.20 0.97
3 5 8 11  0.31 0.85 0.75
3 9 7 10   0.31 0.85 0.75
4 5 7 10 11  0.31 0.85 0.75
3 11 8 13  0.72 0.20 0.97
3 9 10 12  0.72 0.20 0.97
4 11 10 12 13  0.72 0.20 0.97
3 12 13 15  0.31 0.85 0.75
3 8 9 14   0.31 0.85 0.75
4 12 9 14 15  0.31 0.85 0.75
3 13 8 17  0.72 0.20 0.97
3 14 15 16  0.72 0.20 0.97
4 13 15 16 17  0.72 0.20 0.97
3 16 17 19  0.31 0.85 0.75
3 8 14 18   0.31 0.85 0.75
4 16 14 18 19  0.31 0.85 0.75
3 18 19 21  0.72 0.20 0.97
3 17 8 20  0.72 0.20 0.97
4 18 8 20 21  0.72 0.20 0.97
3 19 17 23  0.31 0.85 0.75
3 20 21 22   0.31 0.85 0.75
4 19 21 22 23  0.31 0.85 0.75
3 22 23 25  0.72 0.20 0.97
3 17 20 24  0.72 0.20 0.97
4 22 20 24 25  0.72 0.20 0.97
3 23 17 27  0.31 0.85 0.75
3 24 25 26   0.31 0.85 0.75
4 23 25 26 27  0.31 0.85 0.75
3 17 24 29  0.72 0.20 0.97
3 26 27 28  0.72 0.20 0.97
4 17 27 28 29  0.72 0.20 0.97
3 28 29 31  0.31 0.85 0.75
3 24 26 30   0.31 0.85 0.75
4 28 26 30 31  0.31 0.85 0.75
3 29 24 33  0.72 0.20 0.97
3 30 31 32  0.72 0.20 0.97
4 29 31 32 33  0.72 0.20 0.97
3 33 24 35  0.31 0.85 0.75
3 30 32 34   0.31 0.85 0.75
4 33 32 34 35  0.31 0.85 0.75
3 30 34 37  0.72 0.20 0.97
3 35 24 36  0.72 0.20 0.97
4 30 24 36 37  0.72 0.20 0.97
3 34 35 39  0.31 0.85 0.75
3 36 37 38   0.31 0.85 0.75
4 34 37 38 39  0.31 0.85 0.75
3 35 36 41  0.72 0.20 0.97
3 38 39 40  0.72 0.20 0.97
4 35 39 40 41  0.72 0.20 0.97
3 40 41 43  0.31 0.85 0.75
3 36 38 42   0.31 0.85 0.75
4 40 38 42 43  0.31 0.85 0.75
3 42 43 45  0.72 0.20 0.97
3 41 36 44  0.72 0.20 0.97
4 42 36 44 45  0.72 0.20 0.97
3 41 44 47  0.31 0.85 0.75
3 45 43 46   0.31 0.85 0.75
4 41 43 46 47  0.31 0.85 0.75
3 45 46 49  0.72 0.20 0.97
3 47 44 48  0.72 0.20 0.97
4 45 44 48 49  0.72 0.20 0.97
3 46 47 51  0.31 0.85 0.75
3 48 49 50   0.31 0.85 0.75
4 46 49 50 51  0.31 0.85 0.75



