OFF
52 73 124
-0.3 -0.3 -0.3
0.3 -0.3 -0.3
0.3 0.3 -0.3
-0.3 0.3 -0.3
0.3 0.3 0.3
0.3 -0.3 0.3
0.9 0.3 -0.3
0.9 -0.3 -0.3
0.9 -0.3 -0.9
0.9 0.3 -0.9
1.5 -0.3 -0.9
1.5 -0.3 -0.3
0.9 -0.9 -0.9
0.9 -0.9 -0.3
0.3 -0.3 -0.3
0.3 -0.9 -0.3
0.9 -0.3 0.3
0.9 -0.9 0.3
1.5 -0.3 0.3
1.5 -0.3 -0.3
0.9 0.3 0.3
0.9 0.3 -0.3
0.3 0.3 0.3
0.3 -0.3 0.3
0.9 0.3 0.9
0.9 -0.3 0.9
1.5 -0.3 0.3
1.5 -0.3 0.9
0.9 -0.9 0.3
0.9 -0.9 0.9
0.3 -0.9 0.3
0.3 -0.3 0.3
0.3 -0.3 -0.3
0.3 -0.9 -0.3
-0.3 -0.3 0.3
-0.3 -0.9 0.3
-0.3 -0.3 0.9
0.3 -0.3 0.9
-0.3 0.3 0.3
0.3 0.3 0.3
-0.3 0.3 -0.3
-0.3 -0.3 -0.3
-0.9 -0.3 0.3
-0.9 -0.3 -0.3
-0.3 -0.9 0.3
-0.3 -0.9 -0.3
0.3 -0.3 -0.3
0.3 -0.9 -0.3
0.3 -0.3 -0.9
-0.3 -0.3 -0.9
0.3 0.3 -0.3
-0.3 0.3 -0.3
4 0 1 2 3  0.72 0.20 0.97
3 0 1 5  0.72 0.20 0.97
3 2 3 4  0.72 0.20 0.97
4 0 3 4 5  0.72 0.20 0.97
3 5 1 7  0.31 0.85 0.75
3 2 4 6   0.31 0.85 0.75
4 5 4 6 7  0.31 0.85 0.75
3 2 6 9  0.72 0.20 0.97
3 7 1 8  0.72 0.20 0.97
4 2 1 8 9  0.72 0.20 0.97
3 6 7 11  0.31 0.85 0.75
3 8 9 10   0.31 0.85 0.75
4 6 9 10 11  0.31 0.85 0.75
3 11 7 13  0.72 0.20 0.97
3 8 10 12  0.72 0.20 0.97
4 11 10 12 13  0.72 0.20 0.97
3 12 13 15  0.31 0.85 0.75
3 7 8 14   0.31 0.85 0.75
4 12 8 14 15  0.31 0.85 0.75
3 15 13 17  0.72 0.20 0.97
3 7 14 16  0.72 0.20 0.97
4 15 14 16 17  0.72 0.20 0.97
3 13 7 19  0.31 0.85 0.75
3 16 17 18   0.31 0.85 0.75
4 13 17 18 19  0.31 0.85 0.75
3 19 7 21  0.72 0.20 0.97
3 16 18 20  0.72 0.20 0.97
4 19 18 20 21  0.72 0.20 0.97
3 7 16 23  0.31 0.85 0.75
3 20 21 22   0.31 0.85 0.75
4 7 21 22 23  0.31 0.85 0.75
3 23 16 25  0.72 0.20 0.97
3 20 22 24  0.72 0.20 0.97
4 23 22 24 25  0.72 0.20 0.97
3 24 25 27  0.31 0.85 0.75
3 16 20 26   0.31 0.85 0.75
4 24 20 26 27  0.31 0.85 0.75
3 27 25 29  0.72 0.20 0.97
3 16 26 28  0.72 0.20 0.97
4 27 26 28 29  0.72 0.20 0.97
3 25 16 31  0.31 0.85 0.75
3 28 29 30   0.31 0.85 0.75
4 25 29 30 31  0.31 0.85 0.75
3 28 30 33  0.72 0.20 0.97
3 31 16 32  0.72 0.20 0.97
4 28 16 32 33  0.72 0.20 0.97
3 33 30 35  0.31 0.85 0.75
3 31 32 34   0.31 0.85 0.75
4 33 32 34 35  0.31 0.85 0.75
3 30 31 37  0.72 0.20 0.97
3 34 35 36  0.72 0.20 0.97
4 30 35 36 37  0.72 0.20 0.97
3 37 31 39  0.31 0.85 0.75
3 34 36 38   0.31 0.85 0.75
4 37 36 38 39  0.31 0.85 0.75
3 31 34 41  0.72 0.20 0.97
3 38 39 40  0.72 0.20 0.97
4 31 39 40 41  0.72 0.20 0.97
3 40 41 43  0.31 0.85 0.75
3 34 38 42   0.31 0.85 0.75
4 40 38 42 43  0.31 0.85 0.75
3 43 41 45  0.72 0.20 0.97
3 34 42 44  0.72 0.20 0.97
4 43 42 44 45  0.72 0.20 0.97
3 44 45 47  0.31 0.85 0.75
3 41 34 46   0.31 0.85 0.75
4 44 34 46 47  0.31 0.85 0.75
3 45 41 49  0.72 0.20 0.97
3 46 47 48  0.72 0.20 0.97
4 45 47 48 49  0.72 0.20 0.97
3 49 41 51  0.31 0.85 0.75
3 46 48 50   0.31 0.85 0.75
4 49 48 50 51  0.31 0.85 0.75



