OFF
52 73 124
-0.3 -0.3 -0.3
0.3 -0.3 -0.3
0.3 0.3 -0.3
-0.3 0.3 -0.3
0.3 0.3 0.3
0.3 -0.3 0.3
0.9 0.3 -0.3
0.9 -0.3 -0.3
0.3 0.3 -0.9
0.3 -0.3 -0.9
-0.3 0.3 -0.9
-0.3 0.3 -0.3
-0.3 0.9 -0.3
-0.3 0.9 -0.9
-0.9 0.3 -0.3
-0.9 0.3 -0.9
-0.3 -0.3 -0.3
-0.3 -0.3 -0.9
0.3 -0.3 -0.9
0.3 -0.3 -0.3
-0.3 -0.9 -0.9
-0.3 -0.9 -0.3
-0.9 -0.9 -0.3
-0.9 -0.9 -0.9
-0.3 -1.5 -0.3
-0.3 -1.5 -0.9
0.3 -0.9 -0.3
0.3 -0.9 -0.9
0.3 -0.3000001 -0.9
0.3 -0.3000001 -0.3
0.9 -0.3 -0.9
0.9 -0.9 -0.9
0.3 -0.9 -1.5
0.9 -0.9 -1.5
0.9 -1.5 -1.5
0.3 -1.5 -1.5
0.9 -0.9 -2.1
0.3 -0.9 -2.1
0.9 -0.3000001 -1.5
0.3 -0.3000001 -1.5
0.3 -0.3 -0.9000001
0.9 -0.3 -0.9000001
0.3 0.2999999 -1.5
0.9 0.2999999 -1.5
0.9 0.2999998 -2.1
0.3 0.2999998 -2.1
0.9 0.8999999 -1.5
0.3 0.8999999 -1.5
0.9 0.3 -0.9000001
0.3 0.3 -0.9000001
0.3 -0.3 -0.9000001
0.9 -0.3 -0.9000001
4 0 1 2 3 0.72 0.20 0.97
3 0 1 5 0.72 0.20 0.97
3 2 3 4 0.72 0.20 0.97
4 0 3 4 5 0.72 0.20 0.97
3 5 1 7  0.31 0.85 0.75
3 2 4 6  0.31 0.85 0.75
4 5 4 6 7  0.31 0.85 0.75
3 7 1 9  0.72 0.20 0.97
3 2 6 8  0.72 0.20 0.97
4 7 6 8 9  0.72 0.20 0.97
3 1 2 11  0.31 0.85 0.75
3 8 9 10  0.31 0.85 0.75
4 1 9 10 11  0.31 0.85 0.75
3 8 10 13  0.72 0.20 0.97
3 11 2 12  0.72 0.20 0.97
4 8 2 12 13  0.72 0.20 0.97
3 13 10 15  0.31 0.85 0.75
3 11 12 14  0.31 0.85 0.75
4 13 12 14 15  0.31 0.85 0.75
3 15 10 17  0.72 0.20 0.97
3 11 14 16  0.72 0.20 0.97
4 15 14 16 17  0.72 0.20 0.97
3 11 16 19  0.31 0.85 0.75
3 17 10 18  0.31 0.85 0.75
4 11 10 18 19  0.31 0.85 0.75
3 19 16 21  0.72 0.20 0.97
3 17 18 20  0.72 0.20 0.97
4 19 18 20 21  0.72 0.20 0.97
3 17 20 23  0.31 0.85 0.75
3 21 16 22  0.31 0.85 0.75
4 17 16 22 23  0.31 0.85 0.75
3 23 20 25  0.72 0.20 0.97
3 21 22 24  0.72 0.20 0.97
4 23 22 24 25  0.72 0.20 0.97
3 25 20 27  0.31 0.85 0.75
3 21 24 26  0.31 0.85 0.75
4 25 24 26 27  0.31 0.85 0.75
3 21 26 29  0.72 0.20 0.97
3 27 20 28  0.72 0.20 0.97
4 21 20 28 29  0.72 0.20 0.97
3 26 27 31  0.31 0.85 0.75
3 28 29 30  0.31 0.85 0.75
4 26 29 30 31  0.31 0.85 0.75
3 30 31 33  0.72 0.20 0.97
3 27 28 32  0.72 0.20 0.97
4 30 28 32 33  0.72 0.20 0.97
3 27 32 35  0.31 0.85 0.75
3 33 31 34  0.31 0.85 0.75
4 27 31 34 35  0.31 0.85 0.75
3 35 32 37  0.72 0.20 0.97
3 33 34 36  0.72 0.20 0.97
4 35 34 36 37  0.72 0.20 0.97
3 37 32 39  0.31 0.85 0.75
3 33 36 38  0.31 0.85 0.75
4 37 36 38 39  0.31 0.85 0.75
3 33 38 41  0.72 0.20 0.97
3 39 32 40  0.72 0.20 0.97
4 33 32 40 41  0.72 0.20 0.97
3 41 38 43  0.31 0.85 0.75
3 39 40 42  0.31 0.85 0.75
4 41 40 42 43  0.31 0.85 0.75
3 39 42 45  0.72 0.20 0.97
3 43 38 44  0.72 0.20 0.97
4 39 38 44 45  0.72 0.20 0.97
3 45 42 47  0.31 0.85 0.75
3 43 44 46  0.31 0.85 0.75
4 45 44 46 47  0.31 0.85 0.75
3 47 42 49  0.72 0.20 0.97
3 43 46 48  0.72 0.20 0.97
4 47 46 48 49  0.72 0.20 0.97
3 43 48 51  0.31 0.85 0.75
3 49 42 50  0.31 0.85 0.75
4 43 42 50 51  0.31 0.85 0.75
 
 
 
