OFF
52 73 124
-0.4 -0.4 -0.4
0.4 -0.4 -0.4
0.4 0.4 -0.4
-0.4 0.4 -0.4
0.4 0.4 0.4
0.4 -0.4 0.4
1.2 -0.4 0.4
1.2 0.4 0.4
0.4 -0.4 1.2
0.4 0.4 1.2
-0.4 0.4 1.2
-0.4 -0.4 1.2
0.4 0.4 2
0.4 -0.4 2
1.2 0.4 1.2
1.2 -0.4 1.2
1.2 -0.4 0.4
1.2 0.4 0.4
2 -0.4 1.2
2 0.4 1.2
2 0.4 2
2 -0.4 2
2.8 -0.4 2
2.8 0.4 2
2.8 0.4 2.8
2.8 -0.4 2.8
3.6 0.4 2
3.6 -0.4 2
2.8 0.4 1.2
2.8 -0.4 1.2
2 -0.4 1.2
2 0.4 1.2
2 0.4 0.4
2 -0.4 0.4
1.2 -0.4 0.4
1.2 0.4 0.4
2 -0.4 -0.4
2 0.4 -0.4
2.8 0.4 -0.4
2.8 -0.4 -0.4
2 0.4 -1.2
2 -0.4 -1.2
1.2 0.4 -0.4
1.2 -0.4 -0.4
1.2 -0.4 0.4
1.2 0.4 0.4
0.4 -0.4 -0.4
0.4 0.4 -0.4
0.4 0.4 -1.2
0.4 -0.4 -1.2
-0.4 0.4 -0.4
-0.4 -0.4 -0.4
4 0 1 2 3  0.72 0.20 0.97
3 0 1 5  0.72 0.20 0.97
3 2 3 4  0.72 0.20 0.97
4 0 3 4 5  0.72 0.20 0.97
3 2 4 7  0.31 0.85 0.75
3 5 1 6   0.31 0.85 0.75
4 2 1 6 7  0.31 0.85 0.75
3 7 4 9  0.72 0.20 0.97
3 5 6 8  0.72 0.20 0.97
4 7 6 8 9  0.72 0.20 0.97
3 5 8 11  0.31 0.85 0.75
3 9 4 10   0.31 0.85 0.75
4 5 4 10 11  0.31 0.85 0.75
3 11 8 13  0.72 0.20 0.97
3 9 10 12  0.72 0.20 0.97
4 11 10 12 13  0.72 0.20 0.97
3 13 8 15  0.31 0.85 0.75
3 9 12 14   0.31 0.85 0.75
4 13 12 14 15  0.31 0.85 0.75
3 9 14 17  0.72 0.20 0.97
3 15 8 16  0.72 0.20 0.97
4 9 8 16 17  0.72 0.20 0.97
3 17 14 19  0.31 0.85 0.75
3 15 16 18   0.31 0.85 0.75
4 17 16 18 19  0.31 0.85 0.75
3 15 18 21  0.72 0.20 0.97
3 19 14 20  0.72 0.20 0.97
4 15 14 20 21  0.72 0.20 0.97
3 19 20 23  0.31 0.85 0.75
3 21 18 22   0.31 0.85 0.75
4 19 18 22 23  0.31 0.85 0.75
3 21 22 25  0.72 0.20 0.97
3 23 20 24  0.72 0.20 0.97
4 21 20 24 25  0.72 0.20 0.97
3 25 22 27  0.31 0.85 0.75
3 23 24 26   0.31 0.85 0.75
4 25 24 26 27  0.31 0.85 0.75
3 27 22 29  0.72 0.20 0.97
3 23 26 28  0.72 0.20 0.97
4 27 26 28 29  0.72 0.20 0.97
3 23 28 31  0.31 0.85 0.75
3 29 22 30   0.31 0.85 0.75
4 23 22 30 31  0.31 0.85 0.75
3 29 30 33  0.72 0.20 0.97
3 31 28 32  0.72 0.20 0.97
4 29 28 32 33  0.72 0.20 0.97
3 31 32 35  0.31 0.85 0.75
3 33 30 34   0.31 0.85 0.75
4 31 30 34 35  0.31 0.85 0.75
3 35 32 37  0.72 0.20 0.97
3 33 34 36  0.72 0.20 0.97
4 35 34 36 37  0.72 0.20 0.97
3 33 36 39  0.31 0.85 0.75
3 37 32 38   0.31 0.85 0.75
4 33 32 38 39  0.31 0.85 0.75
3 39 36 41  0.72 0.20 0.97
3 37 38 40  0.72 0.20 0.97
4 39 38 40 41  0.72 0.20 0.97
3 41 36 43  0.31 0.85 0.75
3 37 40 42   0.31 0.85 0.75
4 41 40 42 43  0.31 0.85 0.75
3 37 42 45  0.72 0.20 0.97
3 43 36 44  0.72 0.20 0.97
4 37 36 44 45  0.72 0.20 0.97
3 45 42 47  0.31 0.85 0.75
3 43 44 46   0.31 0.85 0.75
4 45 44 46 47  0.31 0.85 0.75
3 43 46 49  0.72 0.20 0.97
3 47 42 48  0.72 0.20 0.97
4 43 42 48 49  0.72 0.20 0.97
3 49 46 51  0.31 0.85 0.75
3 47 48 50   0.31 0.85 0.75
4 49 48 50 51  0.31 0.85 0.75



