OFF
52 73 124
-0.3 -0.3 -0.3
0.3 -0.3 -0.3
0.3 0.3 -0.3
-0.3 0.3 -0.3
0.3 0.3 0.3
0.3 -0.3 0.3
0.9 0.3 0.3
0.9 0.3 -0.3
0.3 0.9 -0.3
0.9 0.9 -0.3
0.3 0.3 -0.9
0.9 0.3 -0.9
0.9 -0.3 -0.3
0.9 -0.3 -0.9
1.5 0.3 -0.9
1.5 -0.3 -0.9
1.5 -0.3 -1.5
1.5 0.3 -1.5
2.1 -0.3 -1.5
2.1 -0.3 -0.9
1.5 -0.9 -0.9
2.1 -0.9 -0.9
1.5 -0.3 -0.3
2.1 -0.3 -0.3
1.5 0.3 -0.3
1.5 0.3 -0.9
0.9 0.3 -0.3
0.9 -0.3 -0.3
1.5 0.3 0.3
1.5 -0.3 0.3
2.1 -0.3 -0.3
2.1 -0.3 0.3
1.5 -0.9 0.3
2.1 -0.9 0.3
1.5 -0.3 0.9
2.1 -0.3 0.9
1.5 0.3 0.9
1.5 0.3 0.3
0.9 -0.3 0.3
0.9 0.3 0.3
0.9 0.3 -0.3
0.9 -0.3 -0.3
0.3 -0.3 0.3
0.3 -0.3 -0.3
0.9 -0.9 -0.3
0.3 -0.9 -0.3
0.9 -0.3 -0.9
0.3 -0.3 -0.9
0.3 0.3 -0.3
0.3 0.3 -0.9
-0.3 0.3 -0.3
-0.3 -0.3 -0.3
4 0 1 2 3  0.72 0.20 0.97
3 0 1 5  0.72 0.20 0.97
3 2 3 4  0.72 0.20 0.97
4 0 3 4 5  0.72 0.20 0.97
3 1 2 7  0.31 0.85 0.75
3 4 5 6   0.31 0.85 0.75
4 1 5 6 7  0.31 0.85 0.75
3 6 7 9  0.72 0.20 0.97
3 2 4 8  0.72 0.20 0.97
4 6 4 8 9  0.72 0.20 0.97
3 9 7 11  0.31 0.85 0.75
3 2 8 10   0.31 0.85 0.75
4 9 8 10 11  0.31 0.85 0.75
3 10 11 13  0.72 0.20 0.97
3 7 2 12  0.72 0.20 0.97
4 10 2 12 13  0.72 0.20 0.97
3 12 13 15  0.31 0.85 0.75
3 11 7 14   0.31 0.85 0.75
4 12 7 14 15  0.31 0.85 0.75
3 11 14 17  0.72 0.20 0.97
3 15 13 16  0.72 0.20 0.97
4 11 13 16 17  0.72 0.20 0.97
3 14 15 19  0.31 0.85 0.75
3 16 17 18   0.31 0.85 0.75
4 14 17 18 19  0.31 0.85 0.75
3 18 19 21  0.72 0.20 0.97
3 15 16 20  0.72 0.20 0.97
4 18 16 20 21  0.72 0.20 0.97
3 21 19 23  0.31 0.85 0.75
3 15 20 22   0.31 0.85 0.75
4 21 20 22 23  0.31 0.85 0.75
3 19 15 25  0.72 0.20 0.97
3 22 23 24  0.72 0.20 0.97
4 19 23 24 25  0.72 0.20 0.97
3 15 22 27  0.31 0.85 0.75
3 24 25 26   0.31 0.85 0.75
4 15 25 26 27  0.31 0.85 0.75
3 27 22 29  0.72 0.20 0.97
3 24 26 28  0.72 0.20 0.97
4 27 26 28 29  0.72 0.20 0.97
3 28 29 31  0.31 0.85 0.75
3 22 24 30   0.31 0.85 0.75
4 28 24 30 31  0.31 0.85 0.75
3 30 31 33  0.72 0.20 0.97
3 29 22 32  0.72 0.20 0.97
4 30 22 32 33  0.72 0.20 0.97
3 33 31 35  0.31 0.85 0.75
3 29 32 34   0.31 0.85 0.75
4 33 32 34 35  0.31 0.85 0.75
3 31 29 37  0.72 0.20 0.97
3 34 35 36  0.72 0.20 0.97
4 31 35 36 37  0.72 0.20 0.97
3 36 37 39  0.31 0.85 0.75
3 29 34 38   0.31 0.85 0.75
4 36 34 38 39  0.31 0.85 0.75
3 29 38 41  0.72 0.20 0.97
3 39 37 40  0.72 0.20 0.97
4 29 37 40 41  0.72 0.20 0.97
3 40 41 43  0.31 0.85 0.75
3 38 39 42   0.31 0.85 0.75
4 40 39 42 43  0.31 0.85 0.75
3 42 43 45  0.72 0.20 0.97
3 41 38 44  0.72 0.20 0.97
4 42 38 44 45  0.72 0.20 0.97
3 45 43 47  0.31 0.85 0.75
3 41 44 46   0.31 0.85 0.75
4 45 44 46 47  0.31 0.85 0.75
3 46 47 49  0.72 0.20 0.97
3 43 41 48  0.72 0.20 0.97
4 46 41 48 49  0.72 0.20 0.97
3 47 43 51  0.31 0.85 0.75
3 48 49 50   0.31 0.85 0.75
4 47 49 50 51  0.31 0.85 0.75



