OFF
52 73 124
-0.3 -0.3 -0.3
0.3 -0.3 -0.3
0.3 0.3 -0.3
-0.3 0.3 -0.3
0.3 0.3 0.3
0.3 -0.3 0.3
0.9 -0.3 0.3
0.9 0.3 0.3
0.9 0.3 0.9
0.9 -0.3 0.9
1.5 0.3 0.3
1.5 -0.3 0.3
0.9 0.3 -0.3
0.9 -0.3 -0.3
0.3 -0.3 -0.3
0.3 0.3 -0.3
0.9 0.3 -0.9
0.3 0.3 -0.9
0.3 0.9 -0.9
0.9 0.9 -0.9
0.9 0.9 -1.5
0.3 0.9 -1.5
0.9 1.5 -0.9
0.3 1.5 -0.9
0.9 0.9 -0.3
0.3 0.9 -0.3
0.3 0.3 -0.3
0.9 0.3 -0.3
0.3 0.3 0.3
0.3 0.9 0.3
-0.3 0.9 0.3
-0.3 0.3 0.3
-0.3 0.3 0.9
-0.3 0.9 0.9
-0.9 0.3 0.3
-0.9 0.9 0.3
-0.3 0.3 -0.3
-0.3 0.9 -0.3
0.3 0.9 -0.3
0.3 0.3 -0.3
-0.3 0.3 -0.9
0.3 0.3 -0.9
0.3 -0.3 -0.9
-0.3 -0.3 -0.9
-0.3 -0.3 -1.5
0.3 -0.3 -1.5
-0.3 -0.9 -0.9
0.3 -0.9 -0.9
-0.3 -0.3 -0.3
0.3 -0.3 -0.3
0.3 0.3 -0.3
-0.3 0.3 -0.3
4 0 1 2 3  0.72 0.20 0.97
3 0 1 5  0.72 0.20 0.97
3 2 3 4  0.72 0.20 0.97
4 0 3 4 5  0.72 0.20 0.97
3 2 4 7  0.31 0.85 0.75
3 5 1 6   0.31 0.85 0.75
4 2 1 6 7  0.31 0.85 0.75
3 5 6 9  0.72 0.20 0.97
3 7 4 8  0.72 0.20 0.97
4 5 4 8 9  0.72 0.20 0.97
3 9 6 11  0.31 0.85 0.75
3 7 8 10   0.31 0.85 0.75
4 9 8 10 11  0.31 0.85 0.75
3 11 6 13  0.72 0.20 0.97
3 7 10 12  0.72 0.20 0.97
4 11 10 12 13  0.72 0.20 0.97
3 7 12 15  0.31 0.85 0.75
3 13 6 14   0.31 0.85 0.75
4 7 6 14 15  0.31 0.85 0.75
3 14 15 17  0.72 0.20 0.97
3 12 13 16  0.72 0.20 0.97
4 14 13 16 17  0.72 0.20 0.97
3 12 16 19  0.31 0.85 0.75
3 17 15 18   0.31 0.85 0.75
4 12 15 18 19  0.31 0.85 0.75
3 17 18 21  0.72 0.20 0.97
3 19 16 20  0.72 0.20 0.97
4 17 16 20 21  0.72 0.20 0.97
3 21 18 23  0.31 0.85 0.75
3 19 20 22   0.31 0.85 0.75
4 21 20 22 23  0.31 0.85 0.75
3 23 18 25  0.72 0.20 0.97
3 19 22 24  0.72 0.20 0.97
4 23 22 24 25  0.72 0.20 0.97
3 19 24 27  0.31 0.85 0.75
3 25 18 26   0.31 0.85 0.75
4 19 18 26 27  0.31 0.85 0.75
3 24 25 29  0.72 0.20 0.97
3 26 27 28  0.72 0.20 0.97
4 24 27 28 29  0.72 0.20 0.97
3 26 28 31  0.31 0.85 0.75
3 29 25 30   0.31 0.85 0.75
4 26 25 30 31  0.31 0.85 0.75
3 29 30 33  0.72 0.20 0.97
3 31 28 32  0.72 0.20 0.97
4 29 28 32 33  0.72 0.20 0.97
3 33 30 35  0.31 0.85 0.75
3 31 32 34   0.31 0.85 0.75
4 33 32 34 35  0.31 0.85 0.75
3 35 30 37  0.72 0.20 0.97
3 31 34 36  0.72 0.20 0.97
4 35 34 36 37  0.72 0.20 0.97
3 31 36 39  0.31 0.85 0.75
3 37 30 38   0.31 0.85 0.75
4 31 30 38 39  0.31 0.85 0.75
3 38 39 41  0.72 0.20 0.97
3 36 37 40  0.72 0.20 0.97
4 38 37 40 41  0.72 0.20 0.97
3 36 40 43  0.31 0.85 0.75
3 41 39 42   0.31 0.85 0.75
4 36 39 42 43  0.31 0.85 0.75
3 41 42 45  0.72 0.20 0.97
3 43 40 44  0.72 0.20 0.97
4 41 40 44 45  0.72 0.20 0.97
3 45 42 47  0.31 0.85 0.75
3 43 44 46   0.31 0.85 0.75
4 45 44 46 47  0.31 0.85 0.75
3 47 42 49  0.72 0.20 0.97
3 43 46 48  0.72 0.20 0.97
4 47 46 48 49  0.72 0.20 0.97
3 43 48 51  0.31 0.85 0.75
3 49 42 50   0.31 0.85 0.75
4 43 42 50 51  0.31 0.85 0.75



