OFF
52 73 124
-0.3 -0.3 -0.3
0.3 -0.3 -0.3
0.3 0.3 -0.3
-0.3 0.3 -0.3
0.3 0.3 0.3
0.3 -0.3 0.3
0.9 0.3 0.3
0.9 0.3 -0.3
0.9 0.9 -0.3
0.9 0.9 0.3
1.5 0.3 -0.3
1.5 0.3 0.3
0.9 -0.3 -0.3
0.9 -0.3 0.3
0.3000001 -0.3 0.3
0.3000001 -0.3 -0.3
0.3 -0.9 0.3
0.9 -0.9 0.3
0.9 -0.3 0.9
0.9 -0.9 0.9
1.5 -0.3 0.3
1.5 -0.9 0.3
1.5 -0.3 -0.3
0.9 -0.3 -0.3
1.5 0.3 -0.3
1.5 0.3 0.3
2.1 0.3 -0.3
2.1 -0.3 -0.3
1.5 0.3 -0.9
1.5 -0.3 -0.9
0.9000001 -0.3 -0.3
0.9000001 -0.3 -0.9
1.5 -0.9 -0.9
0.9000001 -0.9 -0.9
0.9000001 -0.3 -1.5
0.9000001 -0.9 -1.5
0.3000002 -0.3 -0.9
0.3000002 -0.9 -0.9
0.3000002 -0.3 -0.3000001
0.9000001 -0.3 -0.3000001
0.9000001 0.3 -0.9
0.9000001 0.3 -0.3000001
1.5 0.3 -0.3000001
1.5 0.3 -0.9
0.9000001 0.9 -0.3000001
0.9000001 0.9 -0.9
0.3000002 0.3 -0.3000001
0.3000002 0.3 -0.9
0.3000002 -0.3 -0.9
0.3000002 -0.3 -0.3000001
-0.2999997 0.3 -0.3000001
-0.2999997 -0.3 -0.3000001
4 0 1 2 3 0.72 0.20 0.97
3 0 1 5 0.72 0.20 0.97
3 2 3 4 0.72 0.20 0.97
4 0 3 4 5 0.72 0.20 0.97
3 1 2 7  0.31 0.85 0.75
3 4 5 6  0.31 0.85 0.75
4 1 5 6 7  0.31 0.85 0.75
3 4 6 9  0.72 0.20 0.97
3 7 2 8  0.72 0.20 0.97
4 4 2 8 9  0.72 0.20 0.97
3 9 6 11  0.31 0.85 0.75
3 7 8 10  0.31 0.85 0.75
4 9 8 10 11  0.31 0.85 0.75
3 11 6 13  0.72 0.20 0.97
3 7 10 12  0.72 0.20 0.97
4 11 10 12 13  0.72 0.20 0.97
3 7 12 15  0.31 0.85 0.75
3 13 6 14  0.31 0.85 0.75
4 7 6 14 15  0.31 0.85 0.75
3 12 13 17  0.72 0.20 0.97
3 14 15 16  0.72 0.20 0.97
4 12 15 16 17  0.72 0.20 0.97
3 16 17 19  0.31 0.85 0.75
3 13 14 18  0.31 0.85 0.75
4 16 14 18 19  0.31 0.85 0.75
3 19 17 21  0.72 0.20 0.97
3 13 18 20  0.72 0.20 0.97
4 19 18 20 21  0.72 0.20 0.97
3 17 13 23  0.31 0.85 0.75
3 20 21 22  0.31 0.85 0.75
4 17 21 22 23  0.31 0.85 0.75
3 13 20 25  0.72 0.20 0.97
3 22 23 24  0.72 0.20 0.97
4 13 23 24 25  0.72 0.20 0.97
3 20 22 27  0.31 0.85 0.75
3 24 25 26  0.31 0.85 0.75
4 20 25 26 27  0.31 0.85 0.75
3 27 22 29  0.72 0.20 0.97
3 24 26 28  0.72 0.20 0.97
4 27 26 28 29  0.72 0.20 0.97
3 28 29 31  0.31 0.85 0.75
3 22 24 30  0.31 0.85 0.75
4 28 24 30 31  0.31 0.85 0.75
3 30 31 33  0.72 0.20 0.97
3 29 22 32  0.72 0.20 0.97
4 30 22 32 33  0.72 0.20 0.97
3 32 33 35  0.31 0.85 0.75
3 31 29 34  0.31 0.85 0.75
4 32 29 34 35  0.31 0.85 0.75
3 35 33 37  0.72 0.20 0.97
3 31 34 36  0.72 0.20 0.97
4 35 34 36 37  0.72 0.20 0.97
3 33 31 39  0.31 0.85 0.75
3 36 37 38  0.31 0.85 0.75
4 33 37 38 39  0.31 0.85 0.75
3 38 39 41  0.72 0.20 0.97
3 31 36 40  0.72 0.20 0.97
4 38 36 40 41  0.72 0.20 0.97
3 31 40 43  0.31 0.85 0.75
3 41 39 42  0.31 0.85 0.75
4 31 39 42 43  0.31 0.85 0.75
3 43 40 45  0.72 0.20 0.97
3 41 42 44  0.72 0.20 0.97
4 43 42 44 45  0.72 0.20 0.97
3 45 40 47  0.31 0.85 0.75
3 41 44 46  0.31 0.85 0.75
4 45 44 46 47  0.31 0.85 0.75
3 41 46 49  0.72 0.20 0.97
3 47 40 48  0.72 0.20 0.97
4 41 40 48 49  0.72 0.20 0.97
3 48 49 51  0.31 0.85 0.75
3 46 47 50  0.31 0.85 0.75
4 48 47 50 51  0.31 0.85 0.75
 
 
 
