OFF
52 73 124
-0.3 -0.3 -0.3
0.3 -0.3 -0.3
0.3 0.3 -0.3
-0.3 0.3 -0.3
0.3 0.3 0.3
0.3 -0.3 0.3
0.9 -0.3 -0.3
0.9 -0.3 0.3
0.9 -0.9 0.3
0.9 -0.9 -0.3
1.5 -0.3 0.3
1.5 -0.3 -0.3
1.5 0.3 -0.3
1.5 0.3 0.3
2.1 0.3 -0.3
2.1 -0.3 -0.3
2.1 -0.3 -0.9
2.1 0.3 -0.9
2.7 0.3 -0.9
2.7 -0.3 -0.9
2.1 -0.3 -1.5
2.7 -0.3 -1.5
2.7 -0.9 -1.5
2.1 -0.9 -1.5
2.7 -0.3 -2.1
2.1 -0.3 -2.1
2.1 0.3 -2.1
2.7 0.3 -2.1
2.1 0.3 -2.7
2.1 -0.3 -2.7
1.5 -0.3 -2.1
1.5 -0.3 -2.7
1.5 -0.9 -2.7
1.5 -0.9 -2.1
0.9 -0.3 -2.7
0.9 -0.3 -2.1
0.9 0.3 -2.1
0.9 0.3 -2.7
0.3 0.3 -2.1
0.3 -0.3 -2.1
0.3 -0.3 -1.5
0.3 0.3 -1.5
-0.3 0.3 -1.5
-0.3 -0.3 -1.5
0.3 -0.3 -0.9
-0.3 -0.3 -0.9
-0.3 -0.9 -0.9
0.3 -0.9 -0.9
-0.3 -0.3 -0.3
0.3 -0.3 -0.3
0.3 0.3 -0.3
-0.3 0.3 -0.3
4 0 1 2 3  0.72 0.20 0.97
3 0 1 5  0.72 0.20 0.97
3 2 3 4  0.72 0.20 0.97
4 0 3 4 5  0.72 0.20 0.97
3 4 5 7  0.31 0.85 0.75
3 1 2 6   0.31 0.85 0.75
4 4 2 6 7  0.31 0.85 0.75
3 1 6 9  0.72 0.20 0.97
3 7 5 8  0.72 0.20 0.97
4 1 5 8 9  0.72 0.20 0.97
3 9 6 11  0.31 0.85 0.75
3 7 8 10   0.31 0.85 0.75
4 9 8 10 11  0.31 0.85 0.75
3 7 10 13  0.72 0.20 0.97
3 11 6 12  0.72 0.20 0.97
4 7 6 12 13  0.72 0.20 0.97
3 10 11 15  0.31 0.85 0.75
3 12 13 14   0.31 0.85 0.75
4 10 13 14 15  0.31 0.85 0.75
3 12 14 17  0.72 0.20 0.97
3 15 11 16  0.72 0.20 0.97
4 12 11 16 17  0.72 0.20 0.97
3 15 16 19  0.31 0.85 0.75
3 17 14 18   0.31 0.85 0.75
4 15 14 18 19  0.31 0.85 0.75
3 18 19 21  0.72 0.20 0.97
3 16 17 20  0.72 0.20 0.97
4 18 17 20 21  0.72 0.20 0.97
3 16 20 23  0.31 0.85 0.75
3 21 19 22   0.31 0.85 0.75
4 16 19 22 23  0.31 0.85 0.75
3 23 20 25  0.72 0.20 0.97
3 21 22 24  0.72 0.20 0.97
4 23 22 24 25  0.72 0.20 0.97
3 21 24 27  0.31 0.85 0.75
3 25 20 26   0.31 0.85 0.75
4 21 20 26 27  0.31 0.85 0.75
3 24 25 29  0.72 0.20 0.97
3 26 27 28  0.72 0.20 0.97
4 24 27 28 29  0.72 0.20 0.97
3 28 29 31  0.31 0.85 0.75
3 25 26 30   0.31 0.85 0.75
4 28 26 30 31  0.31 0.85 0.75
3 25 30 33  0.72 0.20 0.97
3 31 29 32  0.72 0.20 0.97
4 25 29 32 33  0.72 0.20 0.97
3 33 30 35  0.31 0.85 0.75
3 31 32 34   0.31 0.85 0.75
4 33 32 34 35  0.31 0.85 0.75
3 31 34 37  0.72 0.20 0.97
3 35 30 36  0.72 0.20 0.97
4 31 30 36 37  0.72 0.20 0.97
3 34 35 39  0.31 0.85 0.75
3 36 37 38   0.31 0.85 0.75
4 34 37 38 39  0.31 0.85 0.75
3 36 38 41  0.72 0.20 0.97
3 39 35 40  0.72 0.20 0.97
4 36 35 40 41  0.72 0.20 0.97
3 39 40 43  0.31 0.85 0.75
3 41 38 42   0.31 0.85 0.75
4 39 38 42 43  0.31 0.85 0.75
3 42 43 45  0.72 0.20 0.97
3 40 41 44  0.72 0.20 0.97
4 42 41 44 45  0.72 0.20 0.97
3 40 44 47  0.31 0.85 0.75
3 45 43 46   0.31 0.85 0.75
4 40 43 46 47  0.31 0.85 0.75
3 47 44 49  0.72 0.20 0.97
3 45 46 48  0.72 0.20 0.97
4 47 46 48 49  0.72 0.20 0.97
3 45 48 51  0.31 0.85 0.75
3 49 44 50   0.31 0.85 0.75
4 45 44 50 51  0.31 0.85 0.75



