OFF
52 73 124
-0.4 -0.4 -0.4
0.4 -0.4 -0.4
0.4 0.4 -0.4
-0.4 0.4 -0.4
0.4 0.4 0.4
0.4 -0.4 0.4
1.2 0.4 0.4
1.2 0.4 -0.4
1.2 1.2 -0.4
1.2 1.2 0.4
2 0.4 -0.4
2 0.4 0.4
2 -0.4 -0.4
1.2 -0.4 -0.4
1.2 0.4 -1.2
1.2 -0.4 -1.2
0.4000001 0.4 -1.2
0.4000001 0.4 -0.4
1.2 1.2 -1.2
1.2 1.2 -0.4
2 1.2 -1.2
2 0.4 -1.2
1.2 0.4 -2
2 0.4 -2
1.2 -0.4 -2
1.2 -0.4 -1.2
0.4000001 -0.4 -2
0.4000001 0.4 -2
1.2 0.4 -2.8
0.4000001 0.4 -2.8
0.4000001 1.2 -2
0.4000001 1.2 -2.8
-0.3999999 1.2 -2
-0.3999999 0.4 -2
0.4000001 0.4 -1.2
-0.3999999 0.4 -1.2
0.4000001 -0.4 -2
-0.3999999 -0.4 -2
-0.3999999 0.4 -2.8
-0.3999999 -0.4 -2.8
-1.2 0.4 -2.8
-1.2 0.4 -2
-0.3999999 1.2 -2
-1.2 1.2 -2
-0.3999999 0.4 -1.2
-1.2 0.4 -1.2
-1.2 -0.4 -1.2
-0.3999999 -0.4 -1.2
-0.3999999 0.4 -0.4000001
-0.3999999 -0.4 -0.4000001
0.4000001 -0.4 -0.4000001
0.4000001 0.4 -0.4000001
4 0 1 2 3 0.72 0.20 0.97
3 0 1 5 0.72 0.20 0.97
3 2 3 4 0.72 0.20 0.97
4 0 3 4 5 0.72 0.20 0.97
3 1 2 7  0.31 0.85 0.75
3 4 5 6  0.31 0.85 0.75
4 1 5 6 7  0.31 0.85 0.75
3 4 6 9  0.72 0.20 0.97
3 7 2 8  0.72 0.20 0.97
4 4 2 8 9  0.72 0.20 0.97
3 9 6 11  0.31 0.85 0.75
3 7 8 10  0.31 0.85 0.75
4 9 8 10 11  0.31 0.85 0.75
3 6 7 13  0.72 0.20 0.97
3 10 11 12  0.72 0.20 0.97
4 6 11 12 13  0.72 0.20 0.97
3 12 13 15  0.31 0.85 0.75
3 7 10 14  0.31 0.85 0.75
4 12 10 14 15  0.31 0.85 0.75
3 13 7 17  0.72 0.20 0.97
3 14 15 16  0.72 0.20 0.97
4 13 15 16 17  0.72 0.20 0.97
3 17 7 19  0.31 0.85 0.75
3 14 16 18  0.31 0.85 0.75
4 17 16 18 19  0.31 0.85 0.75
3 7 14 21  0.72 0.20 0.97
3 18 19 20  0.72 0.20 0.97
4 7 19 20 21  0.72 0.20 0.97
3 20 21 23  0.31 0.85 0.75
3 14 18 22  0.31 0.85 0.75
4 20 18 22 23  0.31 0.85 0.75
3 21 14 25  0.72 0.20 0.97
3 22 23 24  0.72 0.20 0.97
4 21 23 24 25  0.72 0.20 0.97
3 14 22 27  0.31 0.85 0.75
3 24 25 26  0.31 0.85 0.75
4 14 25 26 27  0.31 0.85 0.75
3 26 27 29  0.72 0.20 0.97
3 22 24 28  0.72 0.20 0.97
4 26 24 28 29  0.72 0.20 0.97
3 28 29 31  0.31 0.85 0.75
3 27 22 30  0.31 0.85 0.75
4 28 22 30 31  0.31 0.85 0.75
3 29 27 33  0.72 0.20 0.97
3 30 31 32  0.72 0.20 0.97
4 29 31 32 33  0.72 0.20 0.97
3 32 33 35  0.31 0.85 0.75
3 27 30 34  0.31 0.85 0.75
4 32 30 34 35  0.31 0.85 0.75
3 35 33 37  0.72 0.20 0.97
3 27 34 36  0.72 0.20 0.97
4 35 34 36 37  0.72 0.20 0.97
3 36 37 39  0.31 0.85 0.75
3 33 27 38  0.31 0.85 0.75
4 36 27 38 39  0.31 0.85 0.75
3 37 33 41  0.72 0.20 0.97
3 38 39 40  0.72 0.20 0.97
4 37 39 40 41  0.72 0.20 0.97
3 40 41 43  0.31 0.85 0.75
3 33 38 42  0.31 0.85 0.75
4 40 38 42 43  0.31 0.85 0.75
3 43 41 45  0.72 0.20 0.97
3 33 42 44  0.72 0.20 0.97
4 43 42 44 45  0.72 0.20 0.97
3 33 44 47  0.31 0.85 0.75
3 45 41 46  0.31 0.85 0.75
4 33 41 46 47  0.31 0.85 0.75
3 46 47 49  0.72 0.20 0.97
3 44 45 48  0.72 0.20 0.97
4 46 45 48 49  0.72 0.20 0.97
3 44 48 51  0.31 0.85 0.75
3 49 47 50  0.31 0.85 0.75
4 44 47 50 51  0.31 0.85 0.75
 
 
 
