OFF
52 73 124
-0.4 -0.4 -0.4
0.4 -0.4 -0.4
0.4 0.4 -0.4
-0.4 0.4 -0.4
0.4 0.4 0.4
0.4 -0.4 0.4
1.2 -0.4 -0.4
1.2 -0.4 0.4
1.2 -1.2 0.4
1.2 -1.2 -0.4
2 -1.2 -0.4
2 -1.2 0.4
2 -2 -0.4
1.2 -2 -0.4
2 -1.2 -1.2
1.2 -1.2 -1.2
2 -0.4000001 -1.2
2 -0.4000001 -0.4
2.8 -0.4000001 -0.4
2.8 -0.4000001 -1.2
2.8 0.3999999 -1.2
2.8 0.3999999 -0.4
3.6 -0.4000001 -0.4
3.6 0.3999999 -0.4
2.8 -0.4000001 0.4
2.8 0.3999999 0.4
2 0.3999999 -0.4
2 0.3999999 0.4
2 1.2 0.4
2 1.2 -0.4
1.2 1.2 -0.4
1.2 1.2 0.4
1.2 2 -0.4
2 2 -0.4
1.2 1.2 -1.2
2 1.2 -1.2
2 0.3999999 -0.4
2 0.3999999 -1.2
2.8 0.3999999 -1.2
2.8 0.3999999 -0.4
2 -0.4000001 -1.2
2 -0.4000001 -0.4
1.2 -0.4000001 -0.4
1.2 -0.4000001 -1.2
1.199999 -1.2 -1.2
1.199999 -1.2 -0.4
0.3999994 -0.4000001 -1.2
0.3999994 -0.4000001 -0.4
0.3999996 0.3999999 -0.4
0.3999996 0.3999999 -1.2
-0.4000006 0.3999999 -0.4
-0.4000008 -0.4000001 -0.4
4 0 1 2 3 0.72 0.20 0.97
3 0 1 5 0.72 0.20 0.97
3 2 3 4 0.72 0.20 0.97
4 0 3 4 5 0.72 0.20 0.97
3 4 5 7  0.31 0.85 0.75
3 1 2 6  0.31 0.85 0.75
4 4 2 6 7  0.31 0.85 0.75
3 1 6 9  0.72 0.20 0.97
3 7 5 8  0.72 0.20 0.97
4 1 5 8 9  0.72 0.20 0.97
3 7 8 11  0.31 0.85 0.75
3 9 6 10  0.31 0.85 0.75
4 7 6 10 11  0.31 0.85 0.75
3 8 9 13  0.72 0.20 0.97
3 10 11 12  0.72 0.20 0.97
4 8 11 12 13  0.72 0.20 0.97
3 13 9 15  0.31 0.85 0.75
3 10 12 14  0.31 0.85 0.75
4 13 12 14 15  0.31 0.85 0.75
3 9 10 17  0.72 0.20 0.97
3 14 15 16  0.72 0.20 0.97
4 9 15 16 17  0.72 0.20 0.97
3 14 16 19  0.31 0.85 0.75
3 17 10 18  0.31 0.85 0.75
4 14 10 18 19  0.31 0.85 0.75
3 17 18 21  0.72 0.20 0.97
3 19 16 20  0.72 0.20 0.97
4 17 16 20 21  0.72 0.20 0.97
3 20 21 23  0.31 0.85 0.75
3 18 19 22  0.31 0.85 0.75
4 20 19 22 23  0.31 0.85 0.75
3 23 21 25  0.72 0.20 0.97
3 18 22 24  0.72 0.20 0.97
4 23 22 24 25  0.72 0.20 0.97
3 24 25 27  0.31 0.85 0.75
3 21 18 26  0.31 0.85 0.75
4 24 18 26 27  0.31 0.85 0.75
3 21 26 29  0.72 0.20 0.97
3 27 25 28  0.72 0.20 0.97
4 21 25 28 29  0.72 0.20 0.97
3 27 28 31  0.31 0.85 0.75
3 29 26 30  0.31 0.85 0.75
4 27 26 30 31  0.31 0.85 0.75
3 28 29 33  0.72 0.20 0.97
3 30 31 32  0.72 0.20 0.97
4 28 31 32 33  0.72 0.20 0.97
3 33 29 35  0.31 0.85 0.75
3 30 32 34  0.31 0.85 0.75
4 33 32 34 35  0.31 0.85 0.75
3 34 35 37  0.72 0.20 0.97
3 29 30 36  0.72 0.20 0.97
4 34 30 36 37  0.72 0.20 0.97
3 29 36 39  0.31 0.85 0.75
3 37 35 38  0.31 0.85 0.75
4 29 35 38 39  0.31 0.85 0.75
3 39 36 41  0.72 0.20 0.97
3 37 38 40  0.72 0.20 0.97
4 39 38 40 41  0.72 0.20 0.97
3 37 40 43  0.31 0.85 0.75
3 41 36 42  0.31 0.85 0.75
4 37 36 42 43  0.31 0.85 0.75
3 41 42 45  0.72 0.20 0.97
3 43 40 44  0.72 0.20 0.97
4 41 40 44 45  0.72 0.20 0.97
3 45 42 47  0.31 0.85 0.75
3 43 44 46  0.31 0.85 0.75
4 45 44 46 47  0.31 0.85 0.75
3 43 46 49  0.72 0.20 0.97
3 47 42 48  0.72 0.20 0.97
4 43 42 48 49  0.72 0.20 0.97
3 46 47 51  0.31 0.85 0.75
3 48 49 50  0.31 0.85 0.75
4 46 49 50 51  0.31 0.85 0.75
 
 
 
