OFF
52 73 124
-0.4 -0.4 -0.4
0.4 -0.4 -0.4
0.4 0.4 -0.4
-0.4 0.4 -0.4
0.4 0.4 0.4
0.4 -0.4 0.4
1.2 -0.4 0.4
1.2 0.4 0.4
1.2 -0.4 1.2
0.4 -0.4 1.2
0.4 -1.2 1.2
1.2 -1.2 1.2
1.2 -1.2 2
0.4 -1.2 2
0.4 -2 1.2
0.3999999 -2 2
-0.4000001 -2 2
-0.4000001 -2 1.2
-0.4000001 -2.8 1.2
-0.4000001 -2.8 2
-1.2 -2.8 1.2
-1.2 -2 1.2
-0.4000001 -2.8 0.4000001
-0.4000001 -2 0.4000001
0.4 -2 1.2
0.4 -2 0.4000001
-0.4000001 -1.2 0.4000001
0.4 -1.2 0.4000001
-0.4000001 -1.2 -0.3999999
-0.4000001 -2 -0.3999999
-1.2 -2 0.4000001
-1.2 -2 -0.3999999
-1.2 -2.8 0.4000001
-0.4000001 -2.8 0.4000001
-1.2 -2.8 1.2
-1.2 -2 1.2
-2 -2.8 0.4000001
-2 -2 0.4000001
-1.2 -2 -0.3999999
-2 -2 -0.3999999
-2 -1.2 -0.3999999
-1.2 -1.2 -0.3999999
-1.2 -1.2 -1.2
-2 -1.2 -1.2
-1.2 -0.4000001 -1.2
-1.2 -0.4000001 -0.3999999
-0.4000003 -0.4000001 -0.3999999
-0.4000003 -0.4000001 -1.2
-0.4000003 0.3999999 -1.2
-0.4000003 0.3999999 -0.3999999
0.3999993 -0.4000001 -0.3999999
0.3999993 0.3999999 -0.3999999
4 0 1 2 3 0.72 0.20 0.97
3 0 1 5 0.72 0.20 0.97
3 2 3 4 0.72 0.20 0.97
4 0 3 4 5 0.72 0.20 0.97
3 2 4 7  0.31 0.85 0.75
3 5 1 6  0.31 0.85 0.75
4 2 1 6 7  0.31 0.85 0.75
3 4 5 9  0.72 0.20 0.97
3 6 7 8  0.72 0.20 0.97
4 4 7 8 9  0.72 0.20 0.97
3 6 8 11  0.31 0.85 0.75
3 9 5 10  0.31 0.85 0.75
4 6 5 10 11  0.31 0.85 0.75
3 9 10 13  0.72 0.20 0.97
3 11 8 12  0.72 0.20 0.97
4 9 8 12 13  0.72 0.20 0.97
3 12 13 15  0.31 0.85 0.75
3 10 11 14  0.31 0.85 0.75
4 12 11 14 15  0.31 0.85 0.75
3 10 14 17  0.72 0.20 0.97
3 15 13 16  0.72 0.20 0.97
4 10 13 16 17  0.72 0.20 0.97
3 15 16 19  0.31 0.85 0.75
3 17 14 18  0.31 0.85 0.75
4 15 14 18 19  0.31 0.85 0.75
3 16 17 21  0.72 0.20 0.97
3 18 19 20  0.72 0.20 0.97
4 16 19 20 21  0.72 0.20 0.97
3 21 17 23  0.31 0.85 0.75
3 18 20 22  0.31 0.85 0.75
4 21 20 22 23  0.31 0.85 0.75
3 22 23 25  0.72 0.20 0.97
3 17 18 24  0.72 0.20 0.97
4 22 18 24 25  0.72 0.20 0.97
3 24 25 27  0.31 0.85 0.75
3 23 17 26  0.31 0.85 0.75
4 24 17 26 27  0.31 0.85 0.75
3 25 23 29  0.72 0.20 0.97
3 26 27 28  0.72 0.20 0.97
4 25 27 28 29  0.72 0.20 0.97
3 28 29 31  0.31 0.85 0.75
3 23 26 30  0.31 0.85 0.75
4 28 26 30 31  0.31 0.85 0.75
3 29 23 33  0.72 0.20 0.97
3 30 31 32  0.72 0.20 0.97
4 29 31 32 33  0.72 0.20 0.97
3 23 30 35  0.31 0.85 0.75
3 32 33 34  0.31 0.85 0.75
4 23 33 34 35  0.31 0.85 0.75
3 35 30 37  0.72 0.20 0.97
3 32 34 36  0.72 0.20 0.97
4 35 34 36 37  0.72 0.20 0.97
3 36 37 39  0.31 0.85 0.75
3 30 32 38  0.31 0.85 0.75
4 36 32 38 39  0.31 0.85 0.75
3 30 38 41  0.72 0.20 0.97
3 39 37 40  0.72 0.20 0.97
4 30 37 40 41  0.72 0.20 0.97
3 39 40 43  0.31 0.85 0.75
3 41 38 42  0.31 0.85 0.75
4 39 38 42 43  0.31 0.85 0.75
3 40 41 45  0.72 0.20 0.97
3 42 43 44  0.72 0.20 0.97
4 40 43 44 45  0.72 0.20 0.97
3 42 44 47  0.31 0.85 0.75
3 45 41 46  0.31 0.85 0.75
4 42 41 46 47  0.31 0.85 0.75
3 45 46 49  0.72 0.20 0.97
3 47 44 48  0.72 0.20 0.97
4 45 44 48 49  0.72 0.20 0.97
3 48 49 51  0.31 0.85 0.75
3 46 47 50  0.31 0.85 0.75
4 48 47 50 51  0.31 0.85 0.75
 
 
 
