OFF
52 73 124
-0.4 -0.4 -0.4
0.4 -0.4 -0.4
0.4 0.4 -0.4
-0.4 0.4 -0.4
0.4 0.4 0.4
0.4 -0.4 0.4
1.2 -0.4 -0.4
1.2 -0.4 0.4
1.2 -1.2 0.4
1.2 -1.2 -0.4
2 -0.4 -0.4
2 -1.2 -0.4
1.2 -1.2 -1.2
2 -1.2 -1.2
1.2 -2 -0.4
2 -2 -0.4
2 -2 0.4
1.2 -2 0.4
1.2 -2.8 0.4
2 -2.8 0.4
1.2 -2.8 1.2
1.2 -2 1.2
0.4000001 -2.8 0.4
0.4000001 -2 0.4
1.2 -2 -0.4
0.4000001 -2 -0.4
0.4000001 -1.2 0.4
0.4000001 -1.2 -0.4
-0.3999999 -2 -0.4
-0.3999999 -1.2 -0.4
-0.3999999 -2 -1.2
0.4000001 -2 -1.2
-0.3999999 -2.8 -1.2
-0.3999999 -2.8 -0.4
-1.2 -2.8 -1.2
-1.2 -2 -1.2
-0.3999999 -2.8 -2
-0.3999999 -2 -2
0.4000001 -2 -1.2
0.4000001 -2 -2
0.4000001 -1.2 -2
0.4000001 -1.2 -1.2
1.2 -1.2 -1.2
1.2 -1.2 -2
0.4000001 -0.4000001 -1.2
0.4000001 -0.4000001 -2
-0.3999999 -0.4000001 -1.2
-0.3999999 -1.2 -1.2
-0.3999999 -0.4000001 -0.4000001
0.4000001 -0.4000001 -0.4000001
0.4000001 0.3999999 -0.4000001
-0.3999999 0.3999999 -0.4000001
4 0 1 2 3 0.72 0.20 0.97
3 0 1 5 0.72 0.20 0.97
3 2 3 4 0.72 0.20 0.97
4 0 3 4 5 0.72 0.20 0.97
3 4 5 7  0.31 0.85 0.75
3 1 2 6  0.31 0.85 0.75
4 4 2 6 7  0.31 0.85 0.75
3 1 6 9  0.72 0.20 0.97
3 7 5 8  0.72 0.20 0.97
4 1 5 8 9  0.72 0.20 0.97
3 8 9 11  0.31 0.85 0.75
3 6 7 10  0.31 0.85 0.75
4 8 7 10 11  0.31 0.85 0.75
3 10 11 13  0.72 0.20 0.97
3 9 6 12  0.72 0.20 0.97
4 10 6 12 13  0.72 0.20 0.97
3 13 11 15  0.31 0.85 0.75
3 9 12 14  0.31 0.85 0.75
4 13 12 14 15  0.31 0.85 0.75
3 9 14 17  0.72 0.20 0.97
3 15 11 16  0.72 0.20 0.97
4 9 11 16 17  0.72 0.20 0.97
3 15 16 19  0.31 0.85 0.75
3 17 14 18  0.31 0.85 0.75
4 15 14 18 19  0.31 0.85 0.75
3 16 17 21  0.72 0.20 0.97
3 18 19 20  0.72 0.20 0.97
4 16 19 20 21  0.72 0.20 0.97
3 21 17 23  0.31 0.85 0.75
3 18 20 22  0.31 0.85 0.75
4 21 20 22 23  0.31 0.85 0.75
3 22 23 25  0.72 0.20 0.97
3 17 18 24  0.72 0.20 0.97
4 22 18 24 25  0.72 0.20 0.97
3 24 25 27  0.31 0.85 0.75
3 23 17 26  0.31 0.85 0.75
4 24 17 26 27  0.31 0.85 0.75
3 26 27 29  0.72 0.20 0.97
3 25 23 28  0.72 0.20 0.97
4 26 23 28 29  0.72 0.20 0.97
3 27 25 31  0.31 0.85 0.75
3 28 29 30  0.31 0.85 0.75
4 27 29 30 31  0.31 0.85 0.75
3 25 28 33  0.72 0.20 0.97
3 30 31 32  0.72 0.20 0.97
4 25 31 32 33  0.72 0.20 0.97
3 28 30 35  0.31 0.85 0.75
3 32 33 34  0.31 0.85 0.75
4 28 33 34 35  0.31 0.85 0.75
3 35 30 37  0.72 0.20 0.97
3 32 34 36  0.72 0.20 0.97
4 35 34 36 37  0.72 0.20 0.97
3 36 37 39  0.31 0.85 0.75
3 30 32 38  0.31 0.85 0.75
4 36 32 38 39  0.31 0.85 0.75
3 30 38 41  0.72 0.20 0.97
3 39 37 40  0.72 0.20 0.97
4 30 37 40 41  0.72 0.20 0.97
3 39 40 43  0.31 0.85 0.75
3 41 38 42  0.31 0.85 0.75
4 39 38 42 43  0.31 0.85 0.75
3 43 40 45  0.72 0.20 0.97
3 41 42 44  0.72 0.20 0.97
4 43 42 44 45  0.72 0.20 0.97
3 40 41 47  0.31 0.85 0.75
3 44 45 46  0.31 0.85 0.75
4 40 45 46 47  0.31 0.85 0.75
3 41 44 49  0.72 0.20 0.97
3 46 47 48  0.72 0.20 0.97
4 41 47 48 49  0.72 0.20 0.97
3 46 48 51  0.31 0.85 0.75
3 49 44 50  0.31 0.85 0.75
4 46 44 50 51  0.31 0.85 0.75
 
 
 
