OFF
52 73 124
-0.3 -0.3 -0.3
0.3 -0.3 -0.3
0.3 0.3 -0.3
-0.3 0.3 -0.3
0.3 0.3 0.3
0.3 -0.3 0.3
0.9 0.3 0.3
0.9 0.3 -0.3
0.9 0.9 0.3
0.3 0.9 0.3
0.3 0.3 0.9
0.3 0.9 0.9
-0.3 0.3 0.9
-0.3 0.3 0.3
0.3 -0.3 0.3
-0.3 -0.3 0.3
-0.3 0.3 -0.3
-0.3 -0.3 -0.3
-0.9 -0.3 0.3
-0.9 -0.3 -0.3
-0.9 -0.9 0.3
-0.3 -0.9 0.3
-0.9 -0.9 0.9
-0.9 -0.3 0.9
-1.5 -0.3 0.3
-1.5 -0.3 0.9
-1.5 0.3 0.3
-0.9 0.3 0.3
-0.9 -0.3 -0.3
-0.9 0.3 -0.3
-0.3 0.3 0.3
-0.3 0.3 -0.3
-0.3 0.9 0.3
-0.9 0.9 0.3
-0.3 0.9 0.9
-0.3 0.3 0.9
0.3 0.9 0.9
0.3 0.9 0.3
-0.3 1.5 0.3
0.3 1.5 0.3
-0.3 1.5 -0.3
-0.3 0.9 -0.3
-0.9 0.9 0.3
-0.9 0.9 -0.3
-0.3 0.3 -0.3
-0.9 0.3 -0.3
-0.9 0.3 -0.9
-0.3 0.3 -0.9
-0.3 -0.3 -0.3
-0.3 -0.3 -0.9
0.3 -0.3 -0.3
0.3 0.3 -0.3
4 0 1 2 3  0.72 0.20 0.97
3 0 1 5  0.72 0.20 0.97
3 2 3 4  0.72 0.20 0.97
4 0 3 4 5  0.72 0.20 0.97
3 1 2 7  0.31 0.85 0.75
3 4 5 6   0.31 0.85 0.75
4 1 5 6 7  0.31 0.85 0.75
3 2 4 9  0.72 0.20 0.97
3 6 7 8  0.72 0.20 0.97
4 2 7 8 9  0.72 0.20 0.97
3 8 9 11  0.31 0.85 0.75
3 4 6 10   0.31 0.85 0.75
4 8 6 10 11  0.31 0.85 0.75
3 9 4 13  0.72 0.20 0.97
3 10 11 12  0.72 0.20 0.97
4 9 11 12 13  0.72 0.20 0.97
3 12 13 15  0.31 0.85 0.75
3 4 10 14   0.31 0.85 0.75
4 12 10 14 15  0.31 0.85 0.75
3 14 15 17  0.72 0.20 0.97
3 13 4 16  0.72 0.20 0.97
4 14 4 16 17  0.72 0.20 0.97
3 16 17 19  0.31 0.85 0.75
3 15 13 18   0.31 0.85 0.75
4 16 13 18 19  0.31 0.85 0.75
3 17 15 21  0.72 0.20 0.97
3 18 19 20  0.72 0.20 0.97
4 17 19 20 21  0.72 0.20 0.97
3 15 18 23  0.31 0.85 0.75
3 20 21 22   0.31 0.85 0.75
4 15 21 22 23  0.31 0.85 0.75
3 22 23 25  0.72 0.20 0.97
3 18 20 24  0.72 0.20 0.97
4 22 20 24 25  0.72 0.20 0.97
3 23 18 27  0.31 0.85 0.75
3 24 25 26   0.31 0.85 0.75
4 23 25 26 27  0.31 0.85 0.75
3 26 27 29  0.72 0.20 0.97
3 18 24 28  0.72 0.20 0.97
4 26 24 28 29  0.72 0.20 0.97
3 28 29 31  0.31 0.85 0.75
3 27 18 30   0.31 0.85 0.75
4 28 18 30 31  0.31 0.85 0.75
3 29 27 33  0.72 0.20 0.97
3 30 31 32  0.72 0.20 0.97
4 29 31 32 33  0.72 0.20 0.97
3 27 30 35  0.31 0.85 0.75
3 32 33 34   0.31 0.85 0.75
4 27 33 34 35  0.31 0.85 0.75
3 30 32 37  0.72 0.20 0.97
3 34 35 36  0.72 0.20 0.97
4 30 35 36 37  0.72 0.20 0.97
3 36 37 39  0.31 0.85 0.75
3 32 34 38   0.31 0.85 0.75
4 36 34 38 39  0.31 0.85 0.75
3 37 32 41  0.72 0.20 0.97
3 38 39 40  0.72 0.20 0.97
4 37 39 40 41  0.72 0.20 0.97
3 40 41 43  0.31 0.85 0.75
3 32 38 42   0.31 0.85 0.75
4 40 38 42 43  0.31 0.85 0.75
3 42 43 45  0.72 0.20 0.97
3 41 32 44  0.72 0.20 0.97
4 42 32 44 45  0.72 0.20 0.97
3 41 44 47  0.31 0.85 0.75
3 45 43 46   0.31 0.85 0.75
4 41 43 46 47  0.31 0.85 0.75
3 46 47 49  0.72 0.20 0.97
3 44 45 48  0.72 0.20 0.97
4 46 45 48 49  0.72 0.20 0.97
3 47 44 51  0.31 0.85 0.75
3 48 49 50   0.31 0.85 0.75
4 47 49 50 51  0.31 0.85 0.75



