OFF
52 73 124
-0.2 -0.2 -0.2
0.2 -0.2 -0.2
0.2 0.2 -0.2
-0.2 0.2 -0.2
0.2 0.2 0.2
0.2 -0.2 0.2
0.6 0.2 -0.2
0.6 -0.2 -0.2
0.2 -0.2 -0.6
0.6 -0.2 -0.6
0.6 -0.6 -0.2
0.6 -0.6 -0.6
1 -0.2 -0.6
1 -0.6 -0.6
0.6 -0.2 -1
0.6 -0.6 -1
0.2 -0.2 -1
0.2 -0.2 -0.6
0.6 0.2 -0.6
0.2 0.2 -0.6
0.2 0.2 -0.2
0.6 0.2 -0.2
0.6 0.6 -0.6
0.6 0.6 -0.2
1 0.6 -0.6
1 0.2 -0.6
0.6 0.6 -1
0.6 0.2 -1
0.2 0.2 -0.6
0.2 0.2 -1
0.6 -0.2 -1
0.2 -0.2 -1
0.2 0.2 -1.4
0.2 -0.2 -1.4
-0.1999999 -0.2 -1.4
-0.1999999 0.2 -1.4
0.2 0.2 -1.8
-0.1999999 0.2 -1.8
-0.1999999 0.6 -1.8
0.2 0.6 -1.8
-0.1999999 0.2 -2.2
0.2 0.2 -2.2
-0.1999999 -0.2 -1.8
0.2 -0.2 -1.8
0.2 -0.2 -1.4
-0.1999999 -0.2 -1.4
0.2 -0.6 -1.8
-0.1999999 -0.6 -1.8
0.2 -0.2 -2.2
-0.1999999 -0.2 -2.2
-0.1999999 0.2 -2.2
0.2 0.2 -2.2
4 0 1 2 3 0.72 0.20 0.97
3 0 1 5 0.72 0.20 0.97
3 2 3 4 0.72 0.20 0.97
4 0 3 4 5 0.72 0.20 0.97
3 5 1 7  0.31 0.85 0.75
3 2 4 6  0.31 0.85 0.75
4 5 4 6 7  0.31 0.85 0.75
3 6 7 9  0.72 0.20 0.97
3 1 2 8  0.72 0.20 0.97
4 6 2 8 9  0.72 0.20 0.97
3 8 9 11  0.31 0.85 0.75
3 7 1 10  0.31 0.85 0.75
4 8 1 10 11  0.31 0.85 0.75
3 10 11 13  0.72 0.20 0.97
3 9 7 12  0.72 0.20 0.97
4 10 7 12 13  0.72 0.20 0.97
3 13 11 15  0.31 0.85 0.75
3 9 12 14  0.31 0.85 0.75
4 13 12 14 15  0.31 0.85 0.75
3 11 9 17  0.72 0.20 0.97
3 14 15 16  0.72 0.20 0.97
4 11 15 16 17  0.72 0.20 0.97
3 16 17 19  0.31 0.85 0.75
3 9 14 18  0.31 0.85 0.75
4 16 14 18 19  0.31 0.85 0.75
3 9 18 21  0.72 0.20 0.97
3 19 17 20  0.72 0.20 0.97
4 9 17 20 21  0.72 0.20 0.97
3 20 21 23  0.31 0.85 0.75
3 18 19 22  0.31 0.85 0.75
4 20 19 22 23  0.31 0.85 0.75
3 21 18 25  0.72 0.20 0.97
3 22 23 24  0.72 0.20 0.97
4 21 23 24 25  0.72 0.20 0.97
3 25 18 27  0.31 0.85 0.75
3 22 24 26  0.31 0.85 0.75
4 25 24 26 27  0.31 0.85 0.75
3 26 27 29  0.72 0.20 0.97
3 18 22 28  0.72 0.20 0.97
4 26 22 28 29  0.72 0.20 0.97
3 28 29 31  0.31 0.85 0.75
3 27 18 30  0.31 0.85 0.75
4 28 18 30 31  0.31 0.85 0.75
3 30 31 33  0.72 0.20 0.97
3 29 27 32  0.72 0.20 0.97
4 30 27 32 33  0.72 0.20 0.97
3 29 32 35  0.31 0.85 0.75
3 33 31 34  0.31 0.85 0.75
4 29 31 34 35  0.31 0.85 0.75
3 34 35 37  0.72 0.20 0.97
3 32 33 36  0.72 0.20 0.97
4 34 33 36 37  0.72 0.20 0.97
3 32 36 39  0.31 0.85 0.75
3 37 35 38  0.31 0.85 0.75
4 32 35 38 39  0.31 0.85 0.75
3 39 36 41  0.72 0.20 0.97
3 37 38 40  0.72 0.20 0.97
4 39 38 40 41  0.72 0.20 0.97
3 41 36 43  0.31 0.85 0.75
3 37 40 42  0.31 0.85 0.75
4 41 40 42 43  0.31 0.85 0.75
3 37 42 45  0.72 0.20 0.97
3 43 36 44  0.72 0.20 0.97
4 37 36 44 45  0.72 0.20 0.97
3 45 42 47  0.31 0.85 0.75
3 43 44 46  0.31 0.85 0.75
4 45 44 46 47  0.31 0.85 0.75
3 47 42 49  0.72 0.20 0.97
3 43 46 48  0.72 0.20 0.97
4 47 46 48 49  0.72 0.20 0.97
3 43 48 51  0.31 0.85 0.75
3 49 42 50  0.31 0.85 0.75
4 43 42 50 51  0.31 0.85 0.75
 
 
 
