OFF
52 73 124
-0.3 -0.3 -0.3
0.3 -0.3 -0.3
0.3 0.3 -0.3
-0.3 0.3 -0.3
0.3 0.3 0.3
0.3 -0.3 0.3
0.9 -0.3 0.3
0.9 0.3 0.3
0.9 0.3 0.9
0.9 -0.3 0.9
1.5 0.3 0.3
1.5 -0.3 0.3
0.9 0.3 -0.3
0.9 -0.3 -0.3
0.3 -0.3 -0.3
0.3 0.3 -0.3
0.9 0.3 -0.9
0.3 0.3 -0.9
0.3 0.9 -0.3
0.3 0.9 -0.9
-0.3 0.9 -0.3
-0.3 0.3 -0.3
0.3 0.9 0.3
0.3 0.3 0.3
0.9 0.3 0.3
0.9 0.9 0.3
0.3 0.3 0.9
0.3 0.9 0.9
-0.3 0.3 0.3
-0.3 0.9 0.3
-0.3 0.9 -0.3
-0.3 0.3 -0.3
-0.9 0.9 0.3
-0.9 0.3 0.3
-0.3 0.3 0.9
-0.9 0.3 0.9
-0.3 -0.3 0.9
-0.3 -0.3 0.3
0.3 -0.3 0.9
0.3 0.3 0.9
0.3 0.3 1.5
0.3 -0.3 1.5
0.9 0.3 0.9
0.9 -0.3 0.9
0.3 0.3 0.3
0.3 -0.3 0.3
-0.3 -0.3 0.3
-0.3 0.3 0.3
-0.3 0.3 -0.3
-0.3 -0.3 -0.3
-0.9 0.3 0.3
-0.9 -0.3 0.3
4 0 1 2 3  0.72 0.20 0.97
3 0 1 5  0.72 0.20 0.97
3 2 3 4  0.72 0.20 0.97
4 0 3 4 5  0.72 0.20 0.97
3 2 4 7  0.31 0.85 0.75
3 5 1 6   0.31 0.85 0.75
4 2 1 6 7  0.31 0.85 0.75
3 5 6 9  0.72 0.20 0.97
3 7 4 8  0.72 0.20 0.97
4 5 4 8 9  0.72 0.20 0.97
3 9 6 11  0.31 0.85 0.75
3 7 8 10   0.31 0.85 0.75
4 9 8 10 11  0.31 0.85 0.75
3 11 6 13  0.72 0.20 0.97
3 7 10 12  0.72 0.20 0.97
4 11 10 12 13  0.72 0.20 0.97
3 7 12 15  0.31 0.85 0.75
3 13 6 14   0.31 0.85 0.75
4 7 6 14 15  0.31 0.85 0.75
3 14 15 17  0.72 0.20 0.97
3 12 13 16  0.72 0.20 0.97
4 14 13 16 17  0.72 0.20 0.97
3 16 17 19  0.31 0.85 0.75
3 15 12 18   0.31 0.85 0.75
4 16 12 18 19  0.31 0.85 0.75
3 17 15 21  0.72 0.20 0.97
3 18 19 20  0.72 0.20 0.97
4 17 19 20 21  0.72 0.20 0.97
3 21 15 23  0.31 0.85 0.75
3 18 20 22   0.31 0.85 0.75
4 21 20 22 23  0.31 0.85 0.75
3 18 22 25  0.72 0.20 0.97
3 23 15 24  0.72 0.20 0.97
4 18 15 24 25  0.72 0.20 0.97
3 25 22 27  0.31 0.85 0.75
3 23 24 26   0.31 0.85 0.75
4 25 24 26 27  0.31 0.85 0.75
3 27 22 29  0.72 0.20 0.97
3 23 26 28  0.72 0.20 0.97
4 27 26 28 29  0.72 0.20 0.97
3 23 28 31  0.31 0.85 0.75
3 29 22 30   0.31 0.85 0.75
4 23 22 30 31  0.31 0.85 0.75
3 31 28 33  0.72 0.20 0.97
3 29 30 32  0.72 0.20 0.97
4 31 30 32 33  0.72 0.20 0.97
3 32 33 35  0.31 0.85 0.75
3 28 29 34   0.31 0.85 0.75
4 32 29 34 35  0.31 0.85 0.75
3 33 28 37  0.72 0.20 0.97
3 34 35 36  0.72 0.20 0.97
4 33 35 36 37  0.72 0.20 0.97
3 28 34 39  0.31 0.85 0.75
3 36 37 38   0.31 0.85 0.75
4 28 37 38 39  0.31 0.85 0.75
3 36 38 41  0.72 0.20 0.97
3 39 34 40  0.72 0.20 0.97
4 36 34 40 41  0.72 0.20 0.97
3 41 38 43  0.31 0.85 0.75
3 39 40 42   0.31 0.85 0.75
4 41 40 42 43  0.31 0.85 0.75
3 43 38 45  0.72 0.20 0.97
3 39 42 44  0.72 0.20 0.97
4 43 42 44 45  0.72 0.20 0.97
3 39 44 47  0.31 0.85 0.75
3 45 38 46   0.31 0.85 0.75
4 39 38 46 47  0.31 0.85 0.75
3 45 46 49  0.72 0.20 0.97
3 47 44 48  0.72 0.20 0.97
4 45 44 48 49  0.72 0.20 0.97
3 49 46 51  0.31 0.85 0.75
3 47 48 50   0.31 0.85 0.75
4 49 48 50 51  0.31 0.85 0.75



