OFF
52 73 124
-0.4 -0.4 -0.4
0.4 -0.4 -0.4
0.4 0.4 -0.4
-0.4 0.4 -0.4
0.4 0.4 0.4
0.4 -0.4 0.4
1.2 -0.4 0.4
1.2 0.4 0.4
1.2 0.4 1.2
1.2 -0.4 1.2
2 -0.4 1.2
2 0.4 1.2
2 -0.4 2
1.2 -0.4 2
2 -1.2 1.2
1.2 -1.2 1.2
1.2 -0.4 0.4
1.2 -1.2 0.4
0.4 -1.2 0.4
0.4 -0.4 0.4
0.4 -0.4 -0.4
0.4 -1.2 -0.4
-0.4 -1.2 -0.4
-0.4 -0.4 -0.4
0.4 -1.2 -1.2
0.4 -0.4 -1.2
1.2 -1.2 -0.4
1.2 -0.4 -0.4
1.2 -0.4 0.4
1.2 -1.2 0.4
2 -1.2 0.4
2 -0.4 0.4
2 -0.4 1.2
2 -1.2 1.2
2.8 -1.2 1.2
2.8 -0.4 1.2
2 -0.4 2
2.8 -0.4 2
2 0.4 1.2
2.8 0.4 1.2
2 0.4 0.4
2 -0.4 0.4
1.2 -0.4 0.4
1.2 0.4 0.4
1.2 0.4 -0.4
1.2 -0.4 -0.4
0.4 -0.4 -0.4
0.4 0.4 -0.4
0.4 0.4 -1.2
0.4 -0.4 -1.2
-0.4 0.4 -0.4
-0.4 -0.4 -0.4
4 0 1 2 3  0.72 0.20 0.97
3 0 1 5  0.72 0.20 0.97
3 2 3 4  0.72 0.20 0.97
4 0 3 4 5  0.72 0.20 0.97
3 2 4 7  0.31 0.85 0.75
3 5 1 6   0.31 0.85 0.75
4 2 1 6 7  0.31 0.85 0.75
3 5 6 9  0.72 0.20 0.97
3 7 4 8  0.72 0.20 0.97
4 5 4 8 9  0.72 0.20 0.97
3 7 8 11  0.31 0.85 0.75
3 9 6 10   0.31 0.85 0.75
4 7 6 10 11  0.31 0.85 0.75
3 8 9 13  0.72 0.20 0.97
3 10 11 12  0.72 0.20 0.97
4 8 11 12 13  0.72 0.20 0.97
3 13 9 15  0.31 0.85 0.75
3 10 12 14   0.31 0.85 0.75
4 13 12 14 15  0.31 0.85 0.75
3 14 15 17  0.72 0.20 0.97
3 9 10 16  0.72 0.20 0.97
4 14 10 16 17  0.72 0.20 0.97
3 9 16 19  0.31 0.85 0.75
3 17 15 18   0.31 0.85 0.75
4 9 15 18 19  0.31 0.85 0.75
3 17 18 21  0.72 0.20 0.97
3 19 16 20  0.72 0.20 0.97
4 17 16 20 21  0.72 0.20 0.97
3 19 20 23  0.31 0.85 0.75
3 21 18 22   0.31 0.85 0.75
4 19 18 22 23  0.31 0.85 0.75
3 23 20 25  0.72 0.20 0.97
3 21 22 24  0.72 0.20 0.97
4 23 22 24 25  0.72 0.20 0.97
3 25 20 27  0.31 0.85 0.75
3 21 24 26   0.31 0.85 0.75
4 25 24 26 27  0.31 0.85 0.75
3 21 26 29  0.72 0.20 0.97
3 27 20 28  0.72 0.20 0.97
4 21 20 28 29  0.72 0.20 0.97
3 27 28 31  0.31 0.85 0.75
3 29 26 30   0.31 0.85 0.75
4 27 26 30 31  0.31 0.85 0.75
3 29 30 33  0.72 0.20 0.97
3 31 28 32  0.72 0.20 0.97
4 29 28 32 33  0.72 0.20 0.97
3 31 32 35  0.31 0.85 0.75
3 33 30 34   0.31 0.85 0.75
4 31 30 34 35  0.31 0.85 0.75
3 34 35 37  0.72 0.20 0.97
3 32 33 36  0.72 0.20 0.97
4 34 33 36 37  0.72 0.20 0.97
3 37 35 39  0.31 0.85 0.75
3 32 36 38   0.31 0.85 0.75
4 37 36 38 39  0.31 0.85 0.75
3 35 32 41  0.72 0.20 0.97
3 38 39 40  0.72 0.20 0.97
4 35 39 40 41  0.72 0.20 0.97
3 38 40 43  0.31 0.85 0.75
3 41 32 42   0.31 0.85 0.75
4 38 32 42 43  0.31 0.85 0.75
3 41 42 45  0.72 0.20 0.97
3 43 40 44  0.72 0.20 0.97
4 41 40 44 45  0.72 0.20 0.97
3 43 44 47  0.31 0.85 0.75
3 45 42 46   0.31 0.85 0.75
4 43 42 46 47  0.31 0.85 0.75
3 45 46 49  0.72 0.20 0.97
3 47 44 48  0.72 0.20 0.97
4 45 44 48 49  0.72 0.20 0.97
3 49 46 51  0.31 0.85 0.75
3 47 48 50   0.31 0.85 0.75
4 49 48 50 51  0.31 0.85 0.75



