OFF
52 73 124
-0.4 -0.4 -0.4
0.4 -0.4 -0.4
0.4 0.4 -0.4
-0.4 0.4 -0.4
0.4 0.4 0.4
0.4 -0.4 0.4
1.2 -0.4 -0.4
1.2 -0.4 0.4
0.4 -1.2 -0.4
0.4 -1.2 0.4
-0.4 -0.4 0.4
-0.4 -1.2 0.4
-0.4 -0.4 1.2
0.4 -0.4 1.2
-0.4 0.4 0.4
0.4 0.4 0.4
-0.4 0.4 -0.4
-0.4 -0.4 -0.4
-1.2 -0.4 0.4
-1.2 -0.4 -0.4
-0.4 -1.2 0.4
-0.4 -1.2 -0.4
0.4 -0.4 -0.4
0.4 -1.2 -0.4
0.4 -1.2 -1.2
0.4 -0.4 -1.2
1.2 -1.2 -1.2
1.2 -1.2 -0.4
1.2 -2 -0.4
1.2 -2 -1.2
2 -2 -0.4
2 -1.2 -0.4
2 -1.2 0.4
2 -2 0.4
2.8 -2 -0.4
2.8 -2 0.4
2 -2.8 -0.4
2 -2.8 0.4
1.2 -2 0.4
1.2 -2.8 0.4
1.2 -2 1.2
2 -2 1.2
1.2 -1.2 0.4
2 -1.2 0.4
1.2 -1.2 -0.4
1.2 -2 -0.4
0.4 -2 0.4
0.4 -2 -0.4
1.2 -2.8 0.4
1.2 -2.8 -0.4
2 -2 -0.4
2 -2.8 -0.4
4 0 1 2 3  0.72 0.20 0.97
3 0 1 5  0.72 0.20 0.97
3 2 3 4  0.72 0.20 0.97
4 0 3 4 5  0.72 0.20 0.97
3 4 5 7  0.31 0.85 0.75
3 1 2 6   0.31 0.85 0.75
4 4 2 6 7  0.31 0.85 0.75
3 7 5 9  0.72 0.20 0.97
3 1 6 8  0.72 0.20 0.97
4 7 6 8 9  0.72 0.20 0.97
3 8 9 11  0.31 0.85 0.75
3 5 1 10   0.31 0.85 0.75
4 8 1 10 11  0.31 0.85 0.75
3 9 5 13  0.72 0.20 0.97
3 10 11 12  0.72 0.20 0.97
4 9 11 12 13  0.72 0.20 0.97
3 13 5 15  0.31 0.85 0.75
3 10 12 14   0.31 0.85 0.75
4 13 12 14 15  0.31 0.85 0.75
3 5 10 17  0.72 0.20 0.97
3 14 15 16  0.72 0.20 0.97
4 5 15 16 17  0.72 0.20 0.97
3 16 17 19  0.31 0.85 0.75
3 10 14 18   0.31 0.85 0.75
4 16 14 18 19  0.31 0.85 0.75
3 19 17 21  0.72 0.20 0.97
3 10 18 20  0.72 0.20 0.97
4 19 18 20 21  0.72 0.20 0.97
3 20 21 23  0.31 0.85 0.75
3 17 10 22   0.31 0.85 0.75
4 20 10 22 23  0.31 0.85 0.75
3 17 22 25  0.72 0.20 0.97
3 23 21 24  0.72 0.20 0.97
4 17 21 24 25  0.72 0.20 0.97
3 22 23 27  0.31 0.85 0.75
3 24 25 26   0.31 0.85 0.75
4 22 25 26 27  0.31 0.85 0.75
3 24 26 29  0.72 0.20 0.97
3 27 23 28  0.72 0.20 0.97
4 24 23 28 29  0.72 0.20 0.97
3 26 27 31  0.31 0.85 0.75
3 28 29 30   0.31 0.85 0.75
4 26 29 30 31  0.31 0.85 0.75
3 28 30 33  0.72 0.20 0.97
3 31 27 32  0.72 0.20 0.97
4 28 27 32 33  0.72 0.20 0.97
3 32 33 35  0.31 0.85 0.75
3 30 31 34   0.31 0.85 0.75
4 32 31 34 35  0.31 0.85 0.75
3 35 33 37  0.72 0.20 0.97
3 30 34 36  0.72 0.20 0.97
4 35 34 36 37  0.72 0.20 0.97
3 36 37 39  0.31 0.85 0.75
3 33 30 38   0.31 0.85 0.75
4 36 30 38 39  0.31 0.85 0.75
3 37 33 41  0.72 0.20 0.97
3 38 39 40  0.72 0.20 0.97
4 37 39 40 41  0.72 0.20 0.97
3 41 33 43  0.31 0.85 0.75
3 38 40 42   0.31 0.85 0.75
4 41 40 42 43  0.31 0.85 0.75
3 33 38 45  0.72 0.20 0.97
3 42 43 44  0.72 0.20 0.97
4 33 43 44 45  0.72 0.20 0.97
3 44 45 47  0.31 0.85 0.75
3 38 42 46   0.31 0.85 0.75
4 44 42 46 47  0.31 0.85 0.75
3 47 45 49  0.72 0.20 0.97
3 38 46 48  0.72 0.20 0.97
4 47 46 48 49  0.72 0.20 0.97
3 48 49 51  0.31 0.85 0.75
3 45 38 50   0.31 0.85 0.75
4 48 38 50 51  0.31 0.85 0.75



