OFF
52 73 124
-0.5 -0.5 -0.5
0.5 -0.5 -0.5
0.5 0.5 -0.5
-0.5 0.5 -0.5
0.5 0.5 0.5
0.5 -0.5 0.5
1.5 -0.5 0.5
1.5 0.5 0.5
0.5 0.5 1.5
1.5 0.5 1.5
1.5 1.5 0.5
1.5 1.5 1.5
2.5 1.5 0.5
2.5 0.5 0.5
2.5 1.5 -0.5
1.5 1.5 -0.5
1.5 2.5 0.5
1.5 2.5 -0.5
0.5 2.5 0.5
0.5 1.5 0.5
1.5 1.5 1.5
0.5 1.5 1.5
0.5 0.5 0.5
0.5 0.5 1.5
-0.5 0.5 0.5
-0.5 1.5 0.5
0.5 1.5 -0.5
-0.5 1.5 -0.5
0.5 2.5 -0.5
0.5 2.5 0.5
1.5 2.5 -0.5
1.5 1.5 -0.5
0.5 1.5 -1.5
1.5 1.5 -1.5
1.5 0.5 -0.5
1.5 0.5 -1.5
2.5 0.5 -1.5
2.5 0.5 -0.5
1.5 -0.5 -0.5
2.5 -0.5 -0.5
1.5 -0.5 0.5
1.5 0.5 0.5
0.5 -0.5 -0.5
0.5 0.5 -0.5
1.5 0.5 -1.5
0.5 0.5 -1.5
0.5 1.5 -0.5
0.5 1.5 -1.5
-0.5 0.5 -0.5
-0.5 0.5 -1.5
-0.5 -0.5 -0.5
0.5 -0.5 -0.5
4 0 1 2 3  0.72 0.20 0.97
3 0 1 5  0.72 0.20 0.97
3 2 3 4  0.72 0.20 0.97
4 0 3 4 5  0.72 0.20 0.97
3 2 4 7  0.31 0.85 0.75
3 5 1 6   0.31 0.85 0.75
4 2 1 6 7  0.31 0.85 0.75
3 6 7 9  0.72 0.20 0.97
3 4 5 8  0.72 0.20 0.97
4 6 5 8 9  0.72 0.20 0.97
3 8 9 11  0.31 0.85 0.75
3 7 4 10   0.31 0.85 0.75
4 8 4 10 11  0.31 0.85 0.75
3 9 7 13  0.72 0.20 0.97
3 10 11 12  0.72 0.20 0.97
4 9 11 12 13  0.72 0.20 0.97
3 7 10 15  0.31 0.85 0.75
3 12 13 14   0.31 0.85 0.75
4 7 13 14 15  0.31 0.85 0.75
3 14 15 17  0.72 0.20 0.97
3 10 12 16  0.72 0.20 0.97
4 14 12 16 17  0.72 0.20 0.97
3 15 10 19  0.31 0.85 0.75
3 16 17 18   0.31 0.85 0.75
4 15 17 18 19  0.31 0.85 0.75
3 18 19 21  0.72 0.20 0.97
3 10 16 20  0.72 0.20 0.97
4 18 16 20 21  0.72 0.20 0.97
3 20 21 23  0.31 0.85 0.75
3 19 10 22   0.31 0.85 0.75
4 20 10 22 23  0.31 0.85 0.75
3 21 19 25  0.72 0.20 0.97
3 22 23 24  0.72 0.20 0.97
4 21 23 24 25  0.72 0.20 0.97
3 24 25 27  0.31 0.85 0.75
3 19 22 26   0.31 0.85 0.75
4 24 22 26 27  0.31 0.85 0.75
3 25 19 29  0.72 0.20 0.97
3 26 27 28  0.72 0.20 0.97
4 25 27 28 29  0.72 0.20 0.97
3 19 26 31  0.31 0.85 0.75
3 28 29 30   0.31 0.85 0.75
4 19 29 30 31  0.31 0.85 0.75
3 30 31 33  0.72 0.20 0.97
3 26 28 32  0.72 0.20 0.97
4 30 28 32 33  0.72 0.20 0.97
3 32 33 35  0.31 0.85 0.75
3 31 26 34   0.31 0.85 0.75
4 32 26 34 35  0.31 0.85 0.75
3 31 34 37  0.72 0.20 0.97
3 35 33 36  0.72 0.20 0.97
4 31 33 36 37  0.72 0.20 0.97
3 36 37 39  0.31 0.85 0.75
3 34 35 38   0.31 0.85 0.75
4 36 35 38 39  0.31 0.85 0.75
3 37 34 41  0.72 0.20 0.97
3 38 39 40  0.72 0.20 0.97
4 37 39 40 41  0.72 0.20 0.97
3 41 34 43  0.31 0.85 0.75
3 38 40 42   0.31 0.85 0.75
4 41 40 42 43  0.31 0.85 0.75
3 42 43 45  0.72 0.20 0.97
3 34 38 44  0.72 0.20 0.97
4 42 38 44 45  0.72 0.20 0.97
3 44 45 47  0.31 0.85 0.75
3 43 34 46   0.31 0.85 0.75
4 44 34 46 47  0.31 0.85 0.75
3 47 45 49  0.72 0.20 0.97
3 43 46 48  0.72 0.20 0.97
4 47 46 48 49  0.72 0.20 0.97
3 45 43 51  0.31 0.85 0.75
3 48 49 50   0.31 0.85 0.75
4 45 49 50 51  0.31 0.85 0.75



