OFF
52 73 124
-0.3 -0.3 -0.3
0.3 -0.3 -0.3
0.3 0.3 -0.3
-0.3 0.3 -0.3
0.3 0.3 0.3
0.3 -0.3 0.3
0.9 -0.3 -0.3
0.9 -0.3 0.3
0.9 -0.9 0.3
0.9 -0.9 -0.3
1.5 -0.9 -0.3
1.5 -0.9 0.3
0.9 -1.5 -0.3
0.9 -1.5 0.3
0.3000001 -1.5 0.3
0.3000001 -1.5 -0.3
0.3 -2.1 -0.3
0.3 -2.1 0.3
-0.2999999 -1.5 0.3
-0.3 -2.1 0.3
-0.2999999 -1.5 0.9
0.3000001 -1.5 0.9
0.3000001 -0.9000001 0.3
0.3000001 -0.9000001 0.9
0.9000001 -0.9000001 0.9
0.9000001 -0.9000001 0.3
0.3000002 -0.3000002 0.9
0.3000002 -0.3000002 0.3
-0.2999998 -0.3000002 0.3
-0.2999998 -0.3000002 0.9
-0.2999997 0.2999997 0.3
0.3000003 0.2999997 0.3
-0.2999997 0.2999997 -0.3
-0.2999998 -0.3000002 -0.3
-0.8999997 -0.3000002 0.3
-0.8999997 -0.3000002 -0.3
-0.2999998 -0.9000001 0.3
-0.2999998 -0.9000001 -0.3
0.3000002 -0.3000002 -0.3
0.3000001 -0.9000001 -0.3
-0.2999998 -0.9000001 -0.9
0.3000001 -0.9000001 -0.9
-0.2999999 -1.5 -0.3
0.3000001 -1.5 -0.3
-0.2999999 -1.5 0.3
-0.2999998 -0.9000001 0.3
-0.8999999 -1.5 0.3
-0.8999999 -1.5 -0.3
-0.3 -2.1 0.3
-0.3 -2.1 -0.3
0.3000001 -1.5 -0.3
0.3 -2.1 -0.3
4 0 1 2 3 0.72 0.20 0.97
3 0 1 5 0.72 0.20 0.97
3 2 3 4 0.72 0.20 0.97
4 0 3 4 5 0.72 0.20 0.97
3 4 5 7  0.31 0.85 0.75
3 1 2 6  0.31 0.85 0.75
4 4 2 6 7  0.31 0.85 0.75
3 1 6 9  0.72 0.20 0.97
3 7 5 8  0.72 0.20 0.97
4 1 5 8 9  0.72 0.20 0.97
3 7 8 11  0.31 0.85 0.75
3 9 6 10  0.31 0.85 0.75
4 7 6 10 11  0.31 0.85 0.75
3 11 8 13  0.72 0.20 0.97
3 9 10 12  0.72 0.20 0.97
4 11 10 12 13  0.72 0.20 0.97
3 9 12 15  0.31 0.85 0.75
3 13 8 14  0.31 0.85 0.75
4 9 8 14 15  0.31 0.85 0.75
3 13 14 17  0.72 0.20 0.97
3 15 12 16  0.72 0.20 0.97
4 13 12 16 17  0.72 0.20 0.97
3 16 17 19  0.31 0.85 0.75
3 14 15 18  0.31 0.85 0.75
4 16 15 18 19  0.31 0.85 0.75
3 17 14 21  0.72 0.20 0.97
3 18 19 20  0.72 0.20 0.97
4 17 19 20 21  0.72 0.20 0.97
3 20 21 23  0.31 0.85 0.75
3 14 18 22  0.31 0.85 0.75
4 20 18 22 23  0.31 0.85 0.75
3 14 22 25  0.72 0.20 0.97
3 23 21 24  0.72 0.20 0.97
4 14 21 24 25  0.72 0.20 0.97
3 25 22 27  0.31 0.85 0.75
3 23 24 26  0.31 0.85 0.75
4 25 24 26 27  0.31 0.85 0.75
3 23 26 29  0.72 0.20 0.97
3 27 22 28  0.72 0.20 0.97
4 23 22 28 29  0.72 0.20 0.97
3 26 27 31  0.31 0.85 0.75
3 28 29 30  0.31 0.85 0.75
4 26 29 30 31  0.31 0.85 0.75
3 27 28 33  0.72 0.20 0.97
3 30 31 32  0.72 0.20 0.97
4 27 31 32 33  0.72 0.20 0.97
3 32 33 35  0.31 0.85 0.75
3 28 30 34  0.31 0.85 0.75
4 32 30 34 35  0.31 0.85 0.75
3 35 33 37  0.72 0.20 0.97
3 28 34 36  0.72 0.20 0.97
4 35 34 36 37  0.72 0.20 0.97
3 36 37 39  0.31 0.85 0.75
3 33 28 38  0.31 0.85 0.75
4 36 28 38 39  0.31 0.85 0.75
3 38 39 41  0.72 0.20 0.97
3 37 33 40  0.72 0.20 0.97
4 38 33 40 41  0.72 0.20 0.97
3 41 39 43  0.31 0.85 0.75
3 37 40 42  0.31 0.85 0.75
4 41 40 42 43  0.31 0.85 0.75
3 39 37 45  0.72 0.20 0.97
3 42 43 44  0.72 0.20 0.97
4 39 43 44 45  0.72 0.20 0.97
3 37 42 47  0.31 0.85 0.75
3 44 45 46  0.31 0.85 0.75
4 37 45 46 47  0.31 0.85 0.75
3 47 42 49  0.72 0.20 0.97
3 44 46 48  0.72 0.20 0.97
4 47 46 48 49  0.72 0.20 0.97
3 48 49 51  0.31 0.85 0.75
3 42 44 50  0.31 0.85 0.75
4 48 44 50 51  0.31 0.85 0.75
 
 
 
