OFF
52 73 124
-0.2 -0.2 -0.2
0.2 -0.2 -0.2
0.2 0.2 -0.2
-0.2 0.2 -0.2
0.2 0.2 0.2
0.2 -0.2 0.2
0.6 0.2 -0.2
0.6 -0.2 -0.2
0.6 -0.2 -0.6
0.6 0.2 -0.6
1 0.2 -0.6
1 -0.2 -0.6
1 -0.2 -1
1 0.2 -1
1.4 -0.2 -1
1.4 -0.2 -0.6
1.4 -0.6 -0.6
1.4 -0.6 -1
1.8 -0.6 -0.6
1.8 -0.2 -0.6
1.8 -0.2 -0.2
1.8 -0.6 -0.2
2.2 -0.6 -0.2
2.2 -0.2 -0.2
1.8 -0.2 0.1999999
2.2 -0.2 0.1999999
1.799999 0.2 -0.2
2.199999 0.2 -0.2
1.799999 0.2 -0.6
1.8 -0.2 -0.6
1.4 -0.2 -0.6
1.4 0.2 -0.6
1.4 0.2 -1
1.4 -0.2 -1
0.9999998 0.2 -1
0.9999998 0.2 -0.6
1.399999 0.6 -1
1.399999 0.6 -0.6
1.799999 0.2 -0.6
1.799999 0.6 -0.6
1.799999 0.6 -0.2
1.799999 0.2 -0.2
2.199999 0.2000001 -0.2
2.199999 0.6000001 -0.2
2.199999 0.2000001 0.1999999
1.799999 0.2000001 0.1999999
1.8 -0.1999999 0.1999999
2.2 -0.1999999 0.1999999
1.8 -0.1999999 0.5999999
1.799999 0.2000001 0.5999999
1.399999 0.2000001 0.5999999
1.4 -0.1999999 0.5999999
4 0 1 2 3 0.72 0.20 0.97
3 0 1 5 0.72 0.20 0.97
3 2 3 4 0.72 0.20 0.97
4 0 3 4 5 0.72 0.20 0.97
3 5 1 7  0.31 0.85 0.75
3 2 4 6  0.31 0.85 0.75
4 5 4 6 7  0.31 0.85 0.75
3 2 6 9  0.72 0.20 0.97
3 7 1 8  0.72 0.20 0.97
4 2 1 8 9  0.72 0.20 0.97
3 7 8 11  0.31 0.85 0.75
3 9 6 10  0.31 0.85 0.75
4 7 6 10 11  0.31 0.85 0.75
3 9 10 13  0.72 0.20 0.97
3 11 8 12  0.72 0.20 0.97
4 9 8 12 13  0.72 0.20 0.97
3 10 11 15  0.31 0.85 0.75
3 12 13 14  0.31 0.85 0.75
4 10 13 14 15  0.31 0.85 0.75
3 12 14 17  0.72 0.20 0.97
3 15 11 16  0.72 0.20 0.97
4 12 11 16 17  0.72 0.20 0.97
3 14 15 19  0.31 0.85 0.75
3 16 17 18  0.31 0.85 0.75
4 14 17 18 19  0.31 0.85 0.75
3 16 18 21  0.72 0.20 0.97
3 19 15 20  0.72 0.20 0.97
4 16 15 20 21  0.72 0.20 0.97
3 19 20 23  0.31 0.85 0.75
3 21 18 22  0.31 0.85 0.75
4 19 18 22 23  0.31 0.85 0.75
3 22 23 25  0.72 0.20 0.97
3 20 21 24  0.72 0.20 0.97
4 22 21 24 25  0.72 0.20 0.97
3 25 23 27  0.31 0.85 0.75
3 20 24 26  0.31 0.85 0.75
4 25 24 26 27  0.31 0.85 0.75
3 23 20 29  0.72 0.20 0.97
3 26 27 28  0.72 0.20 0.97
4 23 27 28 29  0.72 0.20 0.97
3 26 28 31  0.31 0.85 0.75
3 29 20 30  0.31 0.85 0.75
4 26 20 30 31  0.31 0.85 0.75
3 29 30 33  0.72 0.20 0.97
3 31 28 32  0.72 0.20 0.97
4 29 28 32 33  0.72 0.20 0.97
3 30 31 35  0.31 0.85 0.75
3 32 33 34  0.31 0.85 0.75
4 30 33 34 35  0.31 0.85 0.75
3 35 31 37  0.72 0.20 0.97
3 32 34 36  0.72 0.20 0.97
4 35 34 36 37  0.72 0.20 0.97
3 36 37 39  0.31 0.85 0.75
3 31 32 38  0.31 0.85 0.75
4 36 32 38 39  0.31 0.85 0.75
3 31 38 41  0.72 0.20 0.97
3 39 37 40  0.72 0.20 0.97
4 31 37 40 41  0.72 0.20 0.97
3 39 40 43  0.31 0.85 0.75
3 41 38 42  0.31 0.85 0.75
4 39 38 42 43  0.31 0.85 0.75
3 40 41 45  0.72 0.20 0.97
3 42 43 44  0.72 0.20 0.97
4 40 43 44 45  0.72 0.20 0.97
3 42 44 47  0.31 0.85 0.75
3 45 41 46  0.31 0.85 0.75
4 42 41 46 47  0.31 0.85 0.75
3 44 45 49  0.72 0.20 0.97
3 46 47 48  0.72 0.20 0.97
4 44 47 48 49  0.72 0.20 0.97
3 46 48 51  0.31 0.85 0.75
3 49 45 50  0.31 0.85 0.75
4 46 45 50 51  0.31 0.85 0.75
 
 
 
