OFF
52 73 124
-0.3 -0.3 -0.3
0.3 -0.3 -0.3
0.3 0.3 -0.3
-0.3 0.3 -0.3
0.3 0.3 0.3
0.3 -0.3 0.3
0.9 0.3 0.3
0.9 0.3 -0.3
0.3 0.9 -0.3
0.9 0.9 -0.3
0.3 0.3 -0.9
0.9 0.3 -0.9
0.3 -0.3 -0.9
0.3 -0.3 -0.3
-0.3 -0.3 -0.9
-0.3 0.3 -0.9
0.3 0.3 -1.5
-0.3 0.3 -1.5
0.3 0.9 -1.5
0.3 0.9 -0.9
0.9 0.3 -0.9
0.9 0.9 -0.9
0.3 0.9 -0.3000001
0.9 0.9 -0.3000001
0.3 1.5 -0.9
0.9 1.5 -0.9
0.3 1.5 -1.5
0.3 0.9 -1.5
-0.3 0.9 -0.9
-0.3 0.9 -1.5
-0.3 0.3000001 -1.5
-0.3 0.3000001 -0.9
-0.9 0.9 -1.5
-0.9 0.9 -0.9
-0.9 1.5 -0.9
-0.9 1.5 -1.5
-1.5 1.5 -0.9
-1.5 0.9 -0.9
-0.9 0.9 -0.3000001
-1.5 0.9 -0.3000001
-1.5 0.3000001 -0.3000001
-0.9000001 0.3000001 -0.3000001
-0.9000002 0.3 0.2999999
-1.5 0.3 0.2999999
-0.9000002 -0.3 0.2999999
-0.9000002 -0.2999999 -0.3000001
-0.3000002 0.3000001 -0.3000001
-0.3000002 -0.2999999 -0.3000001
-0.3000001 -0.2999998 -0.9
-0.3000001 0.3000001 -0.9
0.2999998 -0.2999999 -0.3000001
0.2999997 0.3000001 -0.3000001
4 0 1 2 3 0.72 0.20 0.97
3 0 1 5 0.72 0.20 0.97
3 2 3 4 0.72 0.20 0.97
4 0 3 4 5 0.72 0.20 0.97
3 1 2 7  0.31 0.85 0.75
3 4 5 6  0.31 0.85 0.75
4 1 5 6 7  0.31 0.85 0.75
3 6 7 9  0.72 0.20 0.97
3 2 4 8  0.72 0.20 0.97
4 6 4 8 9  0.72 0.20 0.97
3 9 7 11  0.31 0.85 0.75
3 2 8 10  0.31 0.85 0.75
4 9 8 10 11  0.31 0.85 0.75
3 7 2 13  0.72 0.20 0.97
3 10 11 12  0.72 0.20 0.97
4 7 11 12 13  0.72 0.20 0.97
3 2 10 15  0.31 0.85 0.75
3 12 13 14  0.31 0.85 0.75
4 2 13 14 15  0.31 0.85 0.75
3 14 15 17  0.72 0.20 0.97
3 10 12 16  0.72 0.20 0.97
4 14 12 16 17  0.72 0.20 0.97
3 15 10 19  0.31 0.85 0.75
3 16 17 18  0.31 0.85 0.75
4 15 17 18 19  0.31 0.85 0.75
3 18 19 21  0.72 0.20 0.97
3 10 16 20  0.72 0.20 0.97
4 18 16 20 21  0.72 0.20 0.97
3 20 21 23  0.31 0.85 0.75
3 19 10 22  0.31 0.85 0.75
4 20 10 22 23  0.31 0.85 0.75
3 23 21 25  0.72 0.20 0.97
3 19 22 24  0.72 0.20 0.97
4 23 22 24 25  0.72 0.20 0.97
3 21 19 27  0.31 0.85 0.75
3 24 25 26  0.31 0.85 0.75
4 21 25 26 27  0.31 0.85 0.75
3 26 27 29  0.72 0.20 0.97
3 19 24 28  0.72 0.20 0.97
4 26 24 28 29  0.72 0.20 0.97
3 19 28 31  0.31 0.85 0.75
3 29 27 30  0.31 0.85 0.75
4 19 27 30 31  0.31 0.85 0.75
3 31 28 33  0.72 0.20 0.97
3 29 30 32  0.72 0.20 0.97
4 31 30 32 33  0.72 0.20 0.97
3 29 32 35  0.31 0.85 0.75
3 33 28 34  0.31 0.85 0.75
4 29 28 34 35  0.31 0.85 0.75
3 32 33 37  0.72 0.20 0.97
3 34 35 36  0.72 0.20 0.97
4 32 35 36 37  0.72 0.20 0.97
3 36 37 39  0.31 0.85 0.75
3 33 34 38  0.31 0.85 0.75
4 36 34 38 39  0.31 0.85 0.75
3 33 38 41  0.72 0.20 0.97
3 39 37 40  0.72 0.20 0.97
4 33 37 40 41  0.72 0.20 0.97
3 39 40 43  0.31 0.85 0.75
3 41 38 42  0.31 0.85 0.75
4 39 38 42 43  0.31 0.85 0.75
3 40 41 45  0.72 0.20 0.97
3 42 43 44  0.72 0.20 0.97
4 40 43 44 45  0.72 0.20 0.97
3 44 45 47  0.31 0.85 0.75
3 41 42 46  0.31 0.85 0.75
4 44 42 46 47  0.31 0.85 0.75
3 41 46 49  0.72 0.20 0.97
3 47 45 48  0.72 0.20 0.97
4 41 45 48 49  0.72 0.20 0.97
3 49 46 51  0.31 0.85 0.75
3 47 48 50  0.31 0.85 0.75
4 49 48 50 51  0.31 0.85 0.75
 
 
 
