OFF
52 73 124
-0.4 -0.4 -0.4
0.4 -0.4 -0.4
0.4 0.4 -0.4
-0.4 0.4 -0.4
0.4 0.4 0.4
0.4 -0.4 0.4
1.2 0.4 -0.4
1.2 -0.4 -0.4
0.4 -0.4 -1.2
1.2 -0.4 -1.2
0.4 -1.2 -0.4
1.2 -1.2 -0.4
1.2 -0.4 0.4
1.2 -1.2 0.4
2 -1.2 0.4
2 -0.4 0.4
2 -0.3999999 1.2
2 -1.2 1.2
2.8 -1.2 1.2
2.8 -0.4 1.2
2.8 -0.4 2
2.8 -1.2 2
3.6 -0.4 2
3.6 -0.4 1.2
2.8 0.4000001 2
2.8 0.4000001 1.2
2 0.4000001 2
2 -0.3999999 2
2.8 0.4000001 2.8
2.8 -0.4 2.8
3.6 -0.4 2
3.6 -0.4 2.8
2.8 -1.2 2
2.8 -1.2 2.8
2 -1.2 2
2 -0.3999999 2
2 -0.4 1.2
2 -1.2 1.2
1.2 -1.2 1.2
1.2 -0.4 1.2
1.199999 -0.4 0.4000001
1.199999 -1.2 0.4000001
0.3999991 -1.2 0.4000001
0.3999991 -0.4 0.4000001
0.3999989 -0.4 -0.3999999
0.3999989 -1.2 -0.3999999
-0.4000013 -1.2 -0.3999999
-0.4000013 -0.4 -0.3999999
0.3999987 -0.4 -1.2
-0.4000015 -0.4 -1.2
0.3999989 0.4000001 -0.3999999
-0.4000013 0.4000001 -0.3999999
4 0 1 2 3 0.72 0.20 0.97
3 0 1 5 0.72 0.20 0.97
3 2 3 4 0.72 0.20 0.97
4 0 3 4 5 0.72 0.20 0.97
3 5 1 7  0.31 0.85 0.75
3 2 4 6  0.31 0.85 0.75
4 5 4 6 7  0.31 0.85 0.75
3 6 7 9  0.72 0.20 0.97
3 1 2 8  0.72 0.20 0.97
4 6 2 8 9  0.72 0.20 0.97
3 9 7 11  0.31 0.85 0.75
3 1 8 10  0.31 0.85 0.75
4 9 8 10 11  0.31 0.85 0.75
3 10 11 13  0.72 0.20 0.97
3 7 1 12  0.72 0.20 0.97
4 10 1 12 13  0.72 0.20 0.97
3 7 12 15  0.31 0.85 0.75
3 13 11 14  0.31 0.85 0.75
4 7 11 14 15  0.31 0.85 0.75
3 13 14 17  0.72 0.20 0.97
3 15 12 16  0.72 0.20 0.97
4 13 12 16 17  0.72 0.20 0.97
3 15 16 19  0.31 0.85 0.75
3 17 14 18  0.31 0.85 0.75
4 15 14 18 19  0.31 0.85 0.75
3 17 18 21  0.72 0.20 0.97
3 19 16 20  0.72 0.20 0.97
4 17 16 20 21  0.72 0.20 0.97
3 18 19 23  0.31 0.85 0.75
3 20 21 22  0.31 0.85 0.75
4 18 21 22 23  0.31 0.85 0.75
3 23 19 25  0.72 0.20 0.97
3 20 22 24  0.72 0.20 0.97
4 23 22 24 25  0.72 0.20 0.97
3 19 20 27  0.31 0.85 0.75
3 24 25 26  0.31 0.85 0.75
4 19 25 26 27  0.31 0.85 0.75
3 27 20 29  0.72 0.20 0.97
3 24 26 28  0.72 0.20 0.97
4 27 26 28 29  0.72 0.20 0.97
3 28 29 31  0.31 0.85 0.75
3 20 24 30  0.31 0.85 0.75
4 28 24 30 31  0.31 0.85 0.75
3 31 29 33  0.72 0.20 0.97
3 20 30 32  0.72 0.20 0.97
4 31 30 32 33  0.72 0.20 0.97
3 29 20 35  0.31 0.85 0.75
3 32 33 34  0.31 0.85 0.75
4 29 33 34 35  0.31 0.85 0.75
3 32 34 37  0.72 0.20 0.97
3 35 20 36  0.72 0.20 0.97
4 32 20 36 37  0.72 0.20 0.97
3 35 36 39  0.31 0.85 0.75
3 37 34 38  0.31 0.85 0.75
4 35 34 38 39  0.31 0.85 0.75
3 37 38 41  0.72 0.20 0.97
3 39 36 40  0.72 0.20 0.97
4 37 36 40 41  0.72 0.20 0.97
3 39 40 43  0.31 0.85 0.75
3 41 38 42  0.31 0.85 0.75
4 39 38 42 43  0.31 0.85 0.75
3 41 42 45  0.72 0.20 0.97
3 43 40 44  0.72 0.20 0.97
4 41 40 44 45  0.72 0.20 0.97
3 43 44 47  0.31 0.85 0.75
3 45 42 46  0.31 0.85 0.75
4 43 42 46 47  0.31 0.85 0.75
3 46 47 49  0.72 0.20 0.97
3 44 45 48  0.72 0.20 0.97
4 46 45 48 49  0.72 0.20 0.97
3 49 47 51  0.31 0.85 0.75
3 44 48 50  0.31 0.85 0.75
4 49 48 50 51  0.31 0.85 0.75
 
 
 
