OFF
52 73 124
-0.3 -0.3 -0.3
0.3 -0.3 -0.3
0.3 0.3 -0.3
-0.3 0.3 -0.3
0.3 0.3 0.3
0.3 -0.3 0.3
0.9 -0.3 0.3
0.9 0.3 0.3
0.3 0.3 0.9
0.9 0.3 0.9
0.9 0.9 0.9
0.3 0.9 0.9
0.3 0.3 1.5
0.3 0.9 1.5
-0.3 0.3 1.5
-0.3 0.3 0.9
0.3 -0.3 1.5
0.3 -0.3 0.9
0.9 0.3 0.9
0.9 -0.3 0.9
0.3 -0.3 0.3000001
0.9 -0.3 0.3000001
0.3 -0.9 0.9
0.9 -0.9 0.9
0.3 -0.9 1.5
0.3 -0.3 1.5
-0.3 -0.3 0.9
-0.3 -0.3 1.5
-0.3 0.3 1.5
-0.3 0.3 0.9
-0.9 -0.3 0.9
-0.9 0.3 0.9
-0.9 0.3 0.3000001
-0.9 -0.3 0.3000001
-1.5 0.3 0.9
-1.5 -0.3 0.9
-0.9 0.3 1.5
-0.9 -0.3 1.5
-0.3000001 -0.3 1.5
-0.3000001 0.3 1.5
-0.9 -0.3 2.1
-0.9 0.3 2.1
-1.5 -0.3 1.5
-1.5 0.3 1.5
-1.5 0.3 0.9000001
-1.5 -0.3 0.9000001
-2.1 0.3 1.5
-2.1 -0.3 1.5
-1.5 0.3 2.1
-1.5 -0.3 2.1
-0.9000001 -0.3 2.1
-0.9000001 0.3 2.1
4 0 1 2 3 0.72 0.20 0.97
3 0 1 5 0.72 0.20 0.97
3 2 3 4 0.72 0.20 0.97
4 0 3 4 5 0.72 0.20 0.97
3 2 4 7  0.31 0.85 0.75
3 5 1 6  0.31 0.85 0.75
4 2 1 6 7  0.31 0.85 0.75
3 6 7 9  0.72 0.20 0.97
3 4 5 8  0.72 0.20 0.97
4 6 5 8 9  0.72 0.20 0.97
3 4 8 11  0.31 0.85 0.75
3 9 7 10  0.31 0.85 0.75
4 4 7 10 11  0.31 0.85 0.75
3 10 11 13  0.72 0.20 0.97
3 8 9 12  0.72 0.20 0.97
4 10 9 12 13  0.72 0.20 0.97
3 11 8 15  0.31 0.85 0.75
3 12 13 14  0.31 0.85 0.75
4 11 13 14 15  0.31 0.85 0.75
3 15 8 17  0.72 0.20 0.97
3 12 14 16  0.72 0.20 0.97
4 15 14 16 17  0.72 0.20 0.97
3 16 17 19  0.31 0.85 0.75
3 8 12 18  0.31 0.85 0.75
4 16 12 18 19  0.31 0.85 0.75
3 18 19 21  0.72 0.20 0.97
3 17 8 20  0.72 0.20 0.97
4 18 8 20 21  0.72 0.20 0.97
3 21 19 23  0.31 0.85 0.75
3 17 20 22  0.31 0.85 0.75
4 21 20 22 23  0.31 0.85 0.75
3 19 17 25  0.72 0.20 0.97
3 22 23 24  0.72 0.20 0.97
4 19 23 24 25  0.72 0.20 0.97
3 24 25 27  0.31 0.85 0.75
3 17 22 26  0.31 0.85 0.75
4 24 22 26 27  0.31 0.85 0.75
3 17 26 29  0.72 0.20 0.97
3 27 25 28  0.72 0.20 0.97
4 17 25 28 29  0.72 0.20 0.97
3 28 29 31  0.31 0.85 0.75
3 26 27 30  0.31 0.85 0.75
4 28 27 30 31  0.31 0.85 0.75
3 26 30 33  0.72 0.20 0.97
3 31 29 32  0.72 0.20 0.97
4 26 29 32 33  0.72 0.20 0.97
3 33 30 35  0.31 0.85 0.75
3 31 32 34  0.31 0.85 0.75
4 33 32 34 35  0.31 0.85 0.75
3 35 30 37  0.72 0.20 0.97
3 31 34 36  0.72 0.20 0.97
4 35 34 36 37  0.72 0.20 0.97
3 31 36 39  0.31 0.85 0.75
3 37 30 38  0.31 0.85 0.75
4 31 30 38 39  0.31 0.85 0.75
3 39 36 41  0.72 0.20 0.97
3 37 38 40  0.72 0.20 0.97
4 39 38 40 41  0.72 0.20 0.97
3 41 36 43  0.31 0.85 0.75
3 37 40 42  0.31 0.85 0.75
4 41 40 42 43  0.31 0.85 0.75
3 37 42 45  0.72 0.20 0.97
3 43 36 44  0.72 0.20 0.97
4 37 36 44 45  0.72 0.20 0.97
3 45 42 47  0.31 0.85 0.75
3 43 44 46  0.31 0.85 0.75
4 45 44 46 47  0.31 0.85 0.75
3 47 42 49  0.72 0.20 0.97
3 43 46 48  0.72 0.20 0.97
4 47 46 48 49  0.72 0.20 0.97
3 43 48 51  0.31 0.85 0.75
3 49 42 50  0.31 0.85 0.75
4 43 42 50 51  0.31 0.85 0.75
 
 
 
