OFF
52 73 124
-0.5 -0.5 -0.5
0.5 -0.5 -0.5
0.5 0.5 -0.5
-0.5 0.5 -0.5
0.5 0.5 0.5
0.5 -0.5 0.5
1.5 0.5 -0.5
1.5 -0.5 -0.5
1.5 -0.5 -1.5
1.5 0.5 -1.5
2.5 0.5 -1.5
2.5 -0.5 -1.5
1.5 0.5 -2.5
1.5 -0.5 -2.5
0.5 0.5 -2.5
0.5 0.5 -1.5
1.5 1.5 -2.5
1.5 1.5 -1.5
2.5 0.5 -1.5
2.5 1.5 -1.5
1.5 0.5 -0.5
1.5 1.5 -0.5
0.5 1.5 -0.5
0.5 0.5 -0.5
0.5 1.5 0.5
1.5 1.5 0.5
0.5 2.5 -0.5
1.5 2.5 -0.5
0.5 2.5 -1.5
0.5 1.5 -1.5
-0.5 2.5 -0.5
-0.5 1.5 -0.5
0.5 1.5 0.5
-0.5 1.5 0.5
0.5 0.5 -0.5
-0.5 0.5 -0.5
-0.5 1.5 -1.5
-0.5 0.5 -1.5
-1.5 0.5 -1.5
-1.5 1.5 -1.5
-0.5 0.5 -2.5
-0.5 1.5 -2.5
0.5 0.5 -2.5
0.5 0.5 -1.5
-0.5 -0.5 -2.5
-0.5 -0.5 -1.5
-1.5 0.5 -1.5
-1.5 -0.5 -1.5
-0.5 0.5 -0.5
-0.5 -0.5 -0.5
0.5 -0.5 -0.5
0.5 0.5 -0.5
4 0 1 2 3  0.72 0.20 0.97
3 0 1 5  0.72 0.20 0.97
3 2 3 4  0.72 0.20 0.97
4 0 3 4 5  0.72 0.20 0.97
3 5 1 7  0.31 0.85 0.75
3 2 4 6   0.31 0.85 0.75
4 5 4 6 7  0.31 0.85 0.75
3 2 6 9  0.72 0.20 0.97
3 7 1 8  0.72 0.20 0.97
4 2 1 8 9  0.72 0.20 0.97
3 7 8 11  0.31 0.85 0.75
3 9 6 10   0.31 0.85 0.75
4 7 6 10 11  0.31 0.85 0.75
3 11 8 13  0.72 0.20 0.97
3 9 10 12  0.72 0.20 0.97
4 11 10 12 13  0.72 0.20 0.97
3 8 9 15  0.31 0.85 0.75
3 12 13 14   0.31 0.85 0.75
4 8 13 14 15  0.31 0.85 0.75
3 15 9 17  0.72 0.20 0.97
3 12 14 16  0.72 0.20 0.97
4 15 14 16 17  0.72 0.20 0.97
3 16 17 19  0.31 0.85 0.75
3 9 12 18   0.31 0.85 0.75
4 16 12 18 19  0.31 0.85 0.75
3 19 17 21  0.72 0.20 0.97
3 9 18 20  0.72 0.20 0.97
4 19 18 20 21  0.72 0.20 0.97
3 9 20 23  0.31 0.85 0.75
3 21 17 22   0.31 0.85 0.75
4 9 17 22 23  0.31 0.85 0.75
3 20 21 25  0.72 0.20 0.97
3 22 23 24  0.72 0.20 0.97
4 20 23 24 25  0.72 0.20 0.97
3 25 21 27  0.31 0.85 0.75
3 22 24 26   0.31 0.85 0.75
4 25 24 26 27  0.31 0.85 0.75
3 21 22 29  0.72 0.20 0.97
3 26 27 28  0.72 0.20 0.97
4 21 27 28 29  0.72 0.20 0.97
3 29 22 31  0.31 0.85 0.75
3 26 28 30   0.31 0.85 0.75
4 29 28 30 31  0.31 0.85 0.75
3 30 31 33  0.72 0.20 0.97
3 22 26 32  0.72 0.20 0.97
4 30 26 32 33  0.72 0.20 0.97
3 33 31 35  0.31 0.85 0.75
3 22 32 34   0.31 0.85 0.75
4 33 32 34 35  0.31 0.85 0.75
3 34 35 37  0.72 0.20 0.97
3 31 22 36  0.72 0.20 0.97
4 34 22 36 37  0.72 0.20 0.97
3 31 36 39  0.31 0.85 0.75
3 37 35 38   0.31 0.85 0.75
4 31 35 38 39  0.31 0.85 0.75
3 39 36 41  0.72 0.20 0.97
3 37 38 40  0.72 0.20 0.97
4 39 38 40 41  0.72 0.20 0.97
3 36 37 43  0.31 0.85 0.75
3 40 41 42   0.31 0.85 0.75
4 36 41 42 43  0.31 0.85 0.75
3 43 37 45  0.72 0.20 0.97
3 40 42 44  0.72 0.20 0.97
4 43 42 44 45  0.72 0.20 0.97
3 44 45 47  0.31 0.85 0.75
3 37 40 46   0.31 0.85 0.75
4 44 40 46 47  0.31 0.85 0.75
3 47 45 49  0.72 0.20 0.97
3 37 46 48  0.72 0.20 0.97
4 47 46 48 49  0.72 0.20 0.97
3 37 48 51  0.31 0.85 0.75
3 49 45 50   0.31 0.85 0.75
4 37 45 50 51  0.31 0.85 0.75



