OFF
52 73 124
-0.5 -0.5 -0.5
0.5 -0.5 -0.5
0.5 0.5 -0.5
-0.5 0.5 -0.5
0.5 0.5 0.5
0.5 -0.5 0.5
1.5 -0.5 -0.5
1.5 -0.5 0.5
0.5 -1.5 0.5
1.5 -1.5 0.5
0.5 -0.5 1.5
1.5 -0.5 1.5
0.5 0.5 1.5
0.5 0.5 0.5
-0.5 0.5 1.5
-0.5 -0.5 1.5
-0.5 -0.5 2.5
-0.5 0.5 2.5
-1.5 0.5 1.5
-1.5 0.5 2.5
-0.5 1.5 1.5
-0.5 1.5 2.5
0.5 1.5 1.5
0.5 0.5 1.5
-0.5 1.5 0.5
-0.5 0.5 0.5
-1.5 0.5 1.5
-1.5 0.5 0.5
-0.5 -0.5 1.5
-0.5 -0.5 0.5
0.5 0.5 0.5
0.5 -0.5 0.5
-0.5 0.5 -0.5
-0.5 -0.5 -0.5
-1.5 0.5 -0.5
-1.5 0.5 0.5
-0.5 1.5 -0.5
-0.5 1.5 0.5
0.5 0.5 0.5
0.5 1.5 0.5
0.5 1.5 1.5
0.5 0.5 1.5
1.5 1.5 1.5
1.5 1.5 0.5
0.5 2.5 0.5
1.5 2.5 0.5
0.5 1.5 -0.5
1.5 1.5 -0.5
0.5 0.5 -0.5
0.5 0.5 0.5
-0.5 0.5 -0.5
-0.5 1.5 -0.5
4 0 1 2 3  0.72 0.20 0.97
3 0 1 5  0.72 0.20 0.97
3 2 3 4  0.72 0.20 0.97
4 0 3 4 5  0.72 0.20 0.97
3 4 5 7  0.31 0.85 0.75
3 1 2 6   0.31 0.85 0.75
4 4 2 6 7  0.31 0.85 0.75
3 6 7 9  0.72 0.20 0.97
3 5 1 8  0.72 0.20 0.97
4 6 1 8 9  0.72 0.20 0.97
3 9 7 11  0.31 0.85 0.75
3 5 8 10   0.31 0.85 0.75
4 9 8 10 11  0.31 0.85 0.75
3 7 5 13  0.72 0.20 0.97
3 10 11 12  0.72 0.20 0.97
4 7 11 12 13  0.72 0.20 0.97
3 5 10 15  0.31 0.85 0.75
3 12 13 14   0.31 0.85 0.75
4 5 13 14 15  0.31 0.85 0.75
3 12 14 17  0.72 0.20 0.97
3 15 10 16  0.72 0.20 0.97
4 12 10 16 17  0.72 0.20 0.97
3 16 17 19  0.31 0.85 0.75
3 14 15 18   0.31 0.85 0.75
4 16 15 18 19  0.31 0.85 0.75
3 19 17 21  0.72 0.20 0.97
3 14 18 20  0.72 0.20 0.97
4 19 18 20 21  0.72 0.20 0.97
3 17 14 23  0.31 0.85 0.75
3 20 21 22   0.31 0.85 0.75
4 17 21 22 23  0.31 0.85 0.75
3 23 14 25  0.72 0.20 0.97
3 20 22 24  0.72 0.20 0.97
4 23 22 24 25  0.72 0.20 0.97
3 24 25 27  0.31 0.85 0.75
3 14 20 26   0.31 0.85 0.75
4 24 20 26 27  0.31 0.85 0.75
3 27 25 29  0.72 0.20 0.97
3 14 26 28  0.72 0.20 0.97
4 27 26 28 29  0.72 0.20 0.97
3 28 29 31  0.31 0.85 0.75
3 25 14 30   0.31 0.85 0.75
4 28 14 30 31  0.31 0.85 0.75
3 31 29 33  0.72 0.20 0.97
3 25 30 32  0.72 0.20 0.97
4 31 30 32 33  0.72 0.20 0.97
3 29 25 35  0.31 0.85 0.75
3 32 33 34   0.31 0.85 0.75
4 29 33 34 35  0.31 0.85 0.75
3 35 25 37  0.72 0.20 0.97
3 32 34 36  0.72 0.20 0.97
4 35 34 36 37  0.72 0.20 0.97
3 36 37 39  0.31 0.85 0.75
3 25 32 38   0.31 0.85 0.75
4 36 32 38 39  0.31 0.85 0.75
3 25 38 41  0.72 0.20 0.97
3 39 37 40  0.72 0.20 0.97
4 25 37 40 41  0.72 0.20 0.97
3 38 39 43  0.31 0.85 0.75
3 40 41 42   0.31 0.85 0.75
4 38 41 42 43  0.31 0.85 0.75
3 42 43 45  0.72 0.20 0.97
3 39 40 44  0.72 0.20 0.97
4 42 40 44 45  0.72 0.20 0.97
3 45 43 47  0.31 0.85 0.75
3 39 44 46   0.31 0.85 0.75
4 45 44 46 47  0.31 0.85 0.75
3 43 39 49  0.72 0.20 0.97
3 46 47 48  0.72 0.20 0.97
4 43 47 48 49  0.72 0.20 0.97
3 39 46 51  0.31 0.85 0.75
3 48 49 50   0.31 0.85 0.75
4 39 49 50 51  0.31 0.85 0.75



