OFF
52 73 124
-0.4 -0.4 -0.4
0.4 -0.4 -0.4
0.4 0.4 -0.4
-0.4 0.4 -0.4
0.4 0.4 0.4
0.4 -0.4 0.4
1.2 0.4 0.4
1.2 0.4 -0.4
1.2 1.2 0.4
0.4 1.2 0.4
0.4 0.4 1.2
0.4 1.2 1.2
-0.4 0.4 1.2
-0.4 0.4 0.4
0.4 -0.4 0.4
-0.4 -0.4 0.4
-0.4 0.4 -0.4
-0.4 -0.4 -0.4
-1.2 0.4 0.4
-1.2 -0.4 0.4
-1.2 0.4 1.2
-0.4 0.4 1.2
-0.4 1.2 0.4
-0.4 1.2 1.2
0.4 1.2 1.2
0.4 1.2 0.4
0.4 2 0.4
0.4 2 1.2
1.2 2 0.4
1.2 1.2 0.4
0.4 1.2 -0.4
1.2 1.2 -0.4
1.2 0.4 -0.4
0.4 0.4 -0.4
0.4 0.4 -1.2
1.2 0.4 -1.2
1.2 -0.4 -0.4
1.2 -0.4 -1.2
2 -0.4 -0.4
2 0.4 -0.4
1.2 -0.4 0.4
1.2 0.4 0.4
0.4 -0.4 0.4
0.4 -0.4 -0.4
1.2 -1.2 -0.4
0.4 -1.2 -0.4
1.2 -0.4 -1.2
0.4 -0.4 -1.2
0.4 0.4 -0.4
0.4 0.4 -1.2
-0.4 0.4 -0.4
-0.4 -0.4 -0.4
4 0 1 2 3  0.72 0.20 0.97
3 0 1 5  0.72 0.20 0.97
3 2 3 4  0.72 0.20 0.97
4 0 3 4 5  0.72 0.20 0.97
3 1 2 7  0.31 0.85 0.75
3 4 5 6   0.31 0.85 0.75
4 1 5 6 7  0.31 0.85 0.75
3 2 4 9  0.72 0.20 0.97
3 6 7 8  0.72 0.20 0.97
4 2 7 8 9  0.72 0.20 0.97
3 8 9 11  0.31 0.85 0.75
3 4 6 10   0.31 0.85 0.75
4 8 6 10 11  0.31 0.85 0.75
3 9 4 13  0.72 0.20 0.97
3 10 11 12  0.72 0.20 0.97
4 9 11 12 13  0.72 0.20 0.97
3 12 13 15  0.31 0.85 0.75
3 4 10 14   0.31 0.85 0.75
4 12 10 14 15  0.31 0.85 0.75
3 14 15 17  0.72 0.20 0.97
3 13 4 16  0.72 0.20 0.97
4 14 4 16 17  0.72 0.20 0.97
3 17 15 19  0.31 0.85 0.75
3 13 16 18   0.31 0.85 0.75
4 17 16 18 19  0.31 0.85 0.75
3 15 13 21  0.72 0.20 0.97
3 18 19 20  0.72 0.20 0.97
4 15 19 20 21  0.72 0.20 0.97
3 20 21 23  0.31 0.85 0.75
3 13 18 22   0.31 0.85 0.75
4 20 18 22 23  0.31 0.85 0.75
3 13 22 25  0.72 0.20 0.97
3 23 21 24  0.72 0.20 0.97
4 13 21 24 25  0.72 0.20 0.97
3 23 24 27  0.31 0.85 0.75
3 25 22 26   0.31 0.85 0.75
4 23 22 26 27  0.31 0.85 0.75
3 24 25 29  0.72 0.20 0.97
3 26 27 28  0.72 0.20 0.97
4 24 27 28 29  0.72 0.20 0.97
3 28 29 31  0.31 0.85 0.75
3 25 26 30   0.31 0.85 0.75
4 28 26 30 31  0.31 0.85 0.75
3 25 30 33  0.72 0.20 0.97
3 31 29 32  0.72 0.20 0.97
4 25 29 32 33  0.72 0.20 0.97
3 31 32 35  0.31 0.85 0.75
3 33 30 34   0.31 0.85 0.75
4 31 30 34 35  0.31 0.85 0.75
3 34 35 37  0.72 0.20 0.97
3 32 33 36  0.72 0.20 0.97
4 34 33 36 37  0.72 0.20 0.97
3 35 32 39  0.31 0.85 0.75
3 36 37 38   0.31 0.85 0.75
4 35 37 38 39  0.31 0.85 0.75
3 39 32 41  0.72 0.20 0.97
3 36 38 40  0.72 0.20 0.97
4 39 38 40 41  0.72 0.20 0.97
3 32 36 43  0.31 0.85 0.75
3 40 41 42   0.31 0.85 0.75
4 32 41 42 43  0.31 0.85 0.75
3 42 43 45  0.72 0.20 0.97
3 36 40 44  0.72 0.20 0.97
4 42 40 44 45  0.72 0.20 0.97
3 45 43 47  0.31 0.85 0.75
3 36 44 46   0.31 0.85 0.75
4 45 44 46 47  0.31 0.85 0.75
3 46 47 49  0.72 0.20 0.97
3 43 36 48  0.72 0.20 0.97
4 46 36 48 49  0.72 0.20 0.97
3 47 43 51  0.31 0.85 0.75
3 48 49 50   0.31 0.85 0.75
4 47 49 50 51  0.31 0.85 0.75



