OFF
52 73 124
-0.3 -0.3 -0.3
0.3 -0.3 -0.3
0.3 0.3 -0.3
-0.3 0.3 -0.3
0.3 0.3 0.3
0.3 -0.3 0.3
0.9 -0.3 0.3
0.9 0.3 0.3
0.9 -0.3 0.9
0.3 -0.3 0.9
0.9 -0.9 0.3
0.3 -0.9 0.3
0.9 -0.9 -0.3
0.9 -0.3 -0.3
1.5 -0.3 0.3
1.5 -0.3 -0.3
0.9 0.3 0.3
0.9 0.3 -0.3
0.3 -0.3 -0.3
0.3 0.3 -0.3
0.9 0.3 -0.9
0.3 0.3 -0.9
0.9 0.9 -0.3
0.3 0.9 -0.3
0.9 0.9 0.3
0.9 0.3 0.3
1.5 0.9 0.3
1.5 0.9 -0.3
0.9 1.5 0.3
0.9 1.5 -0.3
0.3 1.5 0.3
0.3 0.9 0.3
0.9 0.9 0.9
0.3 0.9 0.9
0.9 0.3 0.3
0.3 0.3 0.3
0.3 0.9 -0.3
0.3 0.3 -0.3
-0.3 0.9 0.3
-0.3 0.3 0.3
0.3 0.3 0.9
-0.3 0.3 0.9
0.3 -0.3 0.3
-0.3 -0.3 0.3
-0.3 0.3 -0.3
-0.3 -0.3 -0.3
-0.9 0.3 -0.3
-0.9 0.3 0.3
-0.3 0.9 -0.3
-0.3 0.9 0.3
0.3 0.9 -0.3
0.3 0.3 -0.3
4 0 1 2 3  0.72 0.20 0.97
3 0 1 5  0.72 0.20 0.97
3 2 3 4  0.72 0.20 0.97
4 0 3 4 5  0.72 0.20 0.97
3 2 4 7  0.31 0.85 0.75
3 5 1 6   0.31 0.85 0.75
4 2 1 6 7  0.31 0.85 0.75
3 4 5 9  0.72 0.20 0.97
3 6 7 8  0.72 0.20 0.97
4 4 7 8 9  0.72 0.20 0.97
3 9 5 11  0.31 0.85 0.75
3 6 8 10   0.31 0.85 0.75
4 9 8 10 11  0.31 0.85 0.75
3 5 6 13  0.72 0.20 0.97
3 10 11 12  0.72 0.20 0.97
4 5 11 12 13  0.72 0.20 0.97
3 12 13 15  0.31 0.85 0.75
3 6 10 14   0.31 0.85 0.75
4 12 10 14 15  0.31 0.85 0.75
3 15 13 17  0.72 0.20 0.97
3 6 14 16  0.72 0.20 0.97
4 15 14 16 17  0.72 0.20 0.97
3 16 17 19  0.31 0.85 0.75
3 13 6 18   0.31 0.85 0.75
4 16 6 18 19  0.31 0.85 0.75
3 18 19 21  0.72 0.20 0.97
3 17 13 20  0.72 0.20 0.97
4 18 13 20 21  0.72 0.20 0.97
3 21 19 23  0.31 0.85 0.75
3 17 20 22   0.31 0.85 0.75
4 21 20 22 23  0.31 0.85 0.75
3 19 17 25  0.72 0.20 0.97
3 22 23 24  0.72 0.20 0.97
4 19 23 24 25  0.72 0.20 0.97
3 17 22 27  0.31 0.85 0.75
3 24 25 26   0.31 0.85 0.75
4 17 25 26 27  0.31 0.85 0.75
3 27 22 29  0.72 0.20 0.97
3 24 26 28  0.72 0.20 0.97
4 27 26 28 29  0.72 0.20 0.97
3 22 24 31  0.31 0.85 0.75
3 28 29 30   0.31 0.85 0.75
4 22 29 30 31  0.31 0.85 0.75
3 30 31 33  0.72 0.20 0.97
3 24 28 32  0.72 0.20 0.97
4 30 28 32 33  0.72 0.20 0.97
3 33 31 35  0.31 0.85 0.75
3 24 32 34   0.31 0.85 0.75
4 33 32 34 35  0.31 0.85 0.75
3 34 35 37  0.72 0.20 0.97
3 31 24 36  0.72 0.20 0.97
4 34 24 36 37  0.72 0.20 0.97
3 37 35 39  0.31 0.85 0.75
3 31 36 38   0.31 0.85 0.75
4 37 36 38 39  0.31 0.85 0.75
3 38 39 41  0.72 0.20 0.97
3 35 31 40  0.72 0.20 0.97
4 38 31 40 41  0.72 0.20 0.97
3 41 39 43  0.31 0.85 0.75
3 35 40 42   0.31 0.85 0.75
4 41 40 42 43  0.31 0.85 0.75
3 42 43 45  0.72 0.20 0.97
3 39 35 44  0.72 0.20 0.97
4 42 35 44 45  0.72 0.20 0.97
3 43 39 47  0.31 0.85 0.75
3 44 45 46   0.31 0.85 0.75
4 43 45 46 47  0.31 0.85 0.75
3 47 39 49  0.72 0.20 0.97
3 44 46 48  0.72 0.20 0.97
4 47 46 48 49  0.72 0.20 0.97
3 39 44 51  0.31 0.85 0.75
3 48 49 50   0.31 0.85 0.75
4 39 49 50 51  0.31 0.85 0.75



