OFF
52 73 124
-0.4 -0.4 -0.4
0.4 -0.4 -0.4
0.4 0.4 -0.4
-0.4 0.4 -0.4
0.4 0.4 0.4
0.4 -0.4 0.4
1.2 0.4 -0.4
1.2 -0.4 -0.4
1.2 -0.4 -1.2
1.2 0.4 -1.2
2 0.4 -1.2
2 -0.4 -1.2
1.2 0.4 -2
1.2 -0.4 -2
0.4 0.4 -1.2
0.4 -0.4 -1.2
0.4 -0.4 -0.4
0.4 0.4 -0.4
-0.4 -0.4 -1.2
-0.4 0.4 -1.2
-0.4 -0.4 -2
0.4 -0.4 -2
0.4 -1.2 -1.2
0.4 -1.2 -2
1.2 -1.2 -1.2
1.2 -0.4 -1.2
1.2 -1.2 -0.4
0.4 -1.2 -0.4
1.2 -2 -1.2
0.4 -2 -1.2
0.4 -1.2 -2
0.4 -2 -2
-0.4 -2 -1.2
-0.4 -2 -2
-0.4 -2.8 -1.2
0.4 -2.8 -1.2
0.4 -2 -0.4
0.4 -2.8 -0.4
1.2 -2 -1.2
1.2 -2.8 -1.2
1.2 -2.8 -2
1.2 -2 -2
2 -2.8 -1.2
2 -2 -1.2
1.2 -2.8 -0.4
1.2 -2 -0.4
0.4 -2 -0.4
0.4 -2.8 -0.4
0.4 -2.8 0.4
0.4 -2 0.4
-0.4 -2.8 -0.4
-0.4 -2 -0.4
4 0 1 2 3  0.72 0.20 0.97
3 0 1 5  0.72 0.20 0.97
3 2 3 4  0.72 0.20 0.97
4 0 3 4 5  0.72 0.20 0.97
3 5 1 7  0.31 0.85 0.75
3 2 4 6   0.31 0.85 0.75
4 5 4 6 7  0.31 0.85 0.75
3 2 6 9  0.72 0.20 0.97
3 7 1 8  0.72 0.20 0.97
4 2 1 8 9  0.72 0.20 0.97
3 7 8 11  0.31 0.85 0.75
3 9 6 10   0.31 0.85 0.75
4 7 6 10 11  0.31 0.85 0.75
3 11 8 13  0.72 0.20 0.97
3 9 10 12  0.72 0.20 0.97
4 11 10 12 13  0.72 0.20 0.97
3 13 8 15  0.31 0.85 0.75
3 9 12 14   0.31 0.85 0.75
4 13 12 14 15  0.31 0.85 0.75
3 9 14 17  0.72 0.20 0.97
3 15 8 16  0.72 0.20 0.97
4 9 8 16 17  0.72 0.20 0.97
3 17 14 19  0.31 0.85 0.75
3 15 16 18   0.31 0.85 0.75
4 17 16 18 19  0.31 0.85 0.75
3 14 15 21  0.72 0.20 0.97
3 18 19 20  0.72 0.20 0.97
4 14 19 20 21  0.72 0.20 0.97
3 20 21 23  0.31 0.85 0.75
3 15 18 22   0.31 0.85 0.75
4 20 18 22 23  0.31 0.85 0.75
3 21 15 25  0.72 0.20 0.97
3 22 23 24  0.72 0.20 0.97
4 21 23 24 25  0.72 0.20 0.97
3 15 22 27  0.31 0.85 0.75
3 24 25 26   0.31 0.85 0.75
4 15 25 26 27  0.31 0.85 0.75
3 27 22 29  0.72 0.20 0.97
3 24 26 28  0.72 0.20 0.97
4 27 26 28 29  0.72 0.20 0.97
3 28 29 31  0.31 0.85 0.75
3 22 24 30   0.31 0.85 0.75
4 28 24 30 31  0.31 0.85 0.75
3 30 31 33  0.72 0.20 0.97
3 29 22 32  0.72 0.20 0.97
4 30 22 32 33  0.72 0.20 0.97
3 31 29 35  0.31 0.85 0.75
3 32 33 34   0.31 0.85 0.75
4 31 33 34 35  0.31 0.85 0.75
3 34 35 37  0.72 0.20 0.97
3 29 32 36  0.72 0.20 0.97
4 34 32 36 37  0.72 0.20 0.97
3 37 35 39  0.31 0.85 0.75
3 29 36 38   0.31 0.85 0.75
4 37 36 38 39  0.31 0.85 0.75
3 29 38 41  0.72 0.20 0.97
3 39 35 40  0.72 0.20 0.97
4 29 35 40 41  0.72 0.20 0.97
3 41 38 43  0.31 0.85 0.75
3 39 40 42   0.31 0.85 0.75
4 41 40 42 43  0.31 0.85 0.75
3 43 38 45  0.72 0.20 0.97
3 39 42 44  0.72 0.20 0.97
4 43 42 44 45  0.72 0.20 0.97
3 39 44 47  0.31 0.85 0.75
3 45 38 46   0.31 0.85 0.75
4 39 38 46 47  0.31 0.85 0.75
3 45 46 49  0.72 0.20 0.97
3 47 44 48  0.72 0.20 0.97
4 45 44 48 49  0.72 0.20 0.97
3 49 46 51  0.31 0.85 0.75
3 47 48 50   0.31 0.85 0.75
4 49 48 50 51  0.31 0.85 0.75



