OFF
52 73 124
-0.3 -0.3 -0.3
0.3 -0.3 -0.3
0.3 0.3 -0.3
-0.3 0.3 -0.3
0.3 0.3 0.3
0.3 -0.3 0.3
0.9 -0.3 -0.3
0.9 -0.3 0.3
0.3 -0.9 0.3
0.9 -0.9 0.3
0.3 -0.9 0.9
0.3 -0.3 0.9
-0.3 -0.9 0.3
-0.3 -0.3 0.3
-0.3 -0.3 -0.3
-0.3 -0.9 -0.3
-0.9 -0.3 -0.3
-0.9 -0.3 0.3
-0.9 0.3 0.3
-0.9 0.3 -0.3
-1.5 -0.3 -0.3
-1.5 0.3 -0.3
-0.9 -0.3 -0.9
-0.9 0.3 -0.9
-0.3 0.3 -0.3
-0.3 0.3 -0.9
-0.9 0.9 -0.3
-0.9 0.9 -0.9
-1.5 0.9 -0.3
-1.5 0.3 -0.3
-0.9 0.9 0.3
-0.9 0.3 0.3
-0.3 0.9 0.3
-0.3 0.9 -0.3
-0.3 1.5 -0.3
-0.3 1.5 0.3
0.3 0.9 0.3
0.3 1.5 0.3
0.3 1.5 0.9
0.3 0.9 0.9
0.9 1.5 0.3
0.9 0.9 0.3
0.3 0.9 -0.3
0.9 0.9 -0.3
0.3 0.3 -0.3
0.3 0.3 0.3
-0.3 0.3 -0.3
-0.3 0.9 -0.3
-0.3 0.3 -0.9
0.3 0.3 -0.9
-0.3 -0.3 -0.3
0.3 -0.3 -0.3
4 0 1 2 3  0.72 0.20 0.97
3 0 1 5  0.72 0.20 0.97
3 2 3 4  0.72 0.20 0.97
4 0 3 4 5  0.72 0.20 0.97
3 4 5 7  0.31 0.85 0.75
3 1 2 6   0.31 0.85 0.75
4 4 2 6 7  0.31 0.85 0.75
3 6 7 9  0.72 0.20 0.97
3 5 1 8  0.72 0.20 0.97
4 6 1 8 9  0.72 0.20 0.97
3 7 5 11  0.31 0.85 0.75
3 8 9 10   0.31 0.85 0.75
4 7 9 10 11  0.31 0.85 0.75
3 11 5 13  0.72 0.20 0.97
3 8 10 12  0.72 0.20 0.97
4 11 10 12 13  0.72 0.20 0.97
3 8 12 15  0.31 0.85 0.75
3 13 5 14   0.31 0.85 0.75
4 8 5 14 15  0.31 0.85 0.75
3 12 13 17  0.72 0.20 0.97
3 14 15 16  0.72 0.20 0.97
4 12 15 16 17  0.72 0.20 0.97
3 14 16 19  0.31 0.85 0.75
3 17 13 18   0.31 0.85 0.75
4 14 13 18 19  0.31 0.85 0.75
3 18 19 21  0.72 0.20 0.97
3 16 17 20  0.72 0.20 0.97
4 18 17 20 21  0.72 0.20 0.97
3 21 19 23  0.31 0.85 0.75
3 16 20 22   0.31 0.85 0.75
4 21 20 22 23  0.31 0.85 0.75
3 22 23 25  0.72 0.20 0.97
3 19 16 24  0.72 0.20 0.97
4 22 16 24 25  0.72 0.20 0.97
3 25 23 27  0.31 0.85 0.75
3 19 24 26   0.31 0.85 0.75
4 25 24 26 27  0.31 0.85 0.75
3 23 19 29  0.72 0.20 0.97
3 26 27 28  0.72 0.20 0.97
4 23 27 28 29  0.72 0.20 0.97
3 29 19 31  0.31 0.85 0.75
3 26 28 30   0.31 0.85 0.75
4 29 28 30 31  0.31 0.85 0.75
3 19 26 33  0.72 0.20 0.97
3 30 31 32  0.72 0.20 0.97
4 19 31 32 33  0.72 0.20 0.97
3 30 32 35  0.31 0.85 0.75
3 33 26 34   0.31 0.85 0.75
4 30 26 34 35  0.31 0.85 0.75
3 34 35 37  0.72 0.20 0.97
3 32 33 36  0.72 0.20 0.97
4 34 33 36 37  0.72 0.20 0.97
3 32 36 39  0.31 0.85 0.75
3 37 35 38   0.31 0.85 0.75
4 32 35 38 39  0.31 0.85 0.75
3 39 36 41  0.72 0.20 0.97
3 37 38 40  0.72 0.20 0.97
4 39 38 40 41  0.72 0.20 0.97
3 40 41 43  0.31 0.85 0.75
3 36 37 42   0.31 0.85 0.75
4 40 37 42 43  0.31 0.85 0.75
3 41 36 45  0.72 0.20 0.97
3 42 43 44  0.72 0.20 0.97
4 41 43 44 45  0.72 0.20 0.97
3 36 42 47  0.31 0.85 0.75
3 44 45 46   0.31 0.85 0.75
4 36 45 46 47  0.31 0.85 0.75
3 42 44 49  0.72 0.20 0.97
3 46 47 48  0.72 0.20 0.97
4 42 47 48 49  0.72 0.20 0.97
3 49 44 51  0.31 0.85 0.75
3 46 48 50   0.31 0.85 0.75
4 49 48 50 51  0.31 0.85 0.75



