OFF
52 73 124
-0.3 -0.3 -0.3
0.3 -0.3 -0.3
0.3 0.3 -0.3
-0.3 0.3 -0.3
0.3 0.3 0.3
0.3 -0.3 0.3
0.9 -0.3 0.3
0.9 0.3 0.3
0.9 -0.3 0.9
0.3 -0.3 0.9
0.3 -0.9 0.9
0.9 -0.9 0.9
0.3 -0.3 1.5
0.9 -0.3 1.5
0.9 0.3 0.9
0.9 0.3 1.5
1.5 0.3 1.5
1.5 0.3 0.9
0.9 0.9 0.9
1.5 0.9 0.9
0.9 0.9 0.3
0.9 0.3 0.3
0.3 0.3 0.3
0.3 0.9 0.3
0.3 0.9 -0.3
0.3 0.3 -0.3
-0.3 0.9 -0.3
-0.3 0.9 0.3
0.3 1.5 -0.3
0.3 1.5 0.3
0.9 0.9 0.3
0.9 1.5 0.3
0.9 1.5 0.9
0.9 0.9 0.9
1.5 0.9 0.9
1.5 1.5 0.9
0.9 1.5 1.5
1.5 1.5 1.5
0.9 2.1 1.5
0.9 2.1 0.9
0.3 2.1 0.9
0.3 2.1 1.5
0.3 2.7 0.9
0.9 2.7 0.9
0.3 2.1 0.3
0.9 2.1 0.3
0.9 1.5 0.3
0.3 1.5 0.3
0.3 2.1 -0.3
0.3 1.5 -0.3
-0.3 1.5 -0.3
-0.3 2.1 -0.3
4 0 1 2 3  0.72 0.20 0.97
3 0 1 5  0.72 0.20 0.97
3 2 3 4  0.72 0.20 0.97
4 0 3 4 5  0.72 0.20 0.97
3 2 4 7  0.31 0.85 0.75
3 5 1 6   0.31 0.85 0.75
4 2 1 6 7  0.31 0.85 0.75
3 4 5 9  0.72 0.20 0.97
3 6 7 8  0.72 0.20 0.97
4 4 7 8 9  0.72 0.20 0.97
3 6 8 11  0.31 0.85 0.75
3 9 5 10   0.31 0.85 0.75
4 6 5 10 11  0.31 0.85 0.75
3 11 8 13  0.72 0.20 0.97
3 9 10 12  0.72 0.20 0.97
4 11 10 12 13  0.72 0.20 0.97
3 12 13 15  0.31 0.85 0.75
3 8 9 14   0.31 0.85 0.75
4 12 9 14 15  0.31 0.85 0.75
3 8 14 17  0.72 0.20 0.97
3 15 13 16  0.72 0.20 0.97
4 8 13 16 17  0.72 0.20 0.97
3 16 17 19  0.31 0.85 0.75
3 14 15 18   0.31 0.85 0.75
4 16 15 18 19  0.31 0.85 0.75
3 17 14 21  0.72 0.20 0.97
3 18 19 20  0.72 0.20 0.97
4 17 19 20 21  0.72 0.20 0.97
3 18 20 23  0.31 0.85 0.75
3 21 14 22   0.31 0.85 0.75
4 18 14 22 23  0.31 0.85 0.75
3 21 22 25  0.72 0.20 0.97
3 23 20 24  0.72 0.20 0.97
4 21 20 24 25  0.72 0.20 0.97
3 22 23 27  0.31 0.85 0.75
3 24 25 26   0.31 0.85 0.75
4 22 25 26 27  0.31 0.85 0.75
3 27 23 29  0.72 0.20 0.97
3 24 26 28  0.72 0.20 0.97
4 27 26 28 29  0.72 0.20 0.97
3 28 29 31  0.31 0.85 0.75
3 23 24 30   0.31 0.85 0.75
4 28 24 30 31  0.31 0.85 0.75
3 23 30 33  0.72 0.20 0.97
3 31 29 32  0.72 0.20 0.97
4 23 29 32 33  0.72 0.20 0.97
3 31 32 35  0.31 0.85 0.75
3 33 30 34   0.31 0.85 0.75
4 31 30 34 35  0.31 0.85 0.75
3 34 35 37  0.72 0.20 0.97
3 32 33 36  0.72 0.20 0.97
4 34 33 36 37  0.72 0.20 0.97
3 35 32 39  0.31 0.85 0.75
3 36 37 38   0.31 0.85 0.75
4 35 37 38 39  0.31 0.85 0.75
3 36 38 41  0.72 0.20 0.97
3 39 32 40  0.72 0.20 0.97
4 36 32 40 41  0.72 0.20 0.97
3 38 39 43  0.31 0.85 0.75
3 40 41 42   0.31 0.85 0.75
4 38 41 42 43  0.31 0.85 0.75
3 43 39 45  0.72 0.20 0.97
3 40 42 44  0.72 0.20 0.97
4 43 42 44 45  0.72 0.20 0.97
3 40 44 47  0.31 0.85 0.75
3 45 39 46   0.31 0.85 0.75
4 40 39 46 47  0.31 0.85 0.75
3 46 47 49  0.72 0.20 0.97
3 44 45 48  0.72 0.20 0.97
4 46 45 48 49  0.72 0.20 0.97
3 44 48 51  0.31 0.85 0.75
3 49 47 50   0.31 0.85 0.75
4 44 47 50 51  0.31 0.85 0.75



