OFF
52 73 124
-0.3 -0.3 -0.3
0.3 -0.3 -0.3
0.3 0.3 -0.3
-0.3 0.3 -0.3
0.3 0.3 0.3
0.3 -0.3 0.3
0.9 -0.3 0.3
0.9 0.3 0.3
0.3 -0.3 0.9
0.3 0.3 0.9
-0.3 -0.3 0.3
-0.3 0.3 0.3
-0.3 0.3 -0.3
-0.3 -0.3 -0.3
-0.9 0.3 0.3
-0.9 -0.3 0.3
-0.9 0.3 0.9
-0.3 0.3 0.9
-0.3 0.9 0.9
-0.9 0.9 0.9
-0.3 0.9 1.5
-0.3 0.3 1.5
0.3 0.3 0.9
0.3 0.3 1.5
-0.3 -0.3 0.9
-0.3 -0.3 1.5
-0.9 -0.3 0.9
-0.9 0.3 0.9
-0.9 -0.3 0.3
-0.3 -0.3 0.3
-0.9 -0.9 0.9
-0.3 -0.9 0.9
-0.3 -0.3 1.5
-0.3 -0.9 1.5
0.3 -0.3 1.5
0.3 -0.3 0.9
0.3 0.3 0.9
0.3 0.3 1.5
0.9 0.3 0.9
0.9 -0.3 0.9
0.9 -0.3 0.3
0.9 0.3 0.3
1.5 0.3 0.3
1.5 -0.3 0.3
0.9 0.3 -0.3
0.9 -0.3 -0.3
0.3 -0.3 -0.3
0.3 0.3 -0.3
0.3 0.3 -0.9
0.3 -0.3 -0.9
-0.3 0.3 -0.3
-0.3 -0.3 -0.3
4 0 1 2 3  0.72 0.20 0.97
3 0 1 5  0.72 0.20 0.97
3 2 3 4  0.72 0.20 0.97
4 0 3 4 5  0.72 0.20 0.97
3 2 4 7  0.31 0.85 0.75
3 5 1 6   0.31 0.85 0.75
4 2 1 6 7  0.31 0.85 0.75
3 7 4 9  0.72 0.20 0.97
3 5 6 8  0.72 0.20 0.97
4 7 6 8 9  0.72 0.20 0.97
3 9 4 11  0.31 0.85 0.75
3 5 8 10   0.31 0.85 0.75
4 9 8 10 11  0.31 0.85 0.75
3 5 10 13  0.72 0.20 0.97
3 11 4 12  0.72 0.20 0.97
4 5 4 12 13  0.72 0.20 0.97
3 13 10 15  0.31 0.85 0.75
3 11 12 14   0.31 0.85 0.75
4 13 12 14 15  0.31 0.85 0.75
3 10 11 17  0.72 0.20 0.97
3 14 15 16  0.72 0.20 0.97
4 10 15 16 17  0.72 0.20 0.97
3 14 16 19  0.31 0.85 0.75
3 17 11 18   0.31 0.85 0.75
4 14 11 18 19  0.31 0.85 0.75
3 16 17 21  0.72 0.20 0.97
3 18 19 20  0.72 0.20 0.97
4 16 19 20 21  0.72 0.20 0.97
3 20 21 23  0.31 0.85 0.75
3 17 18 22   0.31 0.85 0.75
4 20 18 22 23  0.31 0.85 0.75
3 23 21 25  0.72 0.20 0.97
3 17 22 24  0.72 0.20 0.97
4 23 22 24 25  0.72 0.20 0.97
3 21 17 27  0.31 0.85 0.75
3 24 25 26   0.31 0.85 0.75
4 21 25 26 27  0.31 0.85 0.75
3 17 24 29  0.72 0.20 0.97
3 26 27 28  0.72 0.20 0.97
4 17 27 28 29  0.72 0.20 0.97
3 29 24 31  0.31 0.85 0.75
3 26 28 30   0.31 0.85 0.75
4 29 28 30 31  0.31 0.85 0.75
3 30 31 33  0.72 0.20 0.97
3 24 26 32  0.72 0.20 0.97
4 30 26 32 33  0.72 0.20 0.97
3 31 24 35  0.31 0.85 0.75
3 32 33 34   0.31 0.85 0.75
4 31 33 34 35  0.31 0.85 0.75
3 32 34 37  0.72 0.20 0.97
3 35 24 36  0.72 0.20 0.97
4 32 24 36 37  0.72 0.20 0.97
3 34 35 39  0.31 0.85 0.75
3 36 37 38   0.31 0.85 0.75
4 34 37 38 39  0.31 0.85 0.75
3 36 38 41  0.72 0.20 0.97
3 39 35 40  0.72 0.20 0.97
4 36 35 40 41  0.72 0.20 0.97
3 39 40 43  0.31 0.85 0.75
3 41 38 42   0.31 0.85 0.75
4 39 38 42 43  0.31 0.85 0.75
3 43 40 45  0.72 0.20 0.97
3 41 42 44  0.72 0.20 0.97
4 43 42 44 45  0.72 0.20 0.97
3 41 44 47  0.31 0.85 0.75
3 45 40 46   0.31 0.85 0.75
4 41 40 46 47  0.31 0.85 0.75
3 45 46 49  0.72 0.20 0.97
3 47 44 48  0.72 0.20 0.97
4 45 44 48 49  0.72 0.20 0.97
3 49 46 51  0.31 0.85 0.75
3 47 48 50   0.31 0.85 0.75
4 49 48 50 51  0.31 0.85 0.75



