OFF
52 73 124
-0.3 -0.3 -0.3
0.3 -0.3 -0.3
0.3 0.3 -0.3
-0.3 0.3 -0.3
0.3 0.3 0.3
0.3 -0.3 0.3
0.9 -0.3 0.3
0.9 0.3 0.3
0.3 0.3 0.9
0.9 0.3 0.9
0.3 0.9 0.3
0.9 0.9 0.3
0.3 0.9 -0.3
0.3 0.3 -0.3
-0.3 0.3 -0.3
-0.3 0.9 -0.3
0.3 0.3 -0.9
0.3 0.9 -0.9
0.9 0.9 -0.3
0.9 0.9 -0.9
0.3 1.5 -0.3
0.3 1.5 -0.9
-0.3 0.9 -0.9
-0.3 1.5 -0.9
-0.3 0.9 -1.5
0.3 0.9 -1.5
-0.3 0.3 -0.9
0.3 0.3 -0.9
-0.3 0.3 -0.3
-0.3 0.9 -0.3
-0.9 0.3 -0.9
-0.9 0.9 -0.9
-0.9 0.3 -1.5
-0.3 0.3 -1.5
-0.9 -0.3 -0.9
-0.3 -0.3 -0.9
-0.3 0.3 -0.3
-0.3 -0.3 -0.3
0.3 0.3 -0.9
0.3 -0.3 -0.9
-0.3 -0.3 -1.5
0.3 -0.3 -1.5
-0.3 -0.9 -0.9
0.3 -0.9 -0.9
0.3 -0.3 -0.3
0.3 -0.9 -0.3
0.9 -0.3 -0.3
0.9 -0.3 -0.9
0.3 0.3 -0.3
0.3 0.3 -0.9
-0.3 0.3 -0.3
-0.3 -0.3 -0.3
4 0 1 2 3  0.72 0.20 0.97
3 0 1 5  0.72 0.20 0.97
3 2 3 4  0.72 0.20 0.97
4 0 3 4 5  0.72 0.20 0.97
3 2 4 7  0.31 0.85 0.75
3 5 1 6   0.31 0.85 0.75
4 2 1 6 7  0.31 0.85 0.75
3 6 7 9  0.72 0.20 0.97
3 4 5 8  0.72 0.20 0.97
4 6 5 8 9  0.72 0.20 0.97
3 9 7 11  0.31 0.85 0.75
3 4 8 10   0.31 0.85 0.75
4 9 8 10 11  0.31 0.85 0.75
3 7 4 13  0.72 0.20 0.97
3 10 11 12  0.72 0.20 0.97
4 7 11 12 13  0.72 0.20 0.97
3 10 12 15  0.31 0.85 0.75
3 13 4 14   0.31 0.85 0.75
4 10 4 14 15  0.31 0.85 0.75
3 15 12 17  0.72 0.20 0.97
3 13 14 16  0.72 0.20 0.97
4 15 14 16 17  0.72 0.20 0.97
3 16 17 19  0.31 0.85 0.75
3 12 13 18   0.31 0.85 0.75
4 16 13 18 19  0.31 0.85 0.75
3 19 17 21  0.72 0.20 0.97
3 12 18 20  0.72 0.20 0.97
4 19 18 20 21  0.72 0.20 0.97
3 20 21 23  0.31 0.85 0.75
3 17 12 22   0.31 0.85 0.75
4 20 12 22 23  0.31 0.85 0.75
3 21 17 25  0.72 0.20 0.97
3 22 23 24  0.72 0.20 0.97
4 21 23 24 25  0.72 0.20 0.97
3 25 17 27  0.31 0.85 0.75
3 22 24 26   0.31 0.85 0.75
4 25 24 26 27  0.31 0.85 0.75
3 17 22 29  0.72 0.20 0.97
3 26 27 28  0.72 0.20 0.97
4 17 27 28 29  0.72 0.20 0.97
3 29 22 31  0.31 0.85 0.75
3 26 28 30   0.31 0.85 0.75
4 29 28 30 31  0.31 0.85 0.75
3 22 26 33  0.72 0.20 0.97
3 30 31 32  0.72 0.20 0.97
4 22 31 32 33  0.72 0.20 0.97
3 33 26 35  0.31 0.85 0.75
3 30 32 34   0.31 0.85 0.75
4 33 32 34 35  0.31 0.85 0.75
3 34 35 37  0.72 0.20 0.97
3 26 30 36  0.72 0.20 0.97
4 34 30 36 37  0.72 0.20 0.97
3 37 35 39  0.31 0.85 0.75
3 26 36 38   0.31 0.85 0.75
4 37 36 38 39  0.31 0.85 0.75
3 38 39 41  0.72 0.20 0.97
3 35 26 40  0.72 0.20 0.97
4 38 26 40 41  0.72 0.20 0.97
3 41 39 43  0.31 0.85 0.75
3 35 40 42   0.31 0.85 0.75
4 41 40 42 43  0.31 0.85 0.75
3 42 43 45  0.72 0.20 0.97
3 39 35 44  0.72 0.20 0.97
4 42 35 44 45  0.72 0.20 0.97
3 43 39 47  0.31 0.85 0.75
3 44 45 46   0.31 0.85 0.75
4 43 45 46 47  0.31 0.85 0.75
3 47 39 49  0.72 0.20 0.97
3 44 46 48  0.72 0.20 0.97
4 47 46 48 49  0.72 0.20 0.97
3 39 44 51  0.31 0.85 0.75
3 48 49 50   0.31 0.85 0.75
4 39 49 50 51  0.31 0.85 0.75



