OFF
52 73 124
-0.2 -0.2 -0.2
0.2 -0.2 -0.2
0.2 0.2 -0.2
-0.2 0.2 -0.2
0.2 0.2 0.2
0.2 -0.2 0.2
0.6 0.2 0.2
0.6 0.2 -0.2
0.6 0.6 -0.2
0.6 0.6 0.2
1 0.2 0.2
1 0.6 0.2
1 0.6 0.6
1 0.2 0.6
1.4 0.6 0.6
1.4 0.6 0.2
1.4 1 0.2
1.4 1 0.6
1.8 0.6 0.6
1.8 1 0.6
1.8 1 1
1.8 0.6 1
2.2 0.6 1
2.2 1 1
2.2 1 1.4
2.2 0.6 1.4
2.6 1 1.4
2.6 1 1
2.200001 1.4 1.4
2.200001 1.4 1
1.8 1 1
1.800001 1.4 1
1.800001 1.4 0.6
1.8 1 0.6
1.4 1 0.6
1.400001 1.4 0.6
1.400001 1.4 0.2
1.4 1 0.2
1 1.4 0.2
1 1.4 0.6
1.000001 1.8 0.6
1.000001 1.8 0.2
0.6000004 1.4 0.2
0.6000009 1.8 0.2
0.6000009 1.8 -0.1999999
0.6000004 1.4 -0.1999999
0.2000008 1.8 -0.1999999
0.2000008 1.8 0.2
0.2000012 2.200001 0.2
0.2000012 2.200001 -0.1999999
-0.1999993 1.8 -0.1999999
-0.1999989 2.200001 -0.1999999
4 0 1 2 3 0.72 0.20 0.97
3 0 1 5 0.72 0.20 0.97
3 2 3 4 0.72 0.20 0.97
4 0 3 4 5 0.72 0.20 0.97
3 1 2 7  0.31 0.85 0.75
3 4 5 6  0.31 0.85 0.75
4 1 5 6 7  0.31 0.85 0.75
3 4 6 9  0.72 0.20 0.97
3 7 2 8  0.72 0.20 0.97
4 4 2 8 9  0.72 0.20 0.97
3 8 9 11  0.31 0.85 0.75
3 6 7 10  0.31 0.85 0.75
4 8 7 10 11  0.31 0.85 0.75
3 6 10 13  0.72 0.20 0.97
3 11 9 12  0.72 0.20 0.97
4 6 9 12 13  0.72 0.20 0.97
3 10 11 15  0.31 0.85 0.75
3 12 13 14  0.31 0.85 0.75
4 10 13 14 15  0.31 0.85 0.75
3 12 14 17  0.72 0.20 0.97
3 15 11 16  0.72 0.20 0.97
4 12 11 16 17  0.72 0.20 0.97
3 16 17 19  0.31 0.85 0.75
3 14 15 18  0.31 0.85 0.75
4 16 15 18 19  0.31 0.85 0.75
3 14 18 21  0.72 0.20 0.97
3 19 17 20  0.72 0.20 0.97
4 14 17 20 21  0.72 0.20 0.97
3 19 20 23  0.31 0.85 0.75
3 21 18 22  0.31 0.85 0.75
4 19 18 22 23  0.31 0.85 0.75
3 21 22 25  0.72 0.20 0.97
3 23 20 24  0.72 0.20 0.97
4 21 20 24 25  0.72 0.20 0.97
3 22 23 27  0.31 0.85 0.75
3 24 25 26  0.31 0.85 0.75
4 22 25 26 27  0.31 0.85 0.75
3 27 23 29  0.72 0.20 0.97
3 24 26 28  0.72 0.20 0.97
4 27 26 28 29  0.72 0.20 0.97
3 28 29 31  0.31 0.85 0.75
3 23 24 30  0.31 0.85 0.75
4 28 24 30 31  0.31 0.85 0.75
3 23 30 33  0.72 0.20 0.97
3 31 29 32  0.72 0.20 0.97
4 23 29 32 33  0.72 0.20 0.97
3 31 32 35  0.31 0.85 0.75
3 33 30 34  0.31 0.85 0.75
4 31 30 34 35  0.31 0.85 0.75
3 33 34 37  0.72 0.20 0.97
3 35 32 36  0.72 0.20 0.97
4 33 32 36 37  0.72 0.20 0.97
3 34 35 39  0.31 0.85 0.75
3 36 37 38  0.31 0.85 0.75
4 34 37 38 39  0.31 0.85 0.75
3 36 38 41  0.72 0.20 0.97
3 39 35 40  0.72 0.20 0.97
4 36 35 40 41  0.72 0.20 0.97
3 40 41 43  0.31 0.85 0.75
3 38 39 42  0.31 0.85 0.75
4 40 39 42 43  0.31 0.85 0.75
3 38 42 45  0.72 0.20 0.97
3 43 41 44  0.72 0.20 0.97
4 38 41 44 45  0.72 0.20 0.97
3 42 43 47  0.31 0.85 0.75
3 44 45 46  0.31 0.85 0.75
4 42 45 46 47  0.31 0.85 0.75
3 44 46 49  0.72 0.20 0.97
3 47 43 48  0.72 0.20 0.97
4 44 43 48 49  0.72 0.20 0.97
3 48 49 51  0.31 0.85 0.75
3 46 47 50  0.31 0.85 0.75
4 48 47 50 51  0.31 0.85 0.75
 
 
 
