OFF
52 73 124
-0.3 -0.3 -0.3
0.3 -0.3 -0.3
0.3 0.3 -0.3
-0.3 0.3 -0.3
0.3 0.3 0.3
0.3 -0.3 0.3
0.9 -0.3 -0.3
0.9 -0.3 0.3
0.9 -0.9 -0.3
0.3 -0.9 -0.3
0.3 -0.3 -0.9
0.3 -0.9 -0.9
-0.3 -0.3 -0.9
-0.3 -0.3 -0.3
-0.3 0.3 -0.9
0.3 0.3 -0.9
-0.3 -0.3 -1.5
0.3 -0.3 -1.5
0.3 -0.9 -0.9
0.3 -0.9 -1.5
0.9 -0.3 -0.9
0.9 -0.3 -1.5
0.3 0.3 -1.5
0.9 0.3 -1.5
0.3 0.3 -2.1
0.3 -0.3 -2.1
-0.3 0.3 -2.1
-0.3 0.3 -1.5
0.3 0.9 -2.1
0.3 0.9 -1.5
0.9 0.3 -1.5
0.9 0.9 -1.5
0.3 0.9 -0.9
0.9 0.9 -0.9
0.3 1.5 -0.9
0.3 1.5 -1.5
-0.3 1.5 -0.9
-0.3 0.9 -0.9
0.3 1.5 -0.3
0.3 0.9 -0.3
0.9 0.9 -0.9
0.9 0.9 -0.3
0.3 0.3 -0.3
0.9 0.3 -0.3
0.3 0.3 0.3
0.3 0.9 0.3
-0.3 0.3 -0.3
-0.3 0.9 -0.3
-0.3 0.3 -0.9
0.3 0.3 -0.9
-0.3 -0.3 -0.3
0.3 -0.3 -0.3
4 0 1 2 3  0.72 0.20 0.97
3 0 1 5  0.72 0.20 0.97
3 2 3 4  0.72 0.20 0.97
4 0 3 4 5  0.72 0.20 0.97
3 4 5 7  0.31 0.85 0.75
3 1 2 6   0.31 0.85 0.75
4 4 2 6 7  0.31 0.85 0.75
3 5 1 9  0.72 0.20 0.97
3 6 7 8  0.72 0.20 0.97
4 5 7 8 9  0.72 0.20 0.97
3 8 9 11  0.31 0.85 0.75
3 1 6 10   0.31 0.85 0.75
4 8 6 10 11  0.31 0.85 0.75
3 9 1 13  0.72 0.20 0.97
3 10 11 12  0.72 0.20 0.97
4 9 11 12 13  0.72 0.20 0.97
3 1 10 15  0.31 0.85 0.75
3 12 13 14   0.31 0.85 0.75
4 1 13 14 15  0.31 0.85 0.75
3 15 10 17  0.72 0.20 0.97
3 12 14 16  0.72 0.20 0.97
4 15 14 16 17  0.72 0.20 0.97
3 16 17 19  0.31 0.85 0.75
3 10 12 18   0.31 0.85 0.75
4 16 12 18 19  0.31 0.85 0.75
3 19 17 21  0.72 0.20 0.97
3 10 18 20  0.72 0.20 0.97
4 19 18 20 21  0.72 0.20 0.97
3 20 21 23  0.31 0.85 0.75
3 17 10 22   0.31 0.85 0.75
4 20 10 22 23  0.31 0.85 0.75
3 21 17 25  0.72 0.20 0.97
3 22 23 24  0.72 0.20 0.97
4 21 23 24 25  0.72 0.20 0.97
3 17 22 27  0.31 0.85 0.75
3 24 25 26   0.31 0.85 0.75
4 17 25 26 27  0.31 0.85 0.75
3 27 22 29  0.72 0.20 0.97
3 24 26 28  0.72 0.20 0.97
4 27 26 28 29  0.72 0.20 0.97
3 28 29 31  0.31 0.85 0.75
3 22 24 30   0.31 0.85 0.75
4 28 24 30 31  0.31 0.85 0.75
3 30 31 33  0.72 0.20 0.97
3 29 22 32  0.72 0.20 0.97
4 30 22 32 33  0.72 0.20 0.97
3 31 29 35  0.31 0.85 0.75
3 32 33 34   0.31 0.85 0.75
4 31 33 34 35  0.31 0.85 0.75
3 29 32 37  0.72 0.20 0.97
3 34 35 36  0.72 0.20 0.97
4 29 35 36 37  0.72 0.20 0.97
3 37 32 39  0.31 0.85 0.75
3 34 36 38   0.31 0.85 0.75
4 37 36 38 39  0.31 0.85 0.75
3 38 39 41  0.72 0.20 0.97
3 32 34 40  0.72 0.20 0.97
4 38 34 40 41  0.72 0.20 0.97
3 40 41 43  0.31 0.85 0.75
3 39 32 42   0.31 0.85 0.75
4 40 32 42 43  0.31 0.85 0.75
3 41 39 45  0.72 0.20 0.97
3 42 43 44  0.72 0.20 0.97
4 41 43 44 45  0.72 0.20 0.97
3 45 39 47  0.31 0.85 0.75
3 42 44 46   0.31 0.85 0.75
4 45 44 46 47  0.31 0.85 0.75
3 39 42 49  0.72 0.20 0.97
3 46 47 48  0.72 0.20 0.97
4 39 47 48 49  0.72 0.20 0.97
3 49 42 51  0.31 0.85 0.75
3 46 48 50   0.31 0.85 0.75
4 49 48 50 51  0.31 0.85 0.75



