OFF
52 73 124
-0.3 -0.3 -0.3
0.3 -0.3 -0.3
0.3 0.3 -0.3
-0.3 0.3 -0.3
0.3 0.3 0.3
0.3 -0.3 0.3
0.9 -0.3 -0.3
0.9 -0.3 0.3
0.9 -0.9 0.3
0.9 -0.9 -0.3
1.5 -0.3 -0.3
1.5 -0.9 -0.3
1.5 -0.3 -0.9
0.9 -0.3 -0.9
1.5 0.3 -0.9
1.5 0.3 -0.3
2.1 -0.3 -0.9
2.1 -0.3 -0.3
1.5 -0.9 -0.3
2.1 -0.9 -0.3
1.5 -0.9 0.3
1.5 -0.3 0.3
0.9 -0.3 0.3
0.9 -0.9 0.3
0.9 -0.9 0.9
0.9 -0.3 0.9
0.3 -0.9 0.9
0.3 -0.9 0.3
0.9 -1.5 0.9
0.9 -1.5 0.3
1.5 -0.9 0.3
1.5 -1.5 0.3
1.5 -1.5 -0.3
1.5 -0.9 -0.3
2.1 -0.9 -0.3
2.1 -1.5 -0.3
1.5 -1.5 -0.9
2.1 -1.5 -0.9
1.5 -2.1 -0.9
1.5 -2.1 -0.3
0.9 -1.5 -0.9
0.9 -1.5 -0.3
1.5 -0.9 -0.3
0.9 -0.9 -0.3
0.9 -1.5 0.3
0.9 -0.9 0.3
0.3 -1.5 0.3
0.3 -1.5 -0.3
0.3 -2.1 -0.3
0.3 -2.1 0.3
-0.3 -2.1 -0.3
-0.3 -1.5 -0.3
4 0 1 2 3  0.72 0.20 0.97
3 0 1 5  0.72 0.20 0.97
3 2 3 4  0.72 0.20 0.97
4 0 3 4 5  0.72 0.20 0.97
3 4 5 7  0.31 0.85 0.75
3 1 2 6   0.31 0.85 0.75
4 4 2 6 7  0.31 0.85 0.75
3 1 6 9  0.72 0.20 0.97
3 7 5 8  0.72 0.20 0.97
4 1 5 8 9  0.72 0.20 0.97
3 8 9 11  0.31 0.85 0.75
3 6 7 10   0.31 0.85 0.75
4 8 7 10 11  0.31 0.85 0.75
3 9 6 13  0.72 0.20 0.97
3 10 11 12  0.72 0.20 0.97
4 9 11 12 13  0.72 0.20 0.97
3 6 10 15  0.31 0.85 0.75
3 12 13 14   0.31 0.85 0.75
4 6 13 14 15  0.31 0.85 0.75
3 15 10 17  0.72 0.20 0.97
3 12 14 16  0.72 0.20 0.97
4 15 14 16 17  0.72 0.20 0.97
3 16 17 19  0.31 0.85 0.75
3 10 12 18   0.31 0.85 0.75
4 16 12 18 19  0.31 0.85 0.75
3 17 10 21  0.72 0.20 0.97
3 18 19 20  0.72 0.20 0.97
4 17 19 20 21  0.72 0.20 0.97
3 18 20 23  0.31 0.85 0.75
3 21 10 22   0.31 0.85 0.75
4 18 10 22 23  0.31 0.85 0.75
3 21 22 25  0.72 0.20 0.97
3 23 20 24  0.72 0.20 0.97
4 21 20 24 25  0.72 0.20 0.97
3 22 23 27  0.31 0.85 0.75
3 24 25 26   0.31 0.85 0.75
4 22 25 26 27  0.31 0.85 0.75
3 27 23 29  0.72 0.20 0.97
3 24 26 28  0.72 0.20 0.97
4 27 26 28 29  0.72 0.20 0.97
3 28 29 31  0.31 0.85 0.75
3 23 24 30   0.31 0.85 0.75
4 28 24 30 31  0.31 0.85 0.75
3 23 30 33  0.72 0.20 0.97
3 31 29 32  0.72 0.20 0.97
4 23 29 32 33  0.72 0.20 0.97
3 31 32 35  0.31 0.85 0.75
3 33 30 34   0.31 0.85 0.75
4 31 30 34 35  0.31 0.85 0.75
3 34 35 37  0.72 0.20 0.97
3 32 33 36  0.72 0.20 0.97
4 34 33 36 37  0.72 0.20 0.97
3 35 32 39  0.31 0.85 0.75
3 36 37 38   0.31 0.85 0.75
4 35 37 38 39  0.31 0.85 0.75
3 39 32 41  0.72 0.20 0.97
3 36 38 40  0.72 0.20 0.97
4 39 38 40 41  0.72 0.20 0.97
3 40 41 43  0.31 0.85 0.75
3 32 36 42   0.31 0.85 0.75
4 40 36 42 43  0.31 0.85 0.75
3 42 43 45  0.72 0.20 0.97
3 41 32 44  0.72 0.20 0.97
4 42 32 44 45  0.72 0.20 0.97
3 43 41 47  0.31 0.85 0.75
3 44 45 46   0.31 0.85 0.75
4 43 45 46 47  0.31 0.85 0.75
3 44 46 49  0.72 0.20 0.97
3 47 41 48  0.72 0.20 0.97
4 44 41 48 49  0.72 0.20 0.97
3 46 47 51  0.31 0.85 0.75
3 48 49 50   0.31 0.85 0.75
4 46 49 50 51  0.31 0.85 0.75



