OFF
52 73 124
-0.4 -0.4 -0.4
0.4 -0.4 -0.4
0.4 0.4 -0.4
-0.4 0.4 -0.4
0.4 0.4 0.4
0.4 -0.4 0.4
1.2 -0.4 -0.4
1.2 -0.4 0.4
0.4 -1.2 -0.4
0.4 -1.2 0.4
-0.4 -0.4 0.4
-0.4 -1.2 0.4
-0.4 -0.4 1.2
0.4 -0.4 1.2
0.4 0.4 0.4
0.4 0.4 1.2
1.2 -0.4 1.2
1.2 0.4 1.2
0.4 0.4 2
1.2 0.4 2
0.4 1.2 2
0.4 1.2 1.2
-0.4 1.2 2
-0.4 0.4 2
-0.4 1.2 2.8
0.4 1.2 2.8
-0.4 2 2.8
-0.4 2 2
-1.2 1.2 2.8
-1.2 1.2 2
-0.4 0.4000001 2
-1.2 0.4000001 2
-1.2 1.2 1.2
-1.2 0.4000001 1.2
-2 0.4000001 2
-2 0.4000001 1.2
-1.2 -0.3999999 1.2
-2 -0.3999999 1.2
-1.2 -0.3999999 0.4000001
-1.2 0.4000001 0.4000001
-0.4000001 -0.3999999 0.4000001
-0.4000001 -0.3999999 1.2
-0.4000001 -1.2 0.4000001
-1.2 -1.2 0.4000001
-1.2 -0.3999999 -0.3999999
-1.2 -1.2 -0.3999999
-2 -0.3999999 -0.3999999
-2 -0.3999999 0.4000001
-1.2 0.4000001 -0.3999999
-1.2 0.4000001 0.4000001
-0.4000001 0.4000001 -0.3999999
-0.4000001 -0.3999999 -0.3999999
4 0 1 2 3 0.72 0.20 0.97
3 0 1 5 0.72 0.20 0.97
3 2 3 4 0.72 0.20 0.97
4 0 3 4 5 0.72 0.20 0.97
3 4 5 7  0.31 0.85 0.75
3 1 2 6  0.31 0.85 0.75
4 4 2 6 7  0.31 0.85 0.75
3 7 5 9  0.72 0.20 0.97
3 1 6 8  0.72 0.20 0.97
4 7 6 8 9  0.72 0.20 0.97
3 8 9 11  0.31 0.85 0.75
3 5 1 10  0.31 0.85 0.75
4 8 1 10 11  0.31 0.85 0.75
3 9 5 13  0.72 0.20 0.97
3 10 11 12  0.72 0.20 0.97
4 9 11 12 13  0.72 0.20 0.97
3 12 13 15  0.31 0.85 0.75
3 5 10 14  0.31 0.85 0.75
4 12 10 14 15  0.31 0.85 0.75
3 14 15 17  0.72 0.20 0.97
3 13 5 16  0.72 0.20 0.97
4 14 5 16 17  0.72 0.20 0.97
3 16 17 19  0.31 0.85 0.75
3 15 13 18  0.31 0.85 0.75
4 16 13 18 19  0.31 0.85 0.75
3 17 15 21  0.72 0.20 0.97
3 18 19 20  0.72 0.20 0.97
4 17 19 20 21  0.72 0.20 0.97
3 15 18 23  0.31 0.85 0.75
3 20 21 22  0.31 0.85 0.75
4 15 21 22 23  0.31 0.85 0.75
3 18 20 25  0.72 0.20 0.97
3 22 23 24  0.72 0.20 0.97
4 18 23 24 25  0.72 0.20 0.97
3 20 22 27  0.31 0.85 0.75
3 24 25 26  0.31 0.85 0.75
4 20 25 26 27  0.31 0.85 0.75
3 27 22 29  0.72 0.20 0.97
3 24 26 28  0.72 0.20 0.97
4 27 26 28 29  0.72 0.20 0.97
3 28 29 31  0.31 0.85 0.75
3 22 24 30  0.31 0.85 0.75
4 28 24 30 31  0.31 0.85 0.75
3 30 31 33  0.72 0.20 0.97
3 29 22 32  0.72 0.20 0.97
4 30 22 32 33  0.72 0.20 0.97
3 32 33 35  0.31 0.85 0.75
3 31 29 34  0.31 0.85 0.75
4 32 29 34 35  0.31 0.85 0.75
3 34 35 37  0.72 0.20 0.97
3 33 31 36  0.72 0.20 0.97
4 34 31 36 37  0.72 0.20 0.97
3 35 33 39  0.31 0.85 0.75
3 36 37 38  0.31 0.85 0.75
4 35 37 38 39  0.31 0.85 0.75
3 33 36 41  0.72 0.20 0.97
3 38 39 40  0.72 0.20 0.97
4 33 39 40 41  0.72 0.20 0.97
3 36 38 43  0.31 0.85 0.75
3 40 41 42  0.31 0.85 0.75
4 36 41 42 43  0.31 0.85 0.75
3 42 43 45  0.72 0.20 0.97
3 38 40 44  0.72 0.20 0.97
4 42 40 44 45  0.72 0.20 0.97
3 43 38 47  0.31 0.85 0.75
3 44 45 46  0.31 0.85 0.75
4 43 45 46 47  0.31 0.85 0.75
3 47 38 49  0.72 0.20 0.97
3 44 46 48  0.72 0.20 0.97
4 47 46 48 49  0.72 0.20 0.97
3 38 44 51  0.31 0.85 0.75
3 48 49 50  0.31 0.85 0.75
4 38 49 50 51  0.31 0.85 0.75
 
 
 
