OFF
52 73 124
-0.3 -0.3 -0.3
0.3 -0.3 -0.3
0.3 0.3 -0.3
-0.3 0.3 -0.3
0.3 0.3 0.3
0.3 -0.3 0.3
0.9 0.3 -0.3
0.9 -0.3 -0.3
0.9 -0.3 -0.9
0.9 0.3 -0.9
1.5 -0.3 -0.9
1.5 -0.3 -0.3
0.9 -0.9 -0.9
0.9 -0.9 -0.3
0.3 -0.9 -0.9
0.3 -0.3 -0.9
0.3 -0.3 -1.5
0.3 -0.9 -1.5
-0.3 -0.3 -0.9
-0.3 -0.9 -0.9
-0.3 -0.9 -0.3
-0.3 -0.3 -0.3
-0.9 -0.3 -0.3
-0.9 -0.9 -0.3
-0.3 -0.3 0.3
-0.3 -0.9 0.3
0.3 -0.3 -0.3
0.3 -0.9 -0.3
0.3 -0.9 -0.9
0.3 -0.3 -0.9
0.9 -0.9 -0.3
0.9 -0.3 -0.3
0.3 -0.9 0.3
0.3 -0.3 0.3
-0.3 -0.3 0.3
-0.3 -0.9 0.3
-0.3 -0.3 0.9
0.3 -0.3 0.9
-0.3 0.3 0.3
0.3 0.3 0.3
-0.3 0.3 -0.3
-0.3 -0.3 -0.3
-0.9 -0.3 -0.3
-0.9 0.3 -0.3
-0.3 -0.3 -0.9
-0.3 0.3 -0.9
0.3 0.3 -0.9
0.3 -0.3 -0.9
0.3 -0.3 -1.5
0.3 0.3 -1.5
0.9 -0.3 -0.9
0.9 0.3 -0.9
4 0 1 2 3  0.72 0.20 0.97
3 0 1 5  0.72 0.20 0.97
3 2 3 4  0.72 0.20 0.97
4 0 3 4 5  0.72 0.20 0.97
3 5 1 7  0.31 0.85 0.75
3 2 4 6   0.31 0.85 0.75
4 5 4 6 7  0.31 0.85 0.75
3 2 6 9  0.72 0.20 0.97
3 7 1 8  0.72 0.20 0.97
4 2 1 8 9  0.72 0.20 0.97
3 6 7 11  0.31 0.85 0.75
3 8 9 10   0.31 0.85 0.75
4 6 9 10 11  0.31 0.85 0.75
3 11 7 13  0.72 0.20 0.97
3 8 10 12  0.72 0.20 0.97
4 11 10 12 13  0.72 0.20 0.97
3 7 8 15  0.31 0.85 0.75
3 12 13 14   0.31 0.85 0.75
4 7 13 14 15  0.31 0.85 0.75
3 12 14 17  0.72 0.20 0.97
3 15 8 16  0.72 0.20 0.97
4 12 8 16 17  0.72 0.20 0.97
3 17 14 19  0.31 0.85 0.75
3 15 16 18   0.31 0.85 0.75
4 17 16 18 19  0.31 0.85 0.75
3 15 18 21  0.72 0.20 0.97
3 19 14 20  0.72 0.20 0.97
4 15 14 20 21  0.72 0.20 0.97
3 19 20 23  0.31 0.85 0.75
3 21 18 22   0.31 0.85 0.75
4 19 18 22 23  0.31 0.85 0.75
3 23 20 25  0.72 0.20 0.97
3 21 22 24  0.72 0.20 0.97
4 23 22 24 25  0.72 0.20 0.97
3 25 20 27  0.31 0.85 0.75
3 21 24 26   0.31 0.85 0.75
4 25 24 26 27  0.31 0.85 0.75
3 21 26 29  0.72 0.20 0.97
3 27 20 28  0.72 0.20 0.97
4 21 20 28 29  0.72 0.20 0.97
3 29 26 31  0.31 0.85 0.75
3 27 28 30   0.31 0.85 0.75
4 29 28 30 31  0.31 0.85 0.75
3 31 26 33  0.72 0.20 0.97
3 27 30 32  0.72 0.20 0.97
4 31 30 32 33  0.72 0.20 0.97
3 27 32 35  0.31 0.85 0.75
3 33 26 34   0.31 0.85 0.75
4 27 26 34 35  0.31 0.85 0.75
3 32 33 37  0.72 0.20 0.97
3 34 35 36  0.72 0.20 0.97
4 32 35 36 37  0.72 0.20 0.97
3 37 33 39  0.31 0.85 0.75
3 34 36 38   0.31 0.85 0.75
4 37 36 38 39  0.31 0.85 0.75
3 33 34 41  0.72 0.20 0.97
3 38 39 40  0.72 0.20 0.97
4 33 39 40 41  0.72 0.20 0.97
3 38 40 43  0.31 0.85 0.75
3 41 34 42   0.31 0.85 0.75
4 38 34 42 43  0.31 0.85 0.75
3 43 40 45  0.72 0.20 0.97
3 41 42 44  0.72 0.20 0.97
4 43 42 44 45  0.72 0.20 0.97
3 41 44 47  0.31 0.85 0.75
3 45 40 46   0.31 0.85 0.75
4 41 40 46 47  0.31 0.85 0.75
3 45 46 49  0.72 0.20 0.97
3 47 44 48  0.72 0.20 0.97
4 45 44 48 49  0.72 0.20 0.97
3 49 46 51  0.31 0.85 0.75
3 47 48 50   0.31 0.85 0.75
4 49 48 50 51  0.31 0.85 0.75



