OFF
52 73 124
-0.4 -0.4 -0.4
0.4 -0.4 -0.4
0.4 0.4 -0.4
-0.4 0.4 -0.4
0.4 0.4 0.4
0.4 -0.4 0.4
1.2 -0.4 0.4
1.2 0.4 0.4
1.2 0.4 1.2
1.2 -0.4 1.2
2 0.4 0.4
2 -0.4 0.4
2 -0.4 -0.4
2 0.4 -0.4
2.8 0.4 -0.4
2.8 -0.4 -0.4
2.8 0.4 -1.2
2 0.4 -1.2
2 1.2 -1.2
2.8 1.2 -1.2
2 0.4 -2
2.8 0.4 -2
2 -0.4 -1.2
2.8 -0.4 -1.2
2.8 -0.4 -0.4
2 -0.4 -0.4
2 -1.2 -1.2
2 -1.2 -0.4
1.2 -0.4 -1.2
1.2 -0.4 -0.4
2 0.4 -0.4
1.2 0.4 -0.4
1.2 -0.4 0.4
1.2 0.4 0.4
0.4 -0.4 -0.4
0.4 0.4 -0.4
0.4 -0.4 -1.2
1.2 -0.4 -1.2
0.4 -1.2 -1.2
0.4 -1.2 -0.4
-0.4 -0.4 -1.2
-0.4 -0.4 -0.4
-0.4 0.4 -1.2
0.4 0.4 -1.2
0.4 0.4 -2
-0.4 0.4 -2
0.4 1.2 -1.2
-0.4 1.2 -1.2
0.4 0.4 -0.4
-0.4 0.4 -0.4
-0.4 -0.4 -0.4
0.4 -0.4 -0.4
4 0 1 2 3  0.72 0.20 0.97
3 0 1 5  0.72 0.20 0.97
3 2 3 4  0.72 0.20 0.97
4 0 3 4 5  0.72 0.20 0.97
3 2 4 7  0.31 0.85 0.75
3 5 1 6   0.31 0.85 0.75
4 2 1 6 7  0.31 0.85 0.75
3 5 6 9  0.72 0.20 0.97
3 7 4 8  0.72 0.20 0.97
4 5 4 8 9  0.72 0.20 0.97
3 9 6 11  0.31 0.85 0.75
3 7 8 10   0.31 0.85 0.75
4 9 8 10 11  0.31 0.85 0.75
3 7 10 13  0.72 0.20 0.97
3 11 6 12  0.72 0.20 0.97
4 7 6 12 13  0.72 0.20 0.97
3 11 12 15  0.31 0.85 0.75
3 13 10 14   0.31 0.85 0.75
4 11 10 14 15  0.31 0.85 0.75
3 12 13 17  0.72 0.20 0.97
3 14 15 16  0.72 0.20 0.97
4 12 15 16 17  0.72 0.20 0.97
3 14 16 19  0.31 0.85 0.75
3 17 13 18   0.31 0.85 0.75
4 14 13 18 19  0.31 0.85 0.75
3 19 16 21  0.72 0.20 0.97
3 17 18 20  0.72 0.20 0.97
4 19 18 20 21  0.72 0.20 0.97
3 21 16 23  0.31 0.85 0.75
3 17 20 22   0.31 0.85 0.75
4 21 20 22 23  0.31 0.85 0.75
3 17 22 25  0.72 0.20 0.97
3 23 16 24  0.72 0.20 0.97
4 17 16 24 25  0.72 0.20 0.97
3 24 25 27  0.31 0.85 0.75
3 22 23 26   0.31 0.85 0.75
4 24 23 26 27  0.31 0.85 0.75
3 27 25 29  0.72 0.20 0.97
3 22 26 28  0.72 0.20 0.97
4 27 26 28 29  0.72 0.20 0.97
3 28 29 31  0.31 0.85 0.75
3 25 22 30   0.31 0.85 0.75
4 28 22 30 31  0.31 0.85 0.75
3 30 31 33  0.72 0.20 0.97
3 29 25 32  0.72 0.20 0.97
4 30 25 32 33  0.72 0.20 0.97
3 33 31 35  0.31 0.85 0.75
3 29 32 34   0.31 0.85 0.75
4 33 32 34 35  0.31 0.85 0.75
3 31 29 37  0.72 0.20 0.97
3 34 35 36  0.72 0.20 0.97
4 31 35 36 37  0.72 0.20 0.97
3 29 34 39  0.31 0.85 0.75
3 36 37 38   0.31 0.85 0.75
4 29 37 38 39  0.31 0.85 0.75
3 39 34 41  0.72 0.20 0.97
3 36 38 40  0.72 0.20 0.97
4 39 38 40 41  0.72 0.20 0.97
3 34 36 43  0.31 0.85 0.75
3 40 41 42   0.31 0.85 0.75
4 34 41 42 43  0.31 0.85 0.75
3 40 42 45  0.72 0.20 0.97
3 43 36 44  0.72 0.20 0.97
4 40 36 44 45  0.72 0.20 0.97
3 45 42 47  0.31 0.85 0.75
3 43 44 46   0.31 0.85 0.75
4 45 44 46 47  0.31 0.85 0.75
3 47 42 49  0.72 0.20 0.97
3 43 46 48  0.72 0.20 0.97
4 47 46 48 49  0.72 0.20 0.97
3 43 48 51  0.31 0.85 0.75
3 49 42 50   0.31 0.85 0.75
4 43 42 50 51  0.31 0.85 0.75



