OFF
52 73 124
-0.2 -0.2 -0.2
0.2 -0.2 -0.2
0.2 0.2 -0.2
-0.2 0.2 -0.2
0.2 0.2 0.2
0.2 -0.2 0.2
0.6 -0.2 0.2
0.6 0.2 0.2
0.2 0.2 0.6
0.6 0.2 0.6
0.6 0.6 0.6
0.2 0.6 0.6
0.6 0.2 1
0.2 0.2 1
0.6 -0.2 0.6
0.2 -0.2 0.6
0.2 -0.2 0.2
0.6 -0.2 0.2
0.2 -0.6 0.6
0.6 -0.6 0.6
0.2 -0.2 1
0.6 -0.2 1
0.6 0.2 1
0.2 0.2 1
0.2 -0.2 1.4
0.2 0.2 1.4
-0.2000001 0.2 1.4
-0.2 -0.2 1.4
-0.2000001 -0.2 1.8
-0.2000001 0.2 1.8
-0.6000001 0.2 1.8
-0.6000001 -0.2 1.8
-0.2000001 0.2 2.2
-0.2000001 -0.2 2.2
0.1999999 0.2 2.2
0.2 0.2 1.8
0.1999999 0.6 2.2
-0.2000001 0.6 2.2
0.1999999 0.2 2.6
-0.2000001 0.2 2.6
0.1999999 -0.2 2.6
0.2 -0.2 2.2
0.6 -0.2 2.2
0.6 -0.2 2.6
0.2 -0.6000001 2.2
0.2 -0.6000001 2.6
-0.2000001 -0.6000001 2.6
-0.2 -0.6000001 2.2
0.2 -1 2.6
0.2 -1 2.2
0.6 -1 2.2
0.6 -1 2.6
4 0 1 2 3 0.72 0.20 0.97
3 0 1 5 0.72 0.20 0.97
3 2 3 4 0.72 0.20 0.97
4 0 3 4 5 0.72 0.20 0.97
3 2 4 7  0.31 0.85 0.75
3 5 1 6  0.31 0.85 0.75
4 2 1 6 7  0.31 0.85 0.75
3 6 7 9  0.72 0.20 0.97
3 4 5 8  0.72 0.20 0.97
4 6 5 8 9  0.72 0.20 0.97
3 4 8 11  0.31 0.85 0.75
3 9 7 10  0.31 0.85 0.75
4 4 7 10 11  0.31 0.85 0.75
3 11 8 13  0.72 0.20 0.97
3 9 10 12  0.72 0.20 0.97
4 11 10 12 13  0.72 0.20 0.97
3 13 8 15  0.31 0.85 0.75
3 9 12 14  0.31 0.85 0.75
4 13 12 14 15  0.31 0.85 0.75
3 9 14 17  0.72 0.20 0.97
3 15 8 16  0.72 0.20 0.97
4 9 8 16 17  0.72 0.20 0.97
3 17 14 19  0.31 0.85 0.75
3 15 16 18  0.31 0.85 0.75
4 17 16 18 19  0.31 0.85 0.75
3 19 14 21  0.72 0.20 0.97
3 15 18 20  0.72 0.20 0.97
4 19 18 20 21  0.72 0.20 0.97
3 15 20 23  0.31 0.85 0.75
3 21 14 22  0.31 0.85 0.75
4 15 14 22 23  0.31 0.85 0.75
3 22 23 25  0.72 0.20 0.97
3 20 21 24  0.72 0.20 0.97
4 22 21 24 25  0.72 0.20 0.97
3 20 24 27  0.31 0.85 0.75
3 25 23 26  0.31 0.85 0.75
4 20 23 26 27  0.31 0.85 0.75
3 25 26 29  0.72 0.20 0.97
3 27 24 28  0.72 0.20 0.97
4 25 24 28 29  0.72 0.20 0.97
3 27 28 31  0.31 0.85 0.75
3 29 26 30  0.31 0.85 0.75
4 27 26 30 31  0.31 0.85 0.75
3 31 28 33  0.72 0.20 0.97
3 29 30 32  0.72 0.20 0.97
4 31 30 32 33  0.72 0.20 0.97
3 28 29 35  0.31 0.85 0.75
3 32 33 34  0.31 0.85 0.75
4 28 33 34 35  0.31 0.85 0.75
3 29 32 37  0.72 0.20 0.97
3 34 35 36  0.72 0.20 0.97
4 29 35 36 37  0.72 0.20 0.97
3 37 32 39  0.31 0.85 0.75
3 34 36 38  0.31 0.85 0.75
4 37 36 38 39  0.31 0.85 0.75
3 32 34 41  0.72 0.20 0.97
3 38 39 40  0.72 0.20 0.97
4 32 39 40 41  0.72 0.20 0.97
3 38 40 43  0.31 0.85 0.75
3 41 34 42  0.31 0.85 0.75
4 38 34 42 43  0.31 0.85 0.75
3 43 40 45  0.72 0.20 0.97
3 41 42 44  0.72 0.20 0.97
4 43 42 44 45  0.72 0.20 0.97
3 41 44 47  0.31 0.85 0.75
3 45 40 46  0.31 0.85 0.75
4 41 40 46 47  0.31 0.85 0.75
3 47 44 49  0.72 0.20 0.97
3 45 46 48  0.72 0.20 0.97
4 47 46 48 49  0.72 0.20 0.97
3 45 48 51  0.31 0.85 0.75
3 49 44 50  0.31 0.85 0.75
4 45 44 50 51  0.31 0.85 0.75
 
 
 
