OFF
52 73 124
-0.15 -0.15 -0.15
0.15 -0.15 -0.15
0.15 0.15 -0.15
-0.15 0.15 -0.15
0.15 0.15 0.15
0.15 -0.15 0.15
0.45 -0.15 0.15
0.45 0.15 0.15
0.45 0.15 0.45
0.45 -0.15 0.45
0.75 0.15 0.45
0.75 0.15 0.15
0.75 0.45 0.45
0.45 0.45 0.45
0.75 0.45 0.75
0.75 0.15 0.75
1.05 0.45 0.45
1.05 0.15 0.45
0.75 0.15 0.15
1.05 0.15 0.15
0.75 -0.15 0.15
0.75 -0.15 0.45
0.45 -0.15 0.45
0.45 -0.15 0.15
0.45 -0.45 0.45
0.75 -0.45 0.45
0.75 -0.15 0.75
0.75 -0.45 0.75
1.05 -0.15 0.45
1.05 -0.45 0.45
1.05 -0.15 0.15
0.75 -0.15 0.15
1.05 0.15 0.15
1.05 0.15 0.45
1.35 0.15 0.15
1.35 -0.15 0.15
1.35 -0.15 -0.1499999
1.35 0.15 -0.1499999
1.65 0.15 -0.1499999
1.65 -0.15 -0.1499999
1.65 -0.15 -0.4499999
1.65 0.15 -0.4499999
1.95 0.15 -0.4499999
1.95 -0.15 -0.4499999
1.95 -0.15 -0.7499999
1.95 0.15 -0.7499999
2.25 0.15 -0.7499999
2.25 -0.15 -0.7499999
2.25 -0.15 -1.05
2.25 0.15 -1.05
2.55 -0.15 -0.7499999
2.55 0.15 -0.7499999
4 0 1 2 3 0.72 0.20 0.97
3 0 1 5 0.72 0.20 0.97
3 2 3 4 0.72 0.20 0.97
4 0 3 4 5 0.72 0.20 0.97
3 2 4 7  0.31 0.85 0.75
3 5 1 6  0.31 0.85 0.75
4 2 1 6 7  0.31 0.85 0.75
3 5 6 9  0.72 0.20 0.97
3 7 4 8  0.72 0.20 0.97
4 5 4 8 9  0.72 0.20 0.97
3 6 7 11  0.31 0.85 0.75
3 8 9 10  0.31 0.85 0.75
4 6 9 10 11  0.31 0.85 0.75
3 7 8 13  0.72 0.20 0.97
3 10 11 12  0.72 0.20 0.97
4 7 11 12 13  0.72 0.20 0.97
3 8 10 15  0.31 0.85 0.75
3 12 13 14  0.31 0.85 0.75
4 8 13 14 15  0.31 0.85 0.75
3 15 10 17  0.72 0.20 0.97
3 12 14 16  0.72 0.20 0.97
4 15 14 16 17  0.72 0.20 0.97
3 16 17 19  0.31 0.85 0.75
3 10 12 18  0.31 0.85 0.75
4 16 12 18 19  0.31 0.85 0.75
3 17 10 21  0.72 0.20 0.97
3 18 19 20  0.72 0.20 0.97
4 17 19 20 21  0.72 0.20 0.97
3 18 20 23  0.31 0.85 0.75
3 21 10 22  0.31 0.85 0.75
4 18 10 22 23  0.31 0.85 0.75
3 20 21 25  0.72 0.20 0.97
3 22 23 24  0.72 0.20 0.97
4 20 23 24 25  0.72 0.20 0.97
3 24 25 27  0.31 0.85 0.75
3 21 22 26  0.31 0.85 0.75
4 24 22 26 27  0.31 0.85 0.75
3 27 25 29  0.72 0.20 0.97
3 21 26 28  0.72 0.20 0.97
4 27 26 28 29  0.72 0.20 0.97
3 25 21 31  0.31 0.85 0.75
3 28 29 30  0.31 0.85 0.75
4 25 29 30 31  0.31 0.85 0.75
3 21 28 33  0.72 0.20 0.97
3 30 31 32  0.72 0.20 0.97
4 21 31 32 33  0.72 0.20 0.97
3 28 30 35  0.31 0.85 0.75
3 32 33 34  0.31 0.85 0.75
4 28 33 34 35  0.31 0.85 0.75
3 32 34 37  0.72 0.20 0.97
3 35 30 36  0.72 0.20 0.97
4 32 30 36 37  0.72 0.20 0.97
3 35 36 39  0.31 0.85 0.75
3 37 34 38  0.31 0.85 0.75
4 35 34 38 39  0.31 0.85 0.75
3 37 38 41  0.72 0.20 0.97
3 39 36 40  0.72 0.20 0.97
4 37 36 40 41  0.72 0.20 0.97
3 39 40 43  0.31 0.85 0.75
3 41 38 42  0.31 0.85 0.75
4 39 38 42 43  0.31 0.85 0.75
3 41 42 45  0.72 0.20 0.97
3 43 40 44  0.72 0.20 0.97
4 41 40 44 45  0.72 0.20 0.97
3 43 44 47  0.31 0.85 0.75
3 45 42 46  0.31 0.85 0.75
4 43 42 46 47  0.31 0.85 0.75
3 45 46 49  0.72 0.20 0.97
3 47 44 48  0.72 0.20 0.97
4 45 44 48 49  0.72 0.20 0.97
3 49 46 51  0.31 0.85 0.75
3 47 48 50  0.31 0.85 0.75
4 49 48 50 51  0.31 0.85 0.75
 
 
 
