OFF
52 73 124
-0.3 -0.3 -0.3
0.3 -0.3 -0.3
0.3 0.3 -0.3
-0.3 0.3 -0.3
0.3 0.3 0.3
0.3 -0.3 0.3
0.9 0.3 0.3
0.9 0.3 -0.3
0.3 0.9 -0.3
0.9 0.9 -0.3
0.9 0.9 -0.9
0.3 0.9 -0.9
0.9 1.5 -0.3
0.3 1.5 -0.3
0.3 0.9 0.3
0.3 1.5 0.3
-0.3 1.5 -0.3
-0.3 1.5 0.3
-0.3 2.1 -0.3
0.3 2.1 -0.3
-0.3 2.1 -0.9
-0.3 1.5 -0.9
-0.9 1.5 -0.3
-0.9 1.5 -0.9
-0.9 0.9 -0.3
-0.3 0.9 -0.3
-0.3 1.5 0.3
-0.3 0.9 0.3
0.3 0.9 -0.3
0.3 0.9 0.3
0.3 0.3 -0.3
-0.3 0.3 -0.3
-0.3 0.9 -0.9
-0.3 0.3 -0.9
-0.9 0.9 -0.9
-0.9 0.9 -0.3
-0.9 1.5 -0.9
-0.3 1.5 -0.9
-0.3 0.9 -1.5
-0.3 1.5 -1.5
0.3 0.9 -1.5
0.3 0.9 -0.9
-0.3 0.3 -1.5
-0.3 0.3 -0.9
-0.9 0.3 -0.9
-0.9 0.3 -1.5
-0.9 -0.3 -0.9
-0.3 -0.3 -0.9
-0.3 0.3 -0.3
-0.3 -0.3 -0.3
0.3 -0.3 -0.3
0.3 0.3 -0.3
4 0 1 2 3  0.72 0.20 0.97
3 0 1 5  0.72 0.20 0.97
3 2 3 4  0.72 0.20 0.97
4 0 3 4 5  0.72 0.20 0.97
3 1 2 7  0.31 0.85 0.75
3 4 5 6   0.31 0.85 0.75
4 1 5 6 7  0.31 0.85 0.75
3 6 7 9  0.72 0.20 0.97
3 2 4 8  0.72 0.20 0.97
4 6 4 8 9  0.72 0.20 0.97
3 2 8 11  0.31 0.85 0.75
3 9 7 10   0.31 0.85 0.75
4 2 7 10 11  0.31 0.85 0.75
3 11 8 13  0.72 0.20 0.97
3 9 10 12  0.72 0.20 0.97
4 11 10 12 13  0.72 0.20 0.97
3 12 13 15  0.31 0.85 0.75
3 8 9 14   0.31 0.85 0.75
4 12 9 14 15  0.31 0.85 0.75
3 14 15 17  0.72 0.20 0.97
3 13 8 16  0.72 0.20 0.97
4 14 8 16 17  0.72 0.20 0.97
3 15 13 19  0.31 0.85 0.75
3 16 17 18   0.31 0.85 0.75
4 15 17 18 19  0.31 0.85 0.75
3 13 16 21  0.72 0.20 0.97
3 18 19 20  0.72 0.20 0.97
4 13 19 20 21  0.72 0.20 0.97
3 20 21 23  0.31 0.85 0.75
3 16 18 22   0.31 0.85 0.75
4 20 18 22 23  0.31 0.85 0.75
3 21 16 25  0.72 0.20 0.97
3 22 23 24  0.72 0.20 0.97
4 21 23 24 25  0.72 0.20 0.97
3 24 25 27  0.31 0.85 0.75
3 16 22 26   0.31 0.85 0.75
4 24 22 26 27  0.31 0.85 0.75
3 26 27 29  0.72 0.20 0.97
3 25 16 28  0.72 0.20 0.97
4 26 16 28 29  0.72 0.20 0.97
3 27 25 31  0.31 0.85 0.75
3 28 29 30   0.31 0.85 0.75
4 27 29 30 31  0.31 0.85 0.75
3 30 31 33  0.72 0.20 0.97
3 25 28 32  0.72 0.20 0.97
4 30 28 32 33  0.72 0.20 0.97
3 31 25 35  0.31 0.85 0.75
3 32 33 34   0.31 0.85 0.75
4 31 33 34 35  0.31 0.85 0.75
3 25 32 37  0.72 0.20 0.97
3 34 35 36  0.72 0.20 0.97
4 25 35 36 37  0.72 0.20 0.97
3 36 37 39  0.31 0.85 0.75
3 32 34 38   0.31 0.85 0.75
4 36 34 38 39  0.31 0.85 0.75
3 37 32 41  0.72 0.20 0.97
3 38 39 40  0.72 0.20 0.97
4 37 39 40 41  0.72 0.20 0.97
3 41 32 43  0.31 0.85 0.75
3 38 40 42   0.31 0.85 0.75
4 41 40 42 43  0.31 0.85 0.75
3 38 42 45  0.72 0.20 0.97
3 43 32 44  0.72 0.20 0.97
4 38 32 44 45  0.72 0.20 0.97
3 42 43 47  0.31 0.85 0.75
3 44 45 46   0.31 0.85 0.75
4 42 45 46 47  0.31 0.85 0.75
3 46 47 49  0.72 0.20 0.97
3 43 44 48  0.72 0.20 0.97
4 46 44 48 49  0.72 0.20 0.97
3 43 48 51  0.31 0.85 0.75
3 49 47 50   0.31 0.85 0.75
4 43 47 50 51  0.31 0.85 0.75



