OFF
52 73 124
-0.4 -0.4 -0.4
0.4 -0.4 -0.4
0.4 0.4 -0.4
-0.4 0.4 -0.4
0.4 0.4 0.4
0.4 -0.4 0.4
1.2 0.4 -0.4
1.2 -0.4 -0.4
0.4 0.4 -1.2
0.4 -0.4 -1.2
-0.4 -0.4 -1.2
-0.4 0.4 -1.2
0.4 0.4 -2
-0.4 0.4 -2
0.4 1.2 -2
0.4 1.2 -1.2
1.2 0.4 -1.2
1.2 1.2 -1.2
1.2 1.2 -0.4
1.2 0.4 -0.4
2 1.2 -1.2
2 0.4 -1.2
2 1.2 -2
1.2 1.2 -2
2 2 -1.2
1.2 2 -1.2
1.2 1.2 -0.4
1.2 2 -0.4
0.4 2 -0.4
0.4 1.2 -0.4
0.4 1.2 0.4
0.4 2 0.4
-0.4 2 0.4
-0.4 1.2 0.4
-0.4 1.2 1.2
-0.4 2 1.2
-1.2 1.2 1.2
-1.2 1.2 0.4
-0.4 0.4 1.2
-0.4 0.4 0.4
0.4 1.2 0.4
0.4 0.4 0.4
-0.4 1.2 -0.4
-0.4 0.4 -0.4
-1.2 0.4 -0.4
-1.2 1.2 -0.4
-1.2 0.4 -1.2
-0.4 0.4 -1.2
-0.4 -0.4 -0.4
-0.4 -0.4 -1.2
0.4 -0.4 -0.4
0.4 0.4 -0.4
4 0 1 2 3  0.72 0.20 0.97
3 0 1 5  0.72 0.20 0.97
3 2 3 4  0.72 0.20 0.97
4 0 3 4 5  0.72 0.20 0.97
3 5 1 7  0.31 0.85 0.75
3 2 4 6   0.31 0.85 0.75
4 5 4 6 7  0.31 0.85 0.75
3 7 1 9  0.72 0.20 0.97
3 2 6 8  0.72 0.20 0.97
4 7 6 8 9  0.72 0.20 0.97
3 2 8 11  0.31 0.85 0.75
3 9 1 10   0.31 0.85 0.75
4 2 1 10 11  0.31 0.85 0.75
3 10 11 13  0.72 0.20 0.97
3 8 9 12  0.72 0.20 0.97
4 10 9 12 13  0.72 0.20 0.97
3 11 8 15  0.31 0.85 0.75
3 12 13 14   0.31 0.85 0.75
4 11 13 14 15  0.31 0.85 0.75
3 14 15 17  0.72 0.20 0.97
3 8 12 16  0.72 0.20 0.97
4 14 12 16 17  0.72 0.20 0.97
3 8 16 19  0.31 0.85 0.75
3 17 15 18   0.31 0.85 0.75
4 8 15 18 19  0.31 0.85 0.75
3 19 16 21  0.72 0.20 0.97
3 17 18 20  0.72 0.20 0.97
4 19 18 20 21  0.72 0.20 0.97
3 16 17 23  0.31 0.85 0.75
3 20 21 22   0.31 0.85 0.75
4 16 21 22 23  0.31 0.85 0.75
3 23 17 25  0.72 0.20 0.97
3 20 22 24  0.72 0.20 0.97
4 23 22 24 25  0.72 0.20 0.97
3 24 25 27  0.31 0.85 0.75
3 17 20 26   0.31 0.85 0.75
4 24 20 26 27  0.31 0.85 0.75
3 17 26 29  0.72 0.20 0.97
3 27 25 28  0.72 0.20 0.97
4 17 25 28 29  0.72 0.20 0.97
3 27 28 31  0.31 0.85 0.75
3 29 26 30   0.31 0.85 0.75
4 27 26 30 31  0.31 0.85 0.75
3 29 30 33  0.72 0.20 0.97
3 31 28 32  0.72 0.20 0.97
4 29 28 32 33  0.72 0.20 0.97
3 31 32 35  0.31 0.85 0.75
3 33 30 34   0.31 0.85 0.75
4 31 30 34 35  0.31 0.85 0.75
3 32 33 37  0.72 0.20 0.97
3 34 35 36  0.72 0.20 0.97
4 32 35 36 37  0.72 0.20 0.97
3 37 33 39  0.31 0.85 0.75
3 34 36 38   0.31 0.85 0.75
4 37 36 38 39  0.31 0.85 0.75
3 38 39 41  0.72 0.20 0.97
3 33 34 40  0.72 0.20 0.97
4 38 34 40 41  0.72 0.20 0.97
3 41 39 43  0.31 0.85 0.75
3 33 40 42   0.31 0.85 0.75
4 41 40 42 43  0.31 0.85 0.75
3 33 42 45  0.72 0.20 0.97
3 43 39 44  0.72 0.20 0.97
4 33 39 44 45  0.72 0.20 0.97
3 42 43 47  0.31 0.85 0.75
3 44 45 46   0.31 0.85 0.75
4 42 45 46 47  0.31 0.85 0.75
3 46 47 49  0.72 0.20 0.97
3 43 44 48  0.72 0.20 0.97
4 46 44 48 49  0.72 0.20 0.97
3 47 43 51  0.31 0.85 0.75
3 48 49 50   0.31 0.85 0.75
4 47 49 50 51  0.31 0.85 0.75



