OFF
52 73 124
-0.4 -0.4 -0.4
0.4 -0.4 -0.4
0.4 0.4 -0.4
-0.4 0.4 -0.4
0.4 0.4 0.4
0.4 -0.4 0.4
1.2 -0.4 0.4
1.2 0.4 0.4
1.2 -0.4 1.2
0.4 -0.4 1.2
1.2 -1.2 0.4
0.4 -1.2 0.4
0.4 -0.4 -0.4
0.4 -1.2 -0.4
-0.4 -1.2 -0.4
-0.4 -0.4 -0.4
-0.4 -1.2 -1.2
0.4 -1.2 -1.2
0.4 -2 -0.4
0.4 -2 -1.2
1.2 -2 -0.4
1.2 -1.2 -0.4
1.2 -1.2 0.4
1.2 -2 0.4
2 -1.2 0.4
2 -1.2 -0.4
2 -0.4000001 0.4
1.2 -0.4000001 0.4
1.2 -0.4000001 1.2
2 -0.4000001 1.2
1.2 0.3999999 0.4
2 0.3999999 0.4
1.2 -0.4000001 -0.4000001
2 -0.4000001 -0.4000001
2 -1.2 -0.4000001
1.2 -1.2 -0.4000001
1.2 -1.2 -1.2
2 -1.2 -1.2
1.2 -2 -1.2
1.2 -2 -0.4000001
0.4000001 -2 -1.2
0.4000001 -1.2 -1.2
0.4000001 -1.2 -2
0.4000001 -2 -2
-0.3999999 -1.2 -2
-0.3999999 -1.2 -1.2
0.4000001 -0.4000001 -1.2
-0.3999999 -0.4000001 -1.2
-0.3999999 -0.4000001 -0.4000001
0.4000001 -0.4000001 -0.4000001
0.4000001 0.3999999 -0.4000001
-0.3999999 0.3999999 -0.4000001
4 0 1 2 3 0.72 0.20 0.97
3 0 1 5 0.72 0.20 0.97
3 2 3 4 0.72 0.20 0.97
4 0 3 4 5 0.72 0.20 0.97
3 2 4 7  0.31 0.85 0.75
3 5 1 6  0.31 0.85 0.75
4 2 1 6 7  0.31 0.85 0.75
3 4 5 9  0.72 0.20 0.97
3 6 7 8  0.72 0.20 0.97
4 4 7 8 9  0.72 0.20 0.97
3 9 5 11  0.31 0.85 0.75
3 6 8 10  0.31 0.85 0.75
4 9 8 10 11  0.31 0.85 0.75
3 10 11 13  0.72 0.20 0.97
3 5 6 12  0.72 0.20 0.97
4 10 6 12 13  0.72 0.20 0.97
3 5 12 15  0.31 0.85 0.75
3 13 11 14  0.31 0.85 0.75
4 5 11 14 15  0.31 0.85 0.75
3 12 13 17  0.72 0.20 0.97
3 14 15 16  0.72 0.20 0.97
4 12 15 16 17  0.72 0.20 0.97
3 16 17 19  0.31 0.85 0.75
3 13 14 18  0.31 0.85 0.75
4 16 14 18 19  0.31 0.85 0.75
3 17 13 21  0.72 0.20 0.97
3 18 19 20  0.72 0.20 0.97
4 17 19 20 21  0.72 0.20 0.97
3 18 20 23  0.31 0.85 0.75
3 21 13 22  0.31 0.85 0.75
4 18 13 22 23  0.31 0.85 0.75
3 20 21 25  0.72 0.20 0.97
3 22 23 24  0.72 0.20 0.97
4 20 23 24 25  0.72 0.20 0.97
3 21 22 27  0.31 0.85 0.75
3 24 25 26  0.31 0.85 0.75
4 21 25 26 27  0.31 0.85 0.75
3 24 26 29  0.72 0.20 0.97
3 27 22 28  0.72 0.20 0.97
4 24 22 28 29  0.72 0.20 0.97
3 29 26 31  0.31 0.85 0.75
3 27 28 30  0.31 0.85 0.75
4 29 28 30 31  0.31 0.85 0.75
3 31 26 33  0.72 0.20 0.97
3 27 30 32  0.72 0.20 0.97
4 31 30 32 33  0.72 0.20 0.97
3 27 32 35  0.31 0.85 0.75
3 33 26 34  0.31 0.85 0.75
4 27 26 34 35  0.31 0.85 0.75
3 33 34 37  0.72 0.20 0.97
3 35 32 36  0.72 0.20 0.97
4 33 32 36 37  0.72 0.20 0.97
3 34 35 39  0.31 0.85 0.75
3 36 37 38  0.31 0.85 0.75
4 34 37 38 39  0.31 0.85 0.75
3 35 36 41  0.72 0.20 0.97
3 38 39 40  0.72 0.20 0.97
4 35 39 40 41  0.72 0.20 0.97
3 38 40 43  0.31 0.85 0.75
3 41 36 42  0.31 0.85 0.75
4 38 36 42 43  0.31 0.85 0.75
3 40 41 45  0.72 0.20 0.97
3 42 43 44  0.72 0.20 0.97
4 40 43 44 45  0.72 0.20 0.97
3 44 45 47  0.31 0.85 0.75
3 41 42 46  0.31 0.85 0.75
4 44 42 46 47  0.31 0.85 0.75
3 41 46 49  0.72 0.20 0.97
3 47 45 48  0.72 0.20 0.97
4 41 45 48 49  0.72 0.20 0.97
3 47 48 51  0.31 0.85 0.75
3 49 46 50  0.31 0.85 0.75
4 47 46 50 51  0.31 0.85 0.75
 
 
 
