OFF
52 73 124
-0.3 -0.3 -0.3
0.3 -0.3 -0.3
0.3 0.3 -0.3
-0.3 0.3 -0.3
0.3 0.3 0.3
0.3 -0.3 0.3
0.9 0.3 -0.3
0.9 -0.3 -0.3
0.9 -0.3 -0.9
0.9 0.3 -0.9
1.5 -0.3 -0.9
1.5 -0.3 -0.3
1.5 -0.9 -0.3
1.5 -0.9 -0.9
2.1 -0.9 -0.3
2.1 -0.3 -0.3
1.5 -0.9 0.3
1.5 -0.3 0.3
0.9 -0.3 -0.3
0.9 -0.3 0.3
0.9 0.3 0.3
0.9 0.3 -0.3
0.3 0.3 0.3
0.3 -0.3 0.3
0.9 0.3 0.9
0.9 -0.3 0.9
1.5 0.3 0.9
1.5 0.3 0.3
0.9 0.9 0.3
1.5 0.9 0.3
0.9 0.3 -0.3
1.5 0.3 -0.3
1.5 -0.3 0.3
1.5 -0.3 -0.3
2.1 0.3 -0.3
2.1 -0.3 -0.3
1.5 0.3 -0.9
1.5 -0.3 -0.9
0.9 0.3 -0.9
0.9 0.3 -0.3
0.9 0.9 -0.9
1.5 0.9 -0.9
0.9 0.3 -1.5
1.5 0.3 -1.5
0.9 -0.3 -1.5
0.9 -0.3 -0.9
0.3 0.3 -0.9
0.3 -0.3 -0.9
0.3 -0.3 -0.3
0.3 0.3 -0.3
-0.3 0.3 -0.3
-0.3 -0.3 -0.3
4 0 1 2 3  0.72 0.20 0.97
3 0 1 5  0.72 0.20 0.97
3 2 3 4  0.72 0.20 0.97
4 0 3 4 5  0.72 0.20 0.97
3 5 1 7  0.31 0.85 0.75
3 2 4 6   0.31 0.85 0.75
4 5 4 6 7  0.31 0.85 0.75
3 2 6 9  0.72 0.20 0.97
3 7 1 8  0.72 0.20 0.97
4 2 1 8 9  0.72 0.20 0.97
3 6 7 11  0.31 0.85 0.75
3 8 9 10   0.31 0.85 0.75
4 6 9 10 11  0.31 0.85 0.75
3 8 10 13  0.72 0.20 0.97
3 11 7 12  0.72 0.20 0.97
4 8 7 12 13  0.72 0.20 0.97
3 10 11 15  0.31 0.85 0.75
3 12 13 14   0.31 0.85 0.75
4 10 13 14 15  0.31 0.85 0.75
3 15 11 17  0.72 0.20 0.97
3 12 14 16  0.72 0.20 0.97
4 15 14 16 17  0.72 0.20 0.97
3 16 17 19  0.31 0.85 0.75
3 11 12 18   0.31 0.85 0.75
4 16 12 18 19  0.31 0.85 0.75
3 11 18 21  0.72 0.20 0.97
3 19 17 20  0.72 0.20 0.97
4 11 17 20 21  0.72 0.20 0.97
3 18 19 23  0.31 0.85 0.75
3 20 21 22   0.31 0.85 0.75
4 18 21 22 23  0.31 0.85 0.75
3 23 19 25  0.72 0.20 0.97
3 20 22 24  0.72 0.20 0.97
4 23 22 24 25  0.72 0.20 0.97
3 19 20 27  0.31 0.85 0.75
3 24 25 26   0.31 0.85 0.75
4 19 25 26 27  0.31 0.85 0.75
3 26 27 29  0.72 0.20 0.97
3 20 24 28  0.72 0.20 0.97
4 26 24 28 29  0.72 0.20 0.97
3 29 27 31  0.31 0.85 0.75
3 20 28 30   0.31 0.85 0.75
4 29 28 30 31  0.31 0.85 0.75
3 30 31 33  0.72 0.20 0.97
3 27 20 32  0.72 0.20 0.97
4 30 20 32 33  0.72 0.20 0.97
3 32 33 35  0.31 0.85 0.75
3 31 27 34   0.31 0.85 0.75
4 32 27 34 35  0.31 0.85 0.75
3 35 33 37  0.72 0.20 0.97
3 31 34 36  0.72 0.20 0.97
4 35 34 36 37  0.72 0.20 0.97
3 33 31 39  0.31 0.85 0.75
3 36 37 38   0.31 0.85 0.75
4 33 37 38 39  0.31 0.85 0.75
3 31 36 41  0.72 0.20 0.97
3 38 39 40  0.72 0.20 0.97
4 31 39 40 41  0.72 0.20 0.97
3 41 36 43  0.31 0.85 0.75
3 38 40 42   0.31 0.85 0.75
4 41 40 42 43  0.31 0.85 0.75
3 36 38 45  0.72 0.20 0.97
3 42 43 44  0.72 0.20 0.97
4 36 43 44 45  0.72 0.20 0.97
3 44 45 47  0.31 0.85 0.75
3 38 42 46   0.31 0.85 0.75
4 44 42 46 47  0.31 0.85 0.75
3 38 46 49  0.72 0.20 0.97
3 47 45 48  0.72 0.20 0.97
4 38 45 48 49  0.72 0.20 0.97
3 47 48 51  0.31 0.85 0.75
3 49 46 50   0.31 0.85 0.75
4 47 46 50 51  0.31 0.85 0.75



