OFF
52 73 124
-0.3 -0.3 -0.3
0.3 -0.3 -0.3
0.3 0.3 -0.3
-0.3 0.3 -0.3
0.3 0.3 0.3
0.3 -0.3 0.3
0.9 -0.3 0.3
0.9 0.3 0.3
0.9 0.3 0.9
0.9 -0.3 0.9
1.5 -0.3 0.9
1.5 0.3 0.9
1.5 0.3 1.5
1.5 -0.3 1.5
2.1 -0.3 0.9
2.1 -0.3 1.5
2.1 -0.9 1.5
2.1 -0.9 0.9
2.7 -0.9 0.9
2.7 -0.9 1.5
2.7 -1.5 0.9
2.1 -1.5 0.9
2.1 -1.5 0.3
2.7 -1.5 0.3
2.7 -2.1 0.3
2.1 -2.1 0.3
2.1 -2.1 -0.3
2.7 -2.1 -0.3
2.7 -2.7 -0.3
2.1 -2.7 -0.3
2.1 -2.1 -0.9
2.1 -2.7 -0.9
1.5 -2.7 -0.9
1.5 -2.1 -0.9
1.5 -2.1 -1.5
1.5 -2.7 -1.5
0.9 -2.1 -1.5
0.9 -2.1 -0.9
0.9 -1.5 -0.9
0.9 -1.5 -1.5
0.3 -1.5 -1.5
0.3 -1.5 -0.9
0.3 -0.9 -0.9
0.3 -0.9 -1.5
-0.3 -0.9 -1.5
-0.3 -0.9 -0.9
0.3 -0.3 -0.9
-0.3 -0.3 -0.9
-0.3 -0.3 -0.3
0.3 -0.3 -0.3
0.3 0.3 -0.3
-0.3 0.3 -0.3
4 0 1 2 3  0.72 0.20 0.97
3 0 1 5  0.72 0.20 0.97
3 2 3 4  0.72 0.20 0.97
4 0 3 4 5  0.72 0.20 0.97
3 2 4 7  0.31 0.85 0.75
3 5 1 6   0.31 0.85 0.75
4 2 1 6 7  0.31 0.85 0.75
3 5 6 9  0.72 0.20 0.97
3 7 4 8  0.72 0.20 0.97
4 5 4 8 9  0.72 0.20 0.97
3 7 8 11  0.31 0.85 0.75
3 9 6 10   0.31 0.85 0.75
4 7 6 10 11  0.31 0.85 0.75
3 9 10 13  0.72 0.20 0.97
3 11 8 12  0.72 0.20 0.97
4 9 8 12 13  0.72 0.20 0.97
3 12 13 15  0.31 0.85 0.75
3 10 11 14   0.31 0.85 0.75
4 12 11 14 15  0.31 0.85 0.75
3 10 14 17  0.72 0.20 0.97
3 15 13 16  0.72 0.20 0.97
4 10 13 16 17  0.72 0.20 0.97
3 15 16 19  0.31 0.85 0.75
3 17 14 18   0.31 0.85 0.75
4 15 14 18 19  0.31 0.85 0.75
3 16 17 21  0.72 0.20 0.97
3 18 19 20  0.72 0.20 0.97
4 16 19 20 21  0.72 0.20 0.97
3 18 20 23  0.31 0.85 0.75
3 21 17 22   0.31 0.85 0.75
4 18 17 22 23  0.31 0.85 0.75
3 21 22 25  0.72 0.20 0.97
3 23 20 24  0.72 0.20 0.97
4 21 20 24 25  0.72 0.20 0.97
3 23 24 27  0.31 0.85 0.75
3 25 22 26   0.31 0.85 0.75
4 23 22 26 27  0.31 0.85 0.75
3 25 26 29  0.72 0.20 0.97
3 27 24 28  0.72 0.20 0.97
4 25 24 28 29  0.72 0.20 0.97
3 28 29 31  0.31 0.85 0.75
3 26 27 30   0.31 0.85 0.75
4 28 27 30 31  0.31 0.85 0.75
3 26 30 33  0.72 0.20 0.97
3 31 29 32  0.72 0.20 0.97
4 26 29 32 33  0.72 0.20 0.97
3 31 32 35  0.31 0.85 0.75
3 33 30 34   0.31 0.85 0.75
4 31 30 34 35  0.31 0.85 0.75
3 32 33 37  0.72 0.20 0.97
3 34 35 36  0.72 0.20 0.97
4 32 35 36 37  0.72 0.20 0.97
3 34 36 39  0.31 0.85 0.75
3 37 33 38   0.31 0.85 0.75
4 34 33 38 39  0.31 0.85 0.75
3 37 38 41  0.72 0.20 0.97
3 39 36 40  0.72 0.20 0.97
4 37 36 40 41  0.72 0.20 0.97
3 39 40 43  0.31 0.85 0.75
3 41 38 42   0.31 0.85 0.75
4 39 38 42 43  0.31 0.85 0.75
3 41 42 45  0.72 0.20 0.97
3 43 40 44  0.72 0.20 0.97
4 41 40 44 45  0.72 0.20 0.97
3 44 45 47  0.31 0.85 0.75
3 42 43 46   0.31 0.85 0.75
4 44 43 46 47  0.31 0.85 0.75
3 42 46 49  0.72 0.20 0.97
3 47 45 48  0.72 0.20 0.97
4 42 45 48 49  0.72 0.20 0.97
3 47 48 51  0.31 0.85 0.75
3 49 46 50   0.31 0.85 0.75
4 47 46 50 51  0.31 0.85 0.75



