OFF
52 73 124
-0.4 -0.4 -0.4
0.4 -0.4 -0.4
0.4 0.4 -0.4
-0.4 0.4 -0.4
0.4 0.4 0.4
0.4 -0.4 0.4
1.2 -0.4 0.4
1.2 0.4 0.4
0.4 0.4 1.2
1.2 0.4 1.2
0.4 1.2 1.2
0.4 1.2 0.4
-0.4 0.4 1.2
-0.4 0.4 0.4
0.4 -0.4 0.4
-0.4 -0.4 0.4
-0.4 0.4 -0.4
-0.4 -0.4 -0.4
-1.2 0.4 0.4
-1.2 -0.4 0.4
-1.2 0.4 1.2
-0.4 0.4 1.2
-0.4 1.2 0.4
-0.4 1.2 1.2
0.4 1.2 1.2
0.4 1.2 0.4
-0.4 2 0.4
0.4 2 0.4
-0.4 2 -0.4
-0.4 1.2 -0.4
-1.2 1.2 -0.4
-1.2 2 -0.4
-1.2 1.2 -1.2
-0.4 1.2 -1.2
-0.4 0.4 -0.4
-0.4 0.4 -1.2
0.4 1.2 -0.4
0.4 1.2 -1.2
0.4 2 -0.4
-0.4 2 -0.4
0.4 2 0.4
0.4 1.2 0.4
1.2 2 -0.4
1.2 1.2 -0.4
0.4 1.2 -1.2
1.2 1.2 -1.2
0.4 0.4 -1.2
0.4 0.4 -0.4
-0.4 0.4 -0.4
-0.4 0.4 -1.2
-0.4 -0.4 -0.4
0.4 -0.4 -0.4
4 0 1 2 3  0.72 0.20 0.97
3 0 1 5  0.72 0.20 0.97
3 2 3 4  0.72 0.20 0.97
4 0 3 4 5  0.72 0.20 0.97
3 2 4 7  0.31 0.85 0.75
3 5 1 6   0.31 0.85 0.75
4 2 1 6 7  0.31 0.85 0.75
3 6 7 9  0.72 0.20 0.97
3 4 5 8  0.72 0.20 0.97
4 6 5 8 9  0.72 0.20 0.97
3 7 4 11  0.31 0.85 0.75
3 8 9 10   0.31 0.85 0.75
4 7 9 10 11  0.31 0.85 0.75
3 11 4 13  0.72 0.20 0.97
3 8 10 12  0.72 0.20 0.97
4 11 10 12 13  0.72 0.20 0.97
3 12 13 15  0.31 0.85 0.75
3 4 8 14   0.31 0.85 0.75
4 12 8 14 15  0.31 0.85 0.75
3 14 15 17  0.72 0.20 0.97
3 13 4 16  0.72 0.20 0.97
4 14 4 16 17  0.72 0.20 0.97
3 17 15 19  0.31 0.85 0.75
3 13 16 18   0.31 0.85 0.75
4 17 16 18 19  0.31 0.85 0.75
3 15 13 21  0.72 0.20 0.97
3 18 19 20  0.72 0.20 0.97
4 15 19 20 21  0.72 0.20 0.97
3 20 21 23  0.31 0.85 0.75
3 13 18 22   0.31 0.85 0.75
4 20 18 22 23  0.31 0.85 0.75
3 13 22 25  0.72 0.20 0.97
3 23 21 24  0.72 0.20 0.97
4 13 21 24 25  0.72 0.20 0.97
3 24 25 27  0.31 0.85 0.75
3 22 23 26   0.31 0.85 0.75
4 24 23 26 27  0.31 0.85 0.75
3 25 22 29  0.72 0.20 0.97
3 26 27 28  0.72 0.20 0.97
4 25 27 28 29  0.72 0.20 0.97
3 26 28 31  0.31 0.85 0.75
3 29 22 30   0.31 0.85 0.75
4 26 22 30 31  0.31 0.85 0.75
3 28 29 33  0.72 0.20 0.97
3 30 31 32  0.72 0.20 0.97
4 28 31 32 33  0.72 0.20 0.97
3 32 33 35  0.31 0.85 0.75
3 29 30 34   0.31 0.85 0.75
4 32 30 34 35  0.31 0.85 0.75
3 35 33 37  0.72 0.20 0.97
3 29 34 36  0.72 0.20 0.97
4 35 34 36 37  0.72 0.20 0.97
3 33 29 39  0.31 0.85 0.75
3 36 37 38   0.31 0.85 0.75
4 33 37 38 39  0.31 0.85 0.75
3 29 36 41  0.72 0.20 0.97
3 38 39 40  0.72 0.20 0.97
4 29 39 40 41  0.72 0.20 0.97
3 41 36 43  0.31 0.85 0.75
3 38 40 42   0.31 0.85 0.75
4 41 40 42 43  0.31 0.85 0.75
3 42 43 45  0.72 0.20 0.97
3 36 38 44  0.72 0.20 0.97
4 42 38 44 45  0.72 0.20 0.97
3 43 36 47  0.31 0.85 0.75
3 44 45 46   0.31 0.85 0.75
4 43 45 46 47  0.31 0.85 0.75
3 44 46 49  0.72 0.20 0.97
3 47 36 48  0.72 0.20 0.97
4 44 36 48 49  0.72 0.20 0.97
3 46 47 51  0.31 0.85 0.75
3 48 49 50   0.31 0.85 0.75
4 46 49 50 51  0.31 0.85 0.75



