OFF
52 73 124
-0.3 -0.3 -0.3
0.3 -0.3 -0.3
0.3 0.3 -0.3
-0.3 0.3 -0.3
0.3 0.3 0.3
0.3 -0.3 0.3
0.9 0.3 0.3
0.9 0.3 -0.3
0.9 0.9 0.3
0.3 0.9 0.3
0.9 0.3 0.9
0.3 0.3 0.9
0.3 -0.3 0.3
0.3 -0.3 0.9
-0.3 0.3 0.9
-0.3 -0.3 0.9
0.3 -0.3 1.5
-0.3 -0.3 1.5
0.3 -0.9 0.9
-0.3 -0.9 0.9
0.3 -0.9 0.3000001
0.3 -0.3 0.3000001
0.9 -0.9 0.3000001
0.9 -0.9 0.9
0.9 -1.5 0.3000001
0.3 -1.5 0.3000001
0.9 -0.9 -0.2999999
0.3 -0.9 -0.2999999
0.3 -0.3000001 0.3000001
0.3 -0.3000001 -0.2999999
-0.3 -0.3 0.3000001
-0.3 -0.9 0.3000001
-0.3 -0.9 0.9
-0.3 -0.3 0.9
-0.9 -0.3 0.3000001
-0.9 -0.3 0.9
-0.3 0.3 0.3000001
-0.3 0.3 0.9
0.3 0.3 0.3000001
0.3 -0.3000001 0.3000001
-0.3 0.3 -0.2999999
-0.3 -0.3 -0.2999999
-0.9 -0.3 0.3000001
-0.9 -0.3 -0.2999999
-0.3 -0.9 0.3000001
-0.3 -0.9 -0.2999999
0.3 -0.3000001 -0.2999999
0.3 -0.9000001 -0.2999999
0.3 -0.3000001 -0.8999999
-0.3 -0.3 -0.8999999
0.3 0.3 -0.2999999
-0.3 0.3 -0.2999999
4 0 1 2 3 0.72 0.20 0.97
3 0 1 5 0.72 0.20 0.97
3 2 3 4 0.72 0.20 0.97
4 0 3 4 5 0.72 0.20 0.97
3 1 2 7  0.31 0.85 0.75
3 4 5 6  0.31 0.85 0.75
4 1 5 6 7  0.31 0.85 0.75
3 2 4 9  0.72 0.20 0.97
3 6 7 8  0.72 0.20 0.97
4 2 7 8 9  0.72 0.20 0.97
3 9 4 11  0.31 0.85 0.75
3 6 8 10  0.31 0.85 0.75
4 9 8 10 11  0.31 0.85 0.75
3 10 11 13  0.72 0.20 0.97
3 4 6 12  0.72 0.20 0.97
4 10 6 12 13  0.72 0.20 0.97
3 12 13 15  0.31 0.85 0.75
3 11 4 14  0.31 0.85 0.75
4 12 4 14 15  0.31 0.85 0.75
3 14 15 17  0.72 0.20 0.97
3 13 11 16  0.72 0.20 0.97
4 14 11 16 17  0.72 0.20 0.97
3 17 15 19  0.31 0.85 0.75
3 13 16 18  0.31 0.85 0.75
4 17 16 18 19  0.31 0.85 0.75
3 15 13 21  0.72 0.20 0.97
3 18 19 20  0.72 0.20 0.97
4 15 19 20 21  0.72 0.20 0.97
3 13 18 23  0.31 0.85 0.75
3 20 21 22  0.31 0.85 0.75
4 13 21 22 23  0.31 0.85 0.75
3 18 20 25  0.72 0.20 0.97
3 22 23 24  0.72 0.20 0.97
4 18 23 24 25  0.72 0.20 0.97
3 25 20 27  0.31 0.85 0.75
3 22 24 26  0.31 0.85 0.75
4 25 24 26 27  0.31 0.85 0.75
3 26 27 29  0.72 0.20 0.97
3 20 22 28  0.72 0.20 0.97
4 26 22 28 29  0.72 0.20 0.97
3 27 20 31  0.31 0.85 0.75
3 28 29 30  0.31 0.85 0.75
4 27 29 30 31  0.31 0.85 0.75
3 28 30 33  0.72 0.20 0.97
3 31 20 32  0.72 0.20 0.97
4 28 20 32 33  0.72 0.20 0.97
3 32 33 35  0.31 0.85 0.75
3 30 31 34  0.31 0.85 0.75
4 32 31 34 35  0.31 0.85 0.75
3 35 33 37  0.72 0.20 0.97
3 30 34 36  0.72 0.20 0.97
4 35 34 36 37  0.72 0.20 0.97
3 33 30 39  0.31 0.85 0.75
3 36 37 38  0.31 0.85 0.75
4 33 37 38 39  0.31 0.85 0.75
3 39 30 41  0.72 0.20 0.97
3 36 38 40  0.72 0.20 0.97
4 39 38 40 41  0.72 0.20 0.97
3 40 41 43  0.31 0.85 0.75
3 30 36 42  0.31 0.85 0.75
4 40 36 42 43  0.31 0.85 0.75
3 43 41 45  0.72 0.20 0.97
3 30 42 44  0.72 0.20 0.97
4 43 42 44 45  0.72 0.20 0.97
3 44 45 47  0.31 0.85 0.75
3 41 30 46  0.31 0.85 0.75
4 44 30 46 47  0.31 0.85 0.75
3 45 41 49  0.72 0.20 0.97
3 46 47 48  0.72 0.20 0.97
4 45 47 48 49  0.72 0.20 0.97
3 49 41 51  0.31 0.85 0.75
3 46 48 50  0.31 0.85 0.75
4 49 48 50 51  0.31 0.85 0.75
 
 
 
