OFF
52 73 124
-0.3 -0.3 -0.3
0.3 -0.3 -0.3
0.3 0.3 -0.3
-0.3 0.3 -0.3
0.3 0.3 0.3
0.3 -0.3 0.3
0.9 0.3 -0.3
0.9 -0.3 -0.3
0.9 0.3 -0.9
0.3 0.3 -0.9
0.3 0.9 -0.9
0.9 0.9 -0.9
0.3 0.9 -1.5
0.3 0.3 -1.5
-0.3 0.9 -0.9
-0.3 0.3 -0.9
-0.3 0.9 -0.3000001
0.3 0.9 -0.3000001
0.3 1.5 -0.3000001
-0.3 1.5 -0.3000001
0.3 1.5 0.2999999
0.3 0.9 0.2999999
0.9 1.5 -0.3000001
0.9 0.9 -0.3000001
0.9 1.5 -0.9
0.3 1.5 -0.9
0.3 2.1 -0.3000001
0.3 2.1 -0.9
-0.3 1.5 -0.3000001
-0.3 1.5 -0.9
0.3 0.9000001 -0.9
-0.3 0.9000001 -0.9
0.3 0.9000001 -1.5
0.3 1.5 -1.5
0.9 0.9000001 -0.9
0.9 1.5 -0.9
0.9 0.9000001 -0.3000001
0.3 0.9000001 -0.3000001
0.3 0.3000002 -0.3000001
0.9 0.3000002 -0.3000001
0.3 0.3000002 0.2999999
0.3 0.9000001 0.2999999
-0.3 0.3000002 -0.3000001
-0.3 0.9000001 -0.3000001
-0.3 0.3000002 -0.9
0.3 0.3000002 -0.9
0.3 -0.2999997 -0.9
-0.3 -0.2999997 -0.9
0.3 -0.2999997 -1.5
0.3 0.3000002 -1.5
0.9 -0.2999997 -0.9
0.9 0.3000002 -0.9
4 0 1 2 3 0.72 0.20 0.97
3 0 1 5 0.72 0.20 0.97
3 2 3 4 0.72 0.20 0.97
4 0 3 4 5 0.72 0.20 0.97
3 5 1 7  0.31 0.85 0.75
3 2 4 6  0.31 0.85 0.75
4 5 4 6 7  0.31 0.85 0.75
3 1 2 9  0.72 0.20 0.97
3 6 7 8  0.72 0.20 0.97
4 1 7 8 9  0.72 0.20 0.97
3 6 8 11  0.31 0.85 0.75
3 9 2 10  0.31 0.85 0.75
4 6 2 10 11  0.31 0.85 0.75
3 8 9 13  0.72 0.20 0.97
3 10 11 12  0.72 0.20 0.97
4 8 11 12 13  0.72 0.20 0.97
3 13 9 15  0.31 0.85 0.75
3 10 12 14  0.31 0.85 0.75
4 13 12 14 15  0.31 0.85 0.75
3 9 10 17  0.72 0.20 0.97
3 14 15 16  0.72 0.20 0.97
4 9 15 16 17  0.72 0.20 0.97
3 14 16 19  0.31 0.85 0.75
3 17 10 18  0.31 0.85 0.75
4 14 10 18 19  0.31 0.85 0.75
3 16 17 21  0.72 0.20 0.97
3 18 19 20  0.72 0.20 0.97
4 16 19 20 21  0.72 0.20 0.97
3 21 17 23  0.31 0.85 0.75
3 18 20 22  0.31 0.85 0.75
4 21 20 22 23  0.31 0.85 0.75
3 17 18 25  0.72 0.20 0.97
3 22 23 24  0.72 0.20 0.97
4 17 23 24 25  0.72 0.20 0.97
3 24 25 27  0.31 0.85 0.75
3 18 22 26  0.31 0.85 0.75
4 24 22 26 27  0.31 0.85 0.75
3 27 25 29  0.72 0.20 0.97
3 18 26 28  0.72 0.20 0.97
4 27 26 28 29  0.72 0.20 0.97
3 28 29 31  0.31 0.85 0.75
3 25 18 30  0.31 0.85 0.75
4 28 18 30 31  0.31 0.85 0.75
3 29 25 33  0.72 0.20 0.97
3 30 31 32  0.72 0.20 0.97
4 29 31 32 33  0.72 0.20 0.97
3 33 25 35  0.31 0.85 0.75
3 30 32 34  0.31 0.85 0.75
4 33 32 34 35  0.31 0.85 0.75
3 25 30 37  0.72 0.20 0.97
3 34 35 36  0.72 0.20 0.97
4 25 35 36 37  0.72 0.20 0.97
3 34 36 39  0.31 0.85 0.75
3 37 30 38  0.31 0.85 0.75
4 34 30 38 39  0.31 0.85 0.75
3 36 37 41  0.72 0.20 0.97
3 38 39 40  0.72 0.20 0.97
4 36 39 40 41  0.72 0.20 0.97
3 41 37 43  0.31 0.85 0.75
3 38 40 42  0.31 0.85 0.75
4 41 40 42 43  0.31 0.85 0.75
3 37 38 45  0.72 0.20 0.97
3 42 43 44  0.72 0.20 0.97
4 37 43 44 45  0.72 0.20 0.97
3 42 44 47  0.31 0.85 0.75
3 45 38 46  0.31 0.85 0.75
4 42 38 46 47  0.31 0.85 0.75
3 44 45 49  0.72 0.20 0.97
3 46 47 48  0.72 0.20 0.97
4 44 47 48 49  0.72 0.20 0.97
3 49 45 51  0.31 0.85 0.75
3 46 48 50  0.31 0.85 0.75
4 49 48 50 51  0.31 0.85 0.75
 
 
 
