OFF
52 73 124
-0.3 -0.3 -0.3
0.3 -0.3 -0.3
0.3 0.3 -0.3
-0.3 0.3 -0.3
0.3 0.3 0.3
0.3 -0.3 0.3
0.9 -0.3 -0.3
0.9 -0.3 0.3
0.3 -0.9 -0.3
0.3 -0.9 0.3
-0.3 -0.3 0.3
-0.3 -0.9 0.3
0.3 -0.3 0.9
0.3 -0.9 0.9
0.9 -0.9 0.3
0.9 -0.9 0.9
0.3 -1.5 0.3
0.3 -1.5 0.9
-0.3 -1.5 0.3
-0.3 -0.9 0.3
0.3 -1.5 -0.3
0.3 -0.9 -0.3
0.9 -1.5 -0.3
0.9 -1.5 0.3
0.3 -2.1 -0.3
0.3 -2.1 0.3
-0.3 -2.1 -0.3
-0.3 -1.5 -0.3
0.3 -2.1 -0.9
0.3 -1.5 -0.9
0.9 -1.5 -0.3
0.9 -1.5 -0.9
0.3 -0.9 -0.3
0.3 -0.9 -0.9
-0.3 -1.5 -0.9
-0.3 -0.9 -0.9
0.3 -1.5 -1.5
0.3 -0.9 -1.5
0.9 -0.9 -0.9
0.9 -0.9 -1.5
0.3 -0.3 -0.9
0.3 -0.3 -1.5
-0.3 -0.3 -0.9
-0.3 -0.9 -0.9
0.3 -0.3 -0.3
0.3 -0.9 -0.3
0.9 -0.3 -0.3
0.9 -0.3 -0.9
0.3 0.3 -0.3
0.3 0.3 -0.9
-0.3 0.3 -0.3
-0.3 -0.3 -0.3
4 0 1 2 3  0.72 0.20 0.97
3 0 1 5  0.72 0.20 0.97
3 2 3 4  0.72 0.20 0.97
4 0 3 4 5  0.72 0.20 0.97
3 4 5 7  0.31 0.85 0.75
3 1 2 6   0.31 0.85 0.75
4 4 2 6 7  0.31 0.85 0.75
3 7 5 9  0.72 0.20 0.97
3 1 6 8  0.72 0.20 0.97
4 7 6 8 9  0.72 0.20 0.97
3 8 9 11  0.31 0.85 0.75
3 5 1 10   0.31 0.85 0.75
4 8 1 10 11  0.31 0.85 0.75
3 11 9 13  0.72 0.20 0.97
3 5 10 12  0.72 0.20 0.97
4 11 10 12 13  0.72 0.20 0.97
3 12 13 15  0.31 0.85 0.75
3 9 5 14   0.31 0.85 0.75
4 12 5 14 15  0.31 0.85 0.75
3 15 13 17  0.72 0.20 0.97
3 9 14 16  0.72 0.20 0.97
4 15 14 16 17  0.72 0.20 0.97
3 13 9 19  0.31 0.85 0.75
3 16 17 18   0.31 0.85 0.75
4 13 17 18 19  0.31 0.85 0.75
3 19 9 21  0.72 0.20 0.97
3 16 18 20  0.72 0.20 0.97
4 19 18 20 21  0.72 0.20 0.97
3 9 16 23  0.31 0.85 0.75
3 20 21 22   0.31 0.85 0.75
4 9 21 22 23  0.31 0.85 0.75
3 23 16 25  0.72 0.20 0.97
3 20 22 24  0.72 0.20 0.97
4 23 22 24 25  0.72 0.20 0.97
3 16 20 27  0.31 0.85 0.75
3 24 25 26   0.31 0.85 0.75
4 16 25 26 27  0.31 0.85 0.75
3 27 20 29  0.72 0.20 0.97
3 24 26 28  0.72 0.20 0.97
4 27 26 28 29  0.72 0.20 0.97
3 28 29 31  0.31 0.85 0.75
3 20 24 30   0.31 0.85 0.75
4 28 24 30 31  0.31 0.85 0.75
3 31 29 33  0.72 0.20 0.97
3 20 30 32  0.72 0.20 0.97
4 31 30 32 33  0.72 0.20 0.97
3 32 33 35  0.31 0.85 0.75
3 29 20 34   0.31 0.85 0.75
4 32 20 34 35  0.31 0.85 0.75
3 35 33 37  0.72 0.20 0.97
3 29 34 36  0.72 0.20 0.97
4 35 34 36 37  0.72 0.20 0.97
3 36 37 39  0.31 0.85 0.75
3 33 29 38   0.31 0.85 0.75
4 36 29 38 39  0.31 0.85 0.75
3 39 37 41  0.72 0.20 0.97
3 33 38 40  0.72 0.20 0.97
4 39 38 40 41  0.72 0.20 0.97
3 37 33 43  0.31 0.85 0.75
3 40 41 42   0.31 0.85 0.75
4 37 41 42 43  0.31 0.85 0.75
3 43 33 45  0.72 0.20 0.97
3 40 42 44  0.72 0.20 0.97
4 43 42 44 45  0.72 0.20 0.97
3 33 40 47  0.31 0.85 0.75
3 44 45 46   0.31 0.85 0.75
4 33 45 46 47  0.31 0.85 0.75
3 47 40 49  0.72 0.20 0.97
3 44 46 48  0.72 0.20 0.97
4 47 46 48 49  0.72 0.20 0.97
3 40 44 51  0.31 0.85 0.75
3 48 49 50   0.31 0.85 0.75
4 40 49 50 51  0.31 0.85 0.75



