OFF
52 73 124
-0.3 -0.3 -0.3
0.3 -0.3 -0.3
0.3 0.3 -0.3
-0.3 0.3 -0.3
0.3 0.3 0.3
0.3 -0.3 0.3
0.9 -0.3 -0.3
0.9 -0.3 0.3
0.3 -0.9 0.3
0.9 -0.9 0.3
0.9 -0.3 0.9
0.9 -0.9 0.9
1.5 -0.3 0.9
1.5 -0.3 0.3
1.5 0.3 0.9
0.9 0.3 0.9
0.9 -0.3 1.5
0.9 0.3 1.5
0.3 0.3 0.9
0.3 0.3 1.5
0.3 0.9 0.9
0.9 0.9 0.9
0.3 0.9 0.3
0.3 0.3 0.3
-0.3 0.3 0.9
-0.3 0.3 0.3
0.3 -0.3 0.3
-0.3 -0.3 0.3
-0.3 0.3 -0.3
-0.3 -0.3 -0.3
-0.9 -0.3 0.3
-0.9 -0.3 -0.3
-0.3 -0.9 -0.3
-0.9 -0.9 -0.3
-0.9 -0.3 -0.9
-0.9 -0.9 -0.9
-1.5 -0.3 -0.9
-1.5 -0.3 -0.3
-1.5 0.3 -0.9
-0.9 0.3 -0.9
-0.9 -0.3 -1.5
-0.9 0.3 -1.5
-0.3 0.3 -0.9
-0.3 0.3 -1.5
-0.3 0.9 -0.9
-0.9 0.9 -0.9
-0.3 0.9 -0.3
-0.3 0.3 -0.3
0.3 0.3 -0.9
0.3 0.3 -0.3
-0.3 -0.3 -0.3
0.3 -0.3 -0.3
4 0 1 2 3  0.72 0.20 0.97
3 0 1 5  0.72 0.20 0.97
3 2 3 4  0.72 0.20 0.97
4 0 3 4 5  0.72 0.20 0.97
3 4 5 7  0.31 0.85 0.75
3 1 2 6   0.31 0.85 0.75
4 4 2 6 7  0.31 0.85 0.75
3 6 7 9  0.72 0.20 0.97
3 5 1 8  0.72 0.20 0.97
4 6 1 8 9  0.72 0.20 0.97
3 8 9 11  0.31 0.85 0.75
3 7 5 10   0.31 0.85 0.75
4 8 5 10 11  0.31 0.85 0.75
3 9 7 13  0.72 0.20 0.97
3 10 11 12  0.72 0.20 0.97
4 9 11 12 13  0.72 0.20 0.97
3 7 10 15  0.31 0.85 0.75
3 12 13 14   0.31 0.85 0.75
4 7 13 14 15  0.31 0.85 0.75
3 14 15 17  0.72 0.20 0.97
3 10 12 16  0.72 0.20 0.97
4 14 12 16 17  0.72 0.20 0.97
3 16 17 19  0.31 0.85 0.75
3 15 10 18   0.31 0.85 0.75
4 16 10 18 19  0.31 0.85 0.75
3 17 15 21  0.72 0.20 0.97
3 18 19 20  0.72 0.20 0.97
4 17 19 20 21  0.72 0.20 0.97
3 15 18 23  0.31 0.85 0.75
3 20 21 22   0.31 0.85 0.75
4 15 21 22 23  0.31 0.85 0.75
3 22 23 25  0.72 0.20 0.97
3 18 20 24  0.72 0.20 0.97
4 22 20 24 25  0.72 0.20 0.97
3 24 25 27  0.31 0.85 0.75
3 23 18 26   0.31 0.85 0.75
4 24 18 26 27  0.31 0.85 0.75
3 26 27 29  0.72 0.20 0.97
3 25 23 28  0.72 0.20 0.97
4 26 23 28 29  0.72 0.20 0.97
3 28 29 31  0.31 0.85 0.75
3 27 25 30   0.31 0.85 0.75
4 28 25 30 31  0.31 0.85 0.75
3 30 31 33  0.72 0.20 0.97
3 29 27 32  0.72 0.20 0.97
4 30 27 32 33  0.72 0.20 0.97
3 32 33 35  0.31 0.85 0.75
3 31 29 34   0.31 0.85 0.75
4 32 29 34 35  0.31 0.85 0.75
3 33 31 37  0.72 0.20 0.97
3 34 35 36  0.72 0.20 0.97
4 33 35 36 37  0.72 0.20 0.97
3 31 34 39  0.31 0.85 0.75
3 36 37 38   0.31 0.85 0.75
4 31 37 38 39  0.31 0.85 0.75
3 38 39 41  0.72 0.20 0.97
3 34 36 40  0.72 0.20 0.97
4 38 36 40 41  0.72 0.20 0.97
3 40 41 43  0.31 0.85 0.75
3 39 34 42   0.31 0.85 0.75
4 40 34 42 43  0.31 0.85 0.75
3 41 39 45  0.72 0.20 0.97
3 42 43 44  0.72 0.20 0.97
4 41 43 44 45  0.72 0.20 0.97
3 39 42 47  0.31 0.85 0.75
3 44 45 46   0.31 0.85 0.75
4 39 45 46 47  0.31 0.85 0.75
3 46 47 49  0.72 0.20 0.97
3 42 44 48  0.72 0.20 0.97
4 46 44 48 49  0.72 0.20 0.97
3 48 49 51  0.31 0.85 0.75
3 47 42 50   0.31 0.85 0.75
4 48 42 50 51  0.31 0.85 0.75



