OFF
52 73 124
-0.3 -0.3 -0.3
0.3 -0.3 -0.3
0.3 0.3 -0.3
-0.3 0.3 -0.3
0.3 0.3 0.3
0.3 -0.3 0.3
0.9 0.3 0.3
0.9 0.3 -0.3
0.9 0.9 0.3
0.3 0.9 0.3
0.9 0.9 0.9
0.9 0.3 0.9
1.5 0.9 0.9
1.5 0.9 0.3
1.5 1.5 0.9
0.9 1.5 0.9
0.9 0.9 1.5
0.9 1.5 1.5
0.3000001 1.5 0.9
0.3000001 1.5 1.5
0.3 2.1 0.9
0.9 2.1 0.9
0.9 1.5 0.3000001
0.9 2.1 0.3000001
1.5 1.5 0.3000001
1.5 1.5 0.9
1.5 0.9000001 0.3000001
0.9 0.9000001 0.3000001
0.9 1.5 -0.2999999
0.9 0.9000001 -0.2999999
0.3000001 0.9000001 0.3000001
0.3000001 0.9000001 -0.2999999
0.9 0.3000002 -0.2999999
0.3 0.3000002 -0.2999999
0.3000001 0.9000001 -0.8999999
0.3 0.3000002 -0.8999999
-0.3 0.3000002 -0.2999999
-0.3 0.3000002 -0.8999999
0.3 -0.2999997 -0.8999999
-0.3000001 -0.2999997 -0.8999999
0.3 -0.2999997 -1.5
0.3 0.3000002 -1.5
0.9 -0.2999997 -1.5
0.9 -0.2999997 -0.8999999
0.2999999 -0.8999996 -0.8999999
0.8999999 -0.8999996 -0.8999999
0.2999999 -0.8999996 -0.3
0.3 -0.2999997 -0.3
-0.3000001 -0.2999997 -0.8999999
-0.3000001 -0.2999997 -0.3
0.3 0.3000002 -0.3
-0.3 0.3000002 -0.3
4 0 1 2 3 0.72 0.20 0.97
3 0 1 5 0.72 0.20 0.97
3 2 3 4 0.72 0.20 0.97
4 0 3 4 5 0.72 0.20 0.97
3 1 2 7  0.31 0.85 0.75
3 4 5 6  0.31 0.85 0.75
4 1 5 6 7  0.31 0.85 0.75
3 2 4 9  0.72 0.20 0.97
3 6 7 8  0.72 0.20 0.97
4 2 7 8 9  0.72 0.20 0.97
3 4 6 11  0.31 0.85 0.75
3 8 9 10  0.31 0.85 0.75
4 4 9 10 11  0.31 0.85 0.75
3 6 8 13  0.72 0.20 0.97
3 10 11 12  0.72 0.20 0.97
4 6 11 12 13  0.72 0.20 0.97
3 8 10 15  0.31 0.85 0.75
3 12 13 14  0.31 0.85 0.75
4 8 13 14 15  0.31 0.85 0.75
3 14 15 17  0.72 0.20 0.97
3 10 12 16  0.72 0.20 0.97
4 14 12 16 17  0.72 0.20 0.97
3 16 17 19  0.31 0.85 0.75
3 15 10 18  0.31 0.85 0.75
4 16 10 18 19  0.31 0.85 0.75
3 17 15 21  0.72 0.20 0.97
3 18 19 20  0.72 0.20 0.97
4 17 19 20 21  0.72 0.20 0.97
3 20 21 23  0.31 0.85 0.75
3 15 18 22  0.31 0.85 0.75
4 20 18 22 23  0.31 0.85 0.75
3 21 15 25  0.72 0.20 0.97
3 22 23 24  0.72 0.20 0.97
4 21 23 24 25  0.72 0.20 0.97
3 15 22 27  0.31 0.85 0.75
3 24 25 26  0.31 0.85 0.75
4 15 25 26 27  0.31 0.85 0.75
3 26 27 29  0.72 0.20 0.97
3 22 24 28  0.72 0.20 0.97
4 26 24 28 29  0.72 0.20 0.97
3 28 29 31  0.31 0.85 0.75
3 27 22 30  0.31 0.85 0.75
4 28 22 30 31  0.31 0.85 0.75
3 30 31 33  0.72 0.20 0.97
3 29 27 32  0.72 0.20 0.97
4 30 27 32 33  0.72 0.20 0.97
3 32 33 35  0.31 0.85 0.75
3 31 29 34  0.31 0.85 0.75
4 32 29 34 35  0.31 0.85 0.75
3 34 35 37  0.72 0.20 0.97
3 33 31 36  0.72 0.20 0.97
4 34 31 36 37  0.72 0.20 0.97
3 36 37 39  0.31 0.85 0.75
3 35 33 38  0.31 0.85 0.75
4 36 33 38 39  0.31 0.85 0.75
3 37 35 41  0.72 0.20 0.97
3 38 39 40  0.72 0.20 0.97
4 37 39 40 41  0.72 0.20 0.97
3 35 38 43  0.31 0.85 0.75
3 40 41 42  0.31 0.85 0.75
4 35 41 42 43  0.31 0.85 0.75
3 42 43 45  0.72 0.20 0.97
3 38 40 44  0.72 0.20 0.97
4 42 40 44 45  0.72 0.20 0.97
3 43 38 47  0.31 0.85 0.75
3 44 45 46  0.31 0.85 0.75
4 43 45 46 47  0.31 0.85 0.75
3 46 47 49  0.72 0.20 0.97
3 38 44 48  0.72 0.20 0.97
4 46 44 48 49  0.72 0.20 0.97
3 48 49 51  0.31 0.85 0.75
3 47 38 50  0.31 0.85 0.75
4 48 38 50 51  0.31 0.85 0.75
 
 
 
