OFF
52 73 124
-0.3 -0.3 -0.3
0.3 -0.3 -0.3
0.3 0.3 -0.3
-0.3 0.3 -0.3
0.3 0.3 0.3
0.3 -0.3 0.3
0.9 0.3 0.3
0.9 0.3 -0.3
0.3 0.9 -0.3
0.9 0.9 -0.3
0.9 0.9 -0.9
0.3 0.9 -0.9
0.9 1.5 -0.9
0.9 1.5 -0.3
1.5 0.9 -0.9
1.5 0.9 -0.3
1.5 0.3000001 -0.9
0.9 0.3000001 -0.9
0.9 0.9 -1.5
0.9 0.3 -1.5
0.3000001 0.9 -0.9
0.3000001 0.3000001 -0.9
0.9 0.3000001 -0.3000001
0.3 0.3000001 -0.3000001
0.3000001 -0.2999999 -0.9
0.3 -0.2999998 -0.3000001
-0.2999999 -0.2999999 -0.9
-0.2999999 0.3000001 -0.9
0.3000001 0.3 -1.5
-0.2999998 0.3 -1.5
0.3000001 0.9 -1.5
0.3000001 0.9 -0.9
0.9000001 0.9 -1.5
0.9000001 0.3 -1.5
0.3000002 0.8999999 -2.1
0.3000002 0.3 -2.1
-0.2999998 0.8999999 -2.1
-0.2999998 0.8999999 -1.5
0.3000001 1.5 -1.5
-0.2999998 1.5 -1.5
0.3000001 0.9 -0.9000001
-0.2999999 0.8999999 -0.9000001
-0.2999998 0.2999998 -1.5
-0.2999999 0.2999998 -0.9000001
-0.8999999 0.2999998 -0.9000001
-0.8999998 0.2999998 -1.5
-0.8999999 -0.3000003 -0.9000001
-0.2999999 -0.3000003 -0.9000001
-0.3 0.2999998 -0.3000002
-0.3 -0.3000003 -0.3000002
0.3000001 -0.3000002 -0.3000002
0.3000001 0.2999999 -0.3000002
4 0 1 2 3 0.72 0.20 0.97
3 0 1 5 0.72 0.20 0.97
3 2 3 4 0.72 0.20 0.97
4 0 3 4 5 0.72 0.20 0.97
3 1 2 7  0.31 0.85 0.75
3 4 5 6  0.31 0.85 0.75
4 1 5 6 7  0.31 0.85 0.75
3 6 7 9  0.72 0.20 0.97
3 2 4 8  0.72 0.20 0.97
4 6 4 8 9  0.72 0.20 0.97
3 2 8 11  0.31 0.85 0.75
3 9 7 10  0.31 0.85 0.75
4 2 7 10 11  0.31 0.85 0.75
3 8 9 13  0.72 0.20 0.97
3 10 11 12  0.72 0.20 0.97
4 8 11 12 13  0.72 0.20 0.97
3 13 9 15  0.31 0.85 0.75
3 10 12 14  0.31 0.85 0.75
4 13 12 14 15  0.31 0.85 0.75
3 9 10 17  0.72 0.20 0.97
3 14 15 16  0.72 0.20 0.97
4 9 15 16 17  0.72 0.20 0.97
3 16 17 19  0.31 0.85 0.75
3 10 14 18  0.31 0.85 0.75
4 16 14 18 19  0.31 0.85 0.75
3 19 17 21  0.72 0.20 0.97
3 10 18 20  0.72 0.20 0.97
4 19 18 20 21  0.72 0.20 0.97
3 20 21 23  0.31 0.85 0.75
3 17 10 22  0.31 0.85 0.75
4 20 10 22 23  0.31 0.85 0.75
3 22 23 25  0.72 0.20 0.97
3 21 17 24  0.72 0.20 0.97
4 22 17 24 25  0.72 0.20 0.97
3 23 21 27  0.31 0.85 0.75
3 24 25 26  0.31 0.85 0.75
4 23 25 26 27  0.31 0.85 0.75
3 26 27 29  0.72 0.20 0.97
3 21 24 28  0.72 0.20 0.97
4 26 24 28 29  0.72 0.20 0.97
3 27 21 31  0.31 0.85 0.75
3 28 29 30  0.31 0.85 0.75
4 27 29 30 31  0.31 0.85 0.75
3 21 28 33  0.72 0.20 0.97
3 30 31 32  0.72 0.20 0.97
4 21 31 32 33  0.72 0.20 0.97
3 33 28 35  0.31 0.85 0.75
3 30 32 34  0.31 0.85 0.75
4 33 32 34 35  0.31 0.85 0.75
3 28 30 37  0.72 0.20 0.97
3 34 35 36  0.72 0.20 0.97
4 28 35 36 37  0.72 0.20 0.97
3 36 37 39  0.31 0.85 0.75
3 30 34 38  0.31 0.85 0.75
4 36 34 38 39  0.31 0.85 0.75
3 39 37 41  0.72 0.20 0.97
3 30 38 40  0.72 0.20 0.97
4 39 38 40 41  0.72 0.20 0.97
3 40 41 43  0.31 0.85 0.75
3 37 30 42  0.31 0.85 0.75
4 40 30 42 43  0.31 0.85 0.75
3 37 42 45  0.72 0.20 0.97
3 43 41 44  0.72 0.20 0.97
4 37 41 44 45  0.72 0.20 0.97
3 42 43 47  0.31 0.85 0.75
3 44 45 46  0.31 0.85 0.75
4 42 45 46 47  0.31 0.85 0.75
3 46 47 49  0.72 0.20 0.97
3 43 44 48  0.72 0.20 0.97
4 46 44 48 49  0.72 0.20 0.97
3 43 48 51  0.31 0.85 0.75
3 49 47 50  0.31 0.85 0.75
4 43 47 50 51  0.31 0.85 0.75
 
 
 
