OFF
52 73 124
-0.3 -0.3 -0.3
0.3 -0.3 -0.3
0.3 0.3 -0.3
-0.3 0.3 -0.3
0.3 0.3 0.3
0.3 -0.3 0.3
0.9 0.3 0.3
0.9 0.3 -0.3
0.9 0.9 0.3
0.3 0.9 0.3
0.3 0.3 0.9
0.3 0.9 0.9
-0.3 0.3 0.3
-0.3 0.9 0.3
0.3 0.9 -0.3
-0.3 0.9 -0.3
0.3 1.5 0.3
-0.3 1.5 0.3
0.3 1.5 0.9
0.3 0.9 0.9
0.9 1.5 0.3
0.9 0.9 0.3
0.9 1.5 -0.3
0.3 1.5 -0.3
0.3 2.1 0.3
0.3 2.1 -0.3
-0.3 1.5 -0.3
-0.3 2.1 -0.3
0.3 1.5 -0.9
0.3 2.1 -0.9
0.9 1.5 -0.9
0.9 1.5 -0.3
0.9 0.9 -0.9
0.3 0.9 -0.9
0.3 1.5 -1.5
0.3 0.9 -1.5
-0.3 1.5 -0.9
-0.3 0.9 -0.9
0.3 0.9 -0.3
-0.3 0.9 -0.3
0.3 0.3 -0.9
-0.3 0.3 -0.9
0.3 0.3 -1.5
0.3 0.9 -1.5
0.9 0.3 -0.9
0.9 0.9 -0.9
0.9 0.3 -0.3
0.3 0.3 -0.3
0.3 -0.3 -0.9
0.3 -0.3 -0.3
-0.3 0.3 -0.3
-0.3 -0.3 -0.3
4 0 1 2 3  0.72 0.20 0.97
3 0 1 5  0.72 0.20 0.97
3 2 3 4  0.72 0.20 0.97
4 0 3 4 5  0.72 0.20 0.97
3 1 2 7  0.31 0.85 0.75
3 4 5 6   0.31 0.85 0.75
4 1 5 6 7  0.31 0.85 0.75
3 2 4 9  0.72 0.20 0.97
3 6 7 8  0.72 0.20 0.97
4 2 7 8 9  0.72 0.20 0.97
3 8 9 11  0.31 0.85 0.75
3 4 6 10   0.31 0.85 0.75
4 8 6 10 11  0.31 0.85 0.75
3 11 9 13  0.72 0.20 0.97
3 4 10 12  0.72 0.20 0.97
4 11 10 12 13  0.72 0.20 0.97
3 12 13 15  0.31 0.85 0.75
3 9 4 14   0.31 0.85 0.75
4 12 4 14 15  0.31 0.85 0.75
3 15 13 17  0.72 0.20 0.97
3 9 14 16  0.72 0.20 0.97
4 15 14 16 17  0.72 0.20 0.97
3 13 9 19  0.31 0.85 0.75
3 16 17 18   0.31 0.85 0.75
4 13 17 18 19  0.31 0.85 0.75
3 19 9 21  0.72 0.20 0.97
3 16 18 20  0.72 0.20 0.97
4 19 18 20 21  0.72 0.20 0.97
3 9 16 23  0.31 0.85 0.75
3 20 21 22   0.31 0.85 0.75
4 9 21 22 23  0.31 0.85 0.75
3 22 23 25  0.72 0.20 0.97
3 16 20 24  0.72 0.20 0.97
4 22 20 24 25  0.72 0.20 0.97
3 24 25 27  0.31 0.85 0.75
3 23 16 26   0.31 0.85 0.75
4 24 16 26 27  0.31 0.85 0.75
3 27 25 29  0.72 0.20 0.97
3 23 26 28  0.72 0.20 0.97
4 27 26 28 29  0.72 0.20 0.97
3 25 23 31  0.31 0.85 0.75
3 28 29 30   0.31 0.85 0.75
4 25 29 30 31  0.31 0.85 0.75
3 23 28 33  0.72 0.20 0.97
3 30 31 32  0.72 0.20 0.97
4 23 31 32 33  0.72 0.20 0.97
3 32 33 35  0.31 0.85 0.75
3 28 30 34   0.31 0.85 0.75
4 32 30 34 35  0.31 0.85 0.75
3 35 33 37  0.72 0.20 0.97
3 28 34 36  0.72 0.20 0.97
4 35 34 36 37  0.72 0.20 0.97
3 36 37 39  0.31 0.85 0.75
3 33 28 38   0.31 0.85 0.75
4 36 28 38 39  0.31 0.85 0.75
3 39 37 41  0.72 0.20 0.97
3 33 38 40  0.72 0.20 0.97
4 39 38 40 41  0.72 0.20 0.97
3 37 33 43  0.31 0.85 0.75
3 40 41 42   0.31 0.85 0.75
4 37 41 42 43  0.31 0.85 0.75
3 43 33 45  0.72 0.20 0.97
3 40 42 44  0.72 0.20 0.97
4 43 42 44 45  0.72 0.20 0.97
3 33 40 47  0.31 0.85 0.75
3 44 45 46   0.31 0.85 0.75
4 33 45 46 47  0.31 0.85 0.75
3 46 47 49  0.72 0.20 0.97
3 40 44 48  0.72 0.20 0.97
4 46 44 48 49  0.72 0.20 0.97
3 48 49 51  0.31 0.85 0.75
3 47 40 50   0.31 0.85 0.75
4 48 40 50 51  0.31 0.85 0.75



