OFF
52 73 124
-0.3 -0.3 -0.3
0.3 -0.3 -0.3
0.3 0.3 -0.3
-0.3 0.3 -0.3
0.3 0.3 0.3
0.3 -0.3 0.3
0.9 -0.3 -0.3
0.9 -0.3 0.3
0.3 -0.9 0.3
0.9 -0.9 0.3
0.3 -0.3 0.9
0.9 -0.3 0.9
0.9 0.3 0.3
0.9 0.3 0.9
1.5 0.3 0.9
1.5 0.3 0.3
0.9 0.9 0.3
1.5 0.9 0.3
0.9 0.9 -0.3
0.9 0.3 -0.3
0.3 0.3 0.3
0.3 0.3 -0.3
0.9 -0.3 0.3
0.9 -0.3 -0.3
1.5 0.3 -0.3
1.5 -0.3 -0.3
0.9 -0.3 -0.9
1.5 -0.3 -0.9
0.9 -0.9 -0.9
0.9 -0.9 -0.3
0.3 -0.9 -0.9
0.3 -0.3 -0.9
0.9 -0.9 -1.5
0.9 -0.3 -1.5
1.5 -0.9 -1.5
1.5 -0.9 -0.9
0.9 -1.5 -0.9
1.5 -1.5 -0.9
0.9 -1.5 -0.3
0.9 -0.9 -0.3
0.3 -0.9 -0.3
0.3 -1.5 -0.3
0.3 -0.9 0.3
0.9 -0.9 0.3
0.3 -0.3 -0.3
0.9 -0.3 -0.3
0.3 -0.3 -0.9
0.3 -0.9 -0.9
-0.3 -0.3 -0.9
-0.3 -0.3 -0.3
0.3 0.3 -0.3
-0.3 0.3 -0.3
4 0 1 2 3  0.72 0.20 0.97
3 0 1 5  0.72 0.20 0.97
3 2 3 4  0.72 0.20 0.97
4 0 3 4 5  0.72 0.20 0.97
3 4 5 7  0.31 0.85 0.75
3 1 2 6   0.31 0.85 0.75
4 4 2 6 7  0.31 0.85 0.75
3 6 7 9  0.72 0.20 0.97
3 5 1 8  0.72 0.20 0.97
4 6 1 8 9  0.72 0.20 0.97
3 9 7 11  0.31 0.85 0.75
3 5 8 10   0.31 0.85 0.75
4 9 8 10 11  0.31 0.85 0.75
3 10 11 13  0.72 0.20 0.97
3 7 5 12  0.72 0.20 0.97
4 10 5 12 13  0.72 0.20 0.97
3 7 12 15  0.31 0.85 0.75
3 13 11 14   0.31 0.85 0.75
4 7 11 14 15  0.31 0.85 0.75
3 14 15 17  0.72 0.20 0.97
3 12 13 16  0.72 0.20 0.97
4 14 13 16 17  0.72 0.20 0.97
3 15 12 19  0.31 0.85 0.75
3 16 17 18   0.31 0.85 0.75
4 15 17 18 19  0.31 0.85 0.75
3 18 19 21  0.72 0.20 0.97
3 12 16 20  0.72 0.20 0.97
4 18 16 20 21  0.72 0.20 0.97
3 21 19 23  0.31 0.85 0.75
3 12 20 22   0.31 0.85 0.75
4 21 20 22 23  0.31 0.85 0.75
3 22 23 25  0.72 0.20 0.97
3 19 12 24  0.72 0.20 0.97
4 22 12 24 25  0.72 0.20 0.97
3 24 25 27  0.31 0.85 0.75
3 23 19 26   0.31 0.85 0.75
4 24 19 26 27  0.31 0.85 0.75
3 25 23 29  0.72 0.20 0.97
3 26 27 28  0.72 0.20 0.97
4 25 27 28 29  0.72 0.20 0.97
3 23 26 31  0.31 0.85 0.75
3 28 29 30   0.31 0.85 0.75
4 23 29 30 31  0.31 0.85 0.75
3 31 26 33  0.72 0.20 0.97
3 28 30 32  0.72 0.20 0.97
4 31 30 32 33  0.72 0.20 0.97
3 26 28 35  0.31 0.85 0.75
3 32 33 34   0.31 0.85 0.75
4 26 33 34 35  0.31 0.85 0.75
3 34 35 37  0.72 0.20 0.97
3 28 32 36  0.72 0.20 0.97
4 34 32 36 37  0.72 0.20 0.97
3 35 28 39  0.31 0.85 0.75
3 36 37 38   0.31 0.85 0.75
4 35 37 38 39  0.31 0.85 0.75
3 36 38 41  0.72 0.20 0.97
3 39 28 40  0.72 0.20 0.97
4 36 28 40 41  0.72 0.20 0.97
3 38 39 43  0.31 0.85 0.75
3 40 41 42   0.31 0.85 0.75
4 38 41 42 43  0.31 0.85 0.75
3 43 39 45  0.72 0.20 0.97
3 40 42 44  0.72 0.20 0.97
4 43 42 44 45  0.72 0.20 0.97
3 39 40 47  0.31 0.85 0.75
3 44 45 46   0.31 0.85 0.75
4 39 45 46 47  0.31 0.85 0.75
3 40 44 49  0.72 0.20 0.97
3 46 47 48  0.72 0.20 0.97
4 40 47 48 49  0.72 0.20 0.97
3 48 49 51  0.31 0.85 0.75
3 44 46 50   0.31 0.85 0.75
4 48 46 50 51  0.31 0.85 0.75



