OFF
52 73 124
-0.4 -0.4 -0.4
0.4 -0.4 -0.4
0.4 0.4 -0.4
-0.4 0.4 -0.4
0.4 0.4 0.4
0.4 -0.4 0.4
1.2 0.4 -0.4
1.2 -0.4 -0.4
0.4 0.4 -1.2
0.4 -0.4 -1.2
-0.4 -0.4 -1.2
-0.4 0.4 -1.2
0.4 0.4 -2
-0.4 0.4 -2
-0.4 1.2 -1.2
-0.4 1.2 -2
-1.2 0.4 -1.2
-1.2 0.4 -2
-1.2 -0.4 -1.2
-0.4 -0.4 -1.2
-0.4 -0.4 -0.4000001
-1.2 -0.4 -0.4000001
-0.4 -1.2 -1.2
-1.2 -1.2 -1.2
-0.4 -1.2 -2
-0.4 -0.4 -2
0.4 -0.4 -1.2
0.4 -0.4 -2
-0.4 0.4 -2
0.4 0.4 -2
0.4 -0.4 -2.8
0.4 0.4 -2.8
1.2 -0.4 -2.8
1.2 -0.4 -2
0.4 -1.2 -2.8
0.4 -1.2 -2
-0.4000001 -1.2 -2
-0.4000001 -1.2 -2.8
-0.4000001 -2 -2
0.4 -2 -2
-0.4000001 -1.2 -1.2
0.4 -1.2 -1.2
0.4 -0.4000001 -2
0.4 -0.4000001 -1.2
1.2 -1.2 -1.2
1.2 -0.4000001 -1.2
1.2 -0.4000001 -0.4000001
1.2 -1.2 -0.4000001
2 -0.4000001 -1.2
2 -1.2 -1.2
1.2 -0.4000001 -2
1.2 -1.2 -2
4 0 1 2 3 0.72 0.20 0.97
3 0 1 5 0.72 0.20 0.97
3 2 3 4 0.72 0.20 0.97
4 0 3 4 5 0.72 0.20 0.97
3 5 1 7  0.31 0.85 0.75
3 2 4 6  0.31 0.85 0.75
4 5 4 6 7  0.31 0.85 0.75
3 7 1 9  0.72 0.20 0.97
3 2 6 8  0.72 0.20 0.97
4 7 6 8 9  0.72 0.20 0.97
3 2 8 11  0.31 0.85 0.75
3 9 1 10  0.31 0.85 0.75
4 2 1 10 11  0.31 0.85 0.75
3 10 11 13  0.72 0.20 0.97
3 8 9 12  0.72 0.20 0.97
4 10 9 12 13  0.72 0.20 0.97
3 12 13 15  0.31 0.85 0.75
3 11 8 14  0.31 0.85 0.75
4 12 8 14 15  0.31 0.85 0.75
3 15 13 17  0.72 0.20 0.97
3 11 14 16  0.72 0.20 0.97
4 15 14 16 17  0.72 0.20 0.97
3 13 11 19  0.31 0.85 0.75
3 16 17 18  0.31 0.85 0.75
4 13 17 18 19  0.31 0.85 0.75
3 16 18 21  0.72 0.20 0.97
3 19 11 20  0.72 0.20 0.97
4 16 11 20 21  0.72 0.20 0.97
3 21 18 23  0.31 0.85 0.75
3 19 20 22  0.31 0.85 0.75
4 21 20 22 23  0.31 0.85 0.75
3 18 19 25  0.72 0.20 0.97
3 22 23 24  0.72 0.20 0.97
4 18 23 24 25  0.72 0.20 0.97
3 24 25 27  0.31 0.85 0.75
3 19 22 26  0.31 0.85 0.75
4 24 22 26 27  0.31 0.85 0.75
3 26 27 29  0.72 0.20 0.97
3 25 19 28  0.72 0.20 0.97
4 26 19 28 29  0.72 0.20 0.97
3 28 29 31  0.31 0.85 0.75
3 27 25 30  0.31 0.85 0.75
4 28 25 30 31  0.31 0.85 0.75
3 29 27 33  0.72 0.20 0.97
3 30 31 32  0.72 0.20 0.97
4 29 31 32 33  0.72 0.20 0.97
3 33 27 35  0.31 0.85 0.75
3 30 32 34  0.31 0.85 0.75
4 33 32 34 35  0.31 0.85 0.75
3 30 34 37  0.72 0.20 0.97
3 35 27 36  0.72 0.20 0.97
4 30 27 36 37  0.72 0.20 0.97
3 34 35 39  0.31 0.85 0.75
3 36 37 38  0.31 0.85 0.75
4 34 37 38 39  0.31 0.85 0.75
3 39 35 41  0.72 0.20 0.97
3 36 38 40  0.72 0.20 0.97
4 39 38 40 41  0.72 0.20 0.97
3 40 41 43  0.31 0.85 0.75
3 35 36 42  0.31 0.85 0.75
4 40 36 42 43  0.31 0.85 0.75
3 42 43 45  0.72 0.20 0.97
3 41 35 44  0.72 0.20 0.97
4 42 35 44 45  0.72 0.20 0.97
3 41 44 47  0.31 0.85 0.75
3 45 43 46  0.31 0.85 0.75
4 41 43 46 47  0.31 0.85 0.75
3 47 44 49  0.72 0.20 0.97
3 45 46 48  0.72 0.20 0.97
4 47 46 48 49  0.72 0.20 0.97
3 49 44 51  0.31 0.85 0.75
3 45 48 50  0.31 0.85 0.75
4 49 48 50 51  0.31 0.85 0.75
 
 
 
