OFF
52 73 124
-0.3 -0.3 -0.3
0.3 -0.3 -0.3
0.3 0.3 -0.3
-0.3 0.3 -0.3
0.3 0.3 0.3
0.3 -0.3 0.3
0.9 -0.3 0.3
0.9 0.3 0.3
0.3 -0.3 0.9
0.3 0.3 0.9
-0.3 -0.3 0.3
-0.3 0.3 0.3
-0.3 0.3 -0.3
-0.3 -0.3 -0.3
-0.9 -0.3 -0.3
-0.9 0.3 -0.3
-0.3 0.3 -0.9
-0.9 0.3 -0.9
-0.9 0.9 -0.9
-0.3 0.9 -0.9
-0.3 0.3 -1.5
-0.3 0.9 -1.5
0.3 0.9 -1.5
0.3 0.3 -1.5
0.3 0.3 -2.1
0.3 0.9 -2.1
0.9 0.3 -1.5
0.9 0.9 -1.5
0.9 0.9 -0.9
0.9 0.3 -0.9
1.5 0.3 -0.9
1.5 0.9 -0.9
1.5 0.3 -0.3
0.9 0.3 -0.3
0.9 -0.3 -0.3
1.5 -0.3 -0.3
0.9 -0.3 0.3
0.9 0.3 0.3
0.3 -0.3 -0.3
0.3 0.3 -0.3
0.9 0.3 -0.9
0.3 0.3 -0.9
0.3 0.9 -0.9
0.9 0.9 -0.9
0.3 0.9 -1.5
0.3 0.3 -1.5
-0.3 0.9 -0.9
-0.3 0.3 -0.9
0.3 0.3 -0.3
-0.3 0.3 -0.3
-0.3 -0.3 -0.3
0.3 -0.3 -0.3
4 0 1 2 3  0.72 0.20 0.97
3 0 1 5  0.72 0.20 0.97
3 2 3 4  0.72 0.20 0.97
4 0 3 4 5  0.72 0.20 0.97
3 2 4 7  0.31 0.85 0.75
3 5 1 6   0.31 0.85 0.75
4 2 1 6 7  0.31 0.85 0.75
3 7 4 9  0.72 0.20 0.97
3 5 6 8  0.72 0.20 0.97
4 7 6 8 9  0.72 0.20 0.97
3 9 4 11  0.31 0.85 0.75
3 5 8 10   0.31 0.85 0.75
4 9 8 10 11  0.31 0.85 0.75
3 5 10 13  0.72 0.20 0.97
3 11 4 12  0.72 0.20 0.97
4 5 4 12 13  0.72 0.20 0.97
3 11 12 15  0.31 0.85 0.75
3 13 10 14   0.31 0.85 0.75
4 11 10 14 15  0.31 0.85 0.75
3 14 15 17  0.72 0.20 0.97
3 12 13 16  0.72 0.20 0.97
4 14 13 16 17  0.72 0.20 0.97
3 12 16 19  0.31 0.85 0.75
3 17 15 18   0.31 0.85 0.75
4 12 15 18 19  0.31 0.85 0.75
3 18 19 21  0.72 0.20 0.97
3 16 17 20  0.72 0.20 0.97
4 18 17 20 21  0.72 0.20 0.97
3 16 20 23  0.31 0.85 0.75
3 21 19 22   0.31 0.85 0.75
4 16 19 22 23  0.31 0.85 0.75
3 21 22 25  0.72 0.20 0.97
3 23 20 24  0.72 0.20 0.97
4 21 20 24 25  0.72 0.20 0.97
3 25 22 27  0.31 0.85 0.75
3 23 24 26   0.31 0.85 0.75
4 25 24 26 27  0.31 0.85 0.75
3 23 26 29  0.72 0.20 0.97
3 27 22 28  0.72 0.20 0.97
4 23 22 28 29  0.72 0.20 0.97
3 27 28 31  0.31 0.85 0.75
3 29 26 30   0.31 0.85 0.75
4 27 26 30 31  0.31 0.85 0.75
3 28 29 33  0.72 0.20 0.97
3 30 31 32  0.72 0.20 0.97
4 28 31 32 33  0.72 0.20 0.97
3 30 32 35  0.31 0.85 0.75
3 33 29 34   0.31 0.85 0.75
4 30 29 34 35  0.31 0.85 0.75
3 32 33 37  0.72 0.20 0.97
3 34 35 36  0.72 0.20 0.97
4 32 35 36 37  0.72 0.20 0.97
3 37 33 39  0.31 0.85 0.75
3 34 36 38   0.31 0.85 0.75
4 37 36 38 39  0.31 0.85 0.75
3 38 39 41  0.72 0.20 0.97
3 33 34 40  0.72 0.20 0.97
4 38 34 40 41  0.72 0.20 0.97
3 33 40 43  0.31 0.85 0.75
3 41 39 42   0.31 0.85 0.75
4 33 39 42 43  0.31 0.85 0.75
3 40 41 45  0.72 0.20 0.97
3 42 43 44  0.72 0.20 0.97
4 40 43 44 45  0.72 0.20 0.97
3 45 41 47  0.31 0.85 0.75
3 42 44 46   0.31 0.85 0.75
4 45 44 46 47  0.31 0.85 0.75
3 46 47 49  0.72 0.20 0.97
3 41 42 48  0.72 0.20 0.97
4 46 42 48 49  0.72 0.20 0.97
3 41 48 51  0.31 0.85 0.75
3 49 47 50   0.31 0.85 0.75
4 41 47 50 51  0.31 0.85 0.75



