OFF
52 73 124
-0.4 -0.4 -0.4
0.4 -0.4 -0.4
0.4 0.4 -0.4
-0.4 0.4 -0.4
0.4 0.4 0.4
0.4 -0.4 0.4
1.2 -0.4 0.4
1.2 0.4 0.4
1.2 0.4 1.2
1.2 -0.4 1.2
2 -0.4 1.2
2 0.4 1.2
2 -0.4 2
1.2 -0.4 2
1.2 -1.2 2
2 -1.2 2
1.2 -1.2 2.8
1.2 -0.4 2.8
0.4 -0.4 2
0.4 -0.4 2.8
0.4 0.4 2.8
0.4 0.4 2
-0.4 -0.4 2
-0.4 0.4 2
0.4 -0.4 1.2
0.4 0.4 1.2
1.2 0.4 1.2
1.2 -0.4 1.2
0.4 0.4 0.4
0.4 -0.4 0.4
-0.4 -0.4 0.4
-0.4 0.4 0.4
-0.4 0.4 -0.4
-0.4 -0.4 -0.4
-1.2 0.4 0.4
-1.2 -0.4 0.4
-1.2 -0.4 1.2
-1.2 0.4 1.2
-2 -0.4 0.4
-2 0.4 0.4
-2 -0.4 -0.4
-1.2 -0.4 -0.4
-1.2 -1.2 -0.4
-2 -1.2 -0.4
-1.2 -1.2 -1.2
-1.2 -0.4 -1.2
-0.4 -0.4 -0.4
-0.4 -0.4 -1.2
-0.4 0.4 -1.2
-0.4 0.4 -0.4
0.4 -0.4 -0.4
0.4 0.4 -0.4
4 0 1 2 3  0.72 0.20 0.97
3 0 1 5  0.72 0.20 0.97
3 2 3 4  0.72 0.20 0.97
4 0 3 4 5  0.72 0.20 0.97
3 2 4 7  0.31 0.85 0.75
3 5 1 6   0.31 0.85 0.75
4 2 1 6 7  0.31 0.85 0.75
3 5 6 9  0.72 0.20 0.97
3 7 4 8  0.72 0.20 0.97
4 5 4 8 9  0.72 0.20 0.97
3 7 8 11  0.31 0.85 0.75
3 9 6 10   0.31 0.85 0.75
4 7 6 10 11  0.31 0.85 0.75
3 8 9 13  0.72 0.20 0.97
3 10 11 12  0.72 0.20 0.97
4 8 11 12 13  0.72 0.20 0.97
3 10 12 15  0.31 0.85 0.75
3 13 9 14   0.31 0.85 0.75
4 10 9 14 15  0.31 0.85 0.75
3 12 13 17  0.72 0.20 0.97
3 14 15 16  0.72 0.20 0.97
4 12 15 16 17  0.72 0.20 0.97
3 16 17 19  0.31 0.85 0.75
3 13 14 18   0.31 0.85 0.75
4 16 14 18 19  0.31 0.85 0.75
3 13 18 21  0.72 0.20 0.97
3 19 17 20  0.72 0.20 0.97
4 13 17 20 21  0.72 0.20 0.97
3 20 21 23  0.31 0.85 0.75
3 18 19 22   0.31 0.85 0.75
4 20 19 22 23  0.31 0.85 0.75
3 23 21 25  0.72 0.20 0.97
3 18 22 24  0.72 0.20 0.97
4 23 22 24 25  0.72 0.20 0.97
3 18 24 27  0.31 0.85 0.75
3 25 21 26   0.31 0.85 0.75
4 18 21 26 27  0.31 0.85 0.75
3 27 24 29  0.72 0.20 0.97
3 25 26 28  0.72 0.20 0.97
4 27 26 28 29  0.72 0.20 0.97
3 25 28 31  0.31 0.85 0.75
3 29 24 30   0.31 0.85 0.75
4 25 24 30 31  0.31 0.85 0.75
3 29 30 33  0.72 0.20 0.97
3 31 28 32  0.72 0.20 0.97
4 29 28 32 33  0.72 0.20 0.97
3 33 30 35  0.31 0.85 0.75
3 31 32 34   0.31 0.85 0.75
4 33 32 34 35  0.31 0.85 0.75
3 31 34 37  0.72 0.20 0.97
3 35 30 36  0.72 0.20 0.97
4 31 30 36 37  0.72 0.20 0.97
3 37 34 39  0.31 0.85 0.75
3 35 36 38   0.31 0.85 0.75
4 37 36 38 39  0.31 0.85 0.75
3 34 35 41  0.72 0.20 0.97
3 38 39 40  0.72 0.20 0.97
4 34 39 40 41  0.72 0.20 0.97
3 38 40 43  0.31 0.85 0.75
3 41 35 42   0.31 0.85 0.75
4 38 35 42 43  0.31 0.85 0.75
3 40 41 45  0.72 0.20 0.97
3 42 43 44  0.72 0.20 0.97
4 40 43 44 45  0.72 0.20 0.97
3 44 45 47  0.31 0.85 0.75
3 41 42 46   0.31 0.85 0.75
4 44 42 46 47  0.31 0.85 0.75
3 41 46 49  0.72 0.20 0.97
3 47 45 48  0.72 0.20 0.97
4 41 45 48 49  0.72 0.20 0.97
3 48 49 51  0.31 0.85 0.75
3 46 47 50   0.31 0.85 0.75
4 48 47 50 51  0.31 0.85 0.75



