OFF
52 73 124
-0.2 -0.2 -0.2
0.2 -0.2 -0.2
0.2 0.2 -0.2
-0.2 0.2 -0.2
0.2 0.2 0.2
0.2 -0.2 0.2
0.6 0.2 0.2
0.6 0.2 -0.2
0.6 0.6 0.2
0.2 0.6 0.2
0.6 0.2 0.6
0.2 0.2 0.6
0.2 -0.2 0.2
0.2 -0.2 0.6
-0.2 0.2 0.6
-0.2 -0.2 0.6
-0.2 0.2 1
0.2 0.2 1
-0.2 0.6 0.6
0.2 0.6 0.6
-0.2 0.6 0.2
-0.2 0.2 0.2
-0.6 0.2 0.2
-0.6 0.6 0.2
-0.2 0.2 -0.1999999
-0.2 0.6 -0.1999999
0.2 0.6 -0.1999999
0.2 0.2 -0.1999999
-0.2 0.6 -0.5999999
-0.2 0.2 -0.5999999
-0.6 0.2 -0.5999999
-0.6 0.6 -0.5999999
-0.2 0.2 -0.9999999
-0.2 0.6 -0.9999999
0.2 0.6 -0.9999999
0.2 0.2 -0.9999999
-0.2 0.2 -1.4
0.2 0.2 -1.4
-0.2 -0.2 -0.9999999
0.2 -0.2 -0.9999999
0.2 0.2 -0.5999999
0.2 -0.2 -0.5999999
0.6 0.2 -0.5999999
0.6 0.2 -0.9999999
0.6 0.6 -0.5999999
0.2 0.6 -0.5999999
0.6 0.2 -0.1999999
0.2 0.2 -0.1999999
0.2 -0.2 -0.5999999
0.2 -0.2 -0.1999999
-0.2 0.2000001 -0.1999999
-0.2 -0.1999999 -0.1999999
4 0 1 2 3 0.72 0.20 0.97
3 0 1 5 0.72 0.20 0.97
3 2 3 4 0.72 0.20 0.97
4 0 3 4 5 0.72 0.20 0.97
3 1 2 7  0.31 0.85 0.75
3 4 5 6  0.31 0.85 0.75
4 1 5 6 7  0.31 0.85 0.75
3 2 4 9  0.72 0.20 0.97
3 6 7 8  0.72 0.20 0.97
4 2 7 8 9  0.72 0.20 0.97
3 9 4 11  0.31 0.85 0.75
3 6 8 10  0.31 0.85 0.75
4 9 8 10 11  0.31 0.85 0.75
3 10 11 13  0.72 0.20 0.97
3 4 6 12  0.72 0.20 0.97
4 10 6 12 13  0.72 0.20 0.97
3 12 13 15  0.31 0.85 0.75
3 11 4 14  0.31 0.85 0.75
4 12 4 14 15  0.31 0.85 0.75
3 13 11 17  0.72 0.20 0.97
3 14 15 16  0.72 0.20 0.97
4 13 15 16 17  0.72 0.20 0.97
3 17 11 19  0.31 0.85 0.75
3 14 16 18  0.31 0.85 0.75
4 17 16 18 19  0.31 0.85 0.75
3 11 14 21  0.72 0.20 0.97
3 18 19 20  0.72 0.20 0.97
4 11 19 20 21  0.72 0.20 0.97
3 18 20 23  0.31 0.85 0.75
3 21 14 22  0.31 0.85 0.75
4 18 14 22 23  0.31 0.85 0.75
3 23 20 25  0.72 0.20 0.97
3 21 22 24  0.72 0.20 0.97
4 23 22 24 25  0.72 0.20 0.97
3 21 24 27  0.31 0.85 0.75
3 25 20 26  0.31 0.85 0.75
4 21 20 26 27  0.31 0.85 0.75
3 27 24 29  0.72 0.20 0.97
3 25 26 28  0.72 0.20 0.97
4 27 26 28 29  0.72 0.20 0.97
3 25 28 31  0.31 0.85 0.75
3 29 24 30  0.31 0.85 0.75
4 25 24 30 31  0.31 0.85 0.75
3 31 28 33  0.72 0.20 0.97
3 29 30 32  0.72 0.20 0.97
4 31 30 32 33  0.72 0.20 0.97
3 29 32 35  0.31 0.85 0.75
3 33 28 34  0.31 0.85 0.75
4 29 28 34 35  0.31 0.85 0.75
3 34 35 37  0.72 0.20 0.97
3 32 33 36  0.72 0.20 0.97
4 34 33 36 37  0.72 0.20 0.97
3 37 35 39  0.31 0.85 0.75
3 32 36 38  0.31 0.85 0.75
4 37 36 38 39  0.31 0.85 0.75
3 38 39 41  0.72 0.20 0.97
3 35 32 40  0.72 0.20 0.97
4 38 32 40 41  0.72 0.20 0.97
3 39 35 43  0.31 0.85 0.75
3 40 41 42  0.31 0.85 0.75
4 39 41 42 43  0.31 0.85 0.75
3 35 40 45  0.72 0.20 0.97
3 42 43 44  0.72 0.20 0.97
4 35 43 44 45  0.72 0.20 0.97
3 45 40 47  0.31 0.85 0.75
3 42 44 46  0.31 0.85 0.75
4 45 44 46 47  0.31 0.85 0.75
3 46 47 49  0.72 0.20 0.97
3 40 42 48  0.72 0.20 0.97
4 46 42 48 49  0.72 0.20 0.97
3 48 49 51  0.31 0.85 0.75
3 47 40 50  0.31 0.85 0.75
4 48 40 50 51  0.31 0.85 0.75
 
 
 
