OFF
52 73 124
-0.3 -0.3 -0.3
0.3 -0.3 -0.3
0.3 0.3 -0.3
-0.3 0.3 -0.3
0.3 0.3 0.3
0.3 -0.3 0.3
0.9 0.3 -0.3
0.9 -0.3 -0.3
0.9 0.3 -0.9
0.3 0.3 -0.9
0.3 0.9 -0.3
0.3 0.9 -0.9
-0.3 0.9 -0.9
-0.3 0.9 -0.3
0.3 1.5 -0.9
0.3 1.5 -0.3
0.9 0.9 -0.9
0.9 0.9 -0.3
0.9 0.3000001 -0.3
0.9 0.3000001 -0.9
1.5 0.3 -0.9
1.5 0.3 -0.3
0.9 -0.2999999 -0.3
1.5 -0.3 -0.3
0.9 -0.2999999 0.3
0.9 0.3000001 0.3
0.3000001 0.3000001 0.3
0.3000001 -0.2999998 0.3
0.3 -0.2999998 0.9
0.3 0.3000001 0.9
-0.2999999 -0.2999998 0.3
-0.2999999 0.3000002 0.3
-0.2999998 0.3000002 -0.3
-0.2999998 -0.2999998 -0.3
-0.8999998 -0.2999997 -0.3
-0.8999998 0.3000003 -0.3
-0.2999998 0.3000002 -0.9
-0.8999997 0.3000003 -0.9
-0.2999998 0.9000002 -0.9
-0.2999998 0.9000002 -0.3
0.3000001 0.3000001 -0.9
0.3000001 0.3000001 -0.3
0.3000001 -0.2999998 -0.9
-0.2999998 -0.2999998 -0.9
-0.2999997 -0.2999998 -1.5
0.3000002 -0.2999998 -1.5
-0.2999998 -0.8999997 -0.9
0.3000001 -0.8999998 -0.9
-0.2999998 -0.2999998 -0.3000001
0.3000001 -0.2999998 -0.3000001
0.3000001 0.3000001 -0.3000001
-0.2999998 0.3000002 -0.3000001
4 0 1 2 3 0.72 0.20 0.97
3 0 1 5 0.72 0.20 0.97
3 2 3 4 0.72 0.20 0.97
4 0 3 4 5 0.72 0.20 0.97
3 5 1 7  0.31 0.85 0.75
3 2 4 6  0.31 0.85 0.75
4 5 4 6 7  0.31 0.85 0.75
3 1 2 9  0.72 0.20 0.97
3 6 7 8  0.72 0.20 0.97
4 1 7 8 9  0.72 0.20 0.97
3 8 9 11  0.31 0.85 0.75
3 2 6 10  0.31 0.85 0.75
4 8 6 10 11  0.31 0.85 0.75
3 2 10 13  0.72 0.20 0.97
3 11 9 12  0.72 0.20 0.97
4 2 9 12 13  0.72 0.20 0.97
3 13 10 15  0.31 0.85 0.75
3 11 12 14  0.31 0.85 0.75
4 13 12 14 15  0.31 0.85 0.75
3 15 10 17  0.72 0.20 0.97
3 11 14 16  0.72 0.20 0.97
4 15 14 16 17  0.72 0.20 0.97
3 11 16 19  0.31 0.85 0.75
3 17 10 18  0.31 0.85 0.75
4 11 10 18 19  0.31 0.85 0.75
3 17 18 21  0.72 0.20 0.97
3 19 16 20  0.72 0.20 0.97
4 17 16 20 21  0.72 0.20 0.97
3 20 21 23  0.31 0.85 0.75
3 18 19 22  0.31 0.85 0.75
4 20 19 22 23  0.31 0.85 0.75
3 21 18 25  0.72 0.20 0.97
3 22 23 24  0.72 0.20 0.97
4 21 23 24 25  0.72 0.20 0.97
3 22 24 27  0.31 0.85 0.75
3 25 18 26  0.31 0.85 0.75
4 22 18 26 27  0.31 0.85 0.75
3 25 26 29  0.72 0.20 0.97
3 27 24 28  0.72 0.20 0.97
4 25 24 28 29  0.72 0.20 0.97
3 29 26 31  0.31 0.85 0.75
3 27 28 30  0.31 0.85 0.75
4 29 28 30 31  0.31 0.85 0.75
3 27 30 33  0.72 0.20 0.97
3 31 26 32  0.72 0.20 0.97
4 27 26 32 33  0.72 0.20 0.97
3 31 32 35  0.31 0.85 0.75
3 33 30 34  0.31 0.85 0.75
4 31 30 34 35  0.31 0.85 0.75
3 34 35 37  0.72 0.20 0.97
3 32 33 36  0.72 0.20 0.97
4 34 33 36 37  0.72 0.20 0.97
3 35 32 39  0.31 0.85 0.75
3 36 37 38  0.31 0.85 0.75
4 35 37 38 39  0.31 0.85 0.75
3 39 32 41  0.72 0.20 0.97
3 36 38 40  0.72 0.20 0.97
4 39 38 40 41  0.72 0.20 0.97
3 32 36 43  0.31 0.85 0.75
3 40 41 42  0.31 0.85 0.75
4 32 41 42 43  0.31 0.85 0.75
3 40 42 45  0.72 0.20 0.97
3 43 36 44  0.72 0.20 0.97
4 40 36 44 45  0.72 0.20 0.97
3 45 42 47  0.31 0.85 0.75
3 43 44 46  0.31 0.85 0.75
4 45 44 46 47  0.31 0.85 0.75
3 47 42 49  0.72 0.20 0.97
3 43 46 48  0.72 0.20 0.97
4 47 46 48 49  0.72 0.20 0.97
3 43 48 51  0.31 0.85 0.75
3 49 42 50  0.31 0.85 0.75
4 43 42 50 51  0.31 0.85 0.75
 
 
 
