OFF
52 73 124
-0.3 -0.3 -0.3
0.3 -0.3 -0.3
0.3 0.3 -0.3
-0.3 0.3 -0.3
0.3 0.3 0.3
0.3 -0.3 0.3
0.9 -0.3 0.3
0.9 0.3 0.3
0.3 0.3 0.9
0.9 0.3 0.9
0.9 0.9 0.3
0.9 0.9 0.9
1.5 0.3 0.3
1.5 0.3 0.9
1.5 -0.3 0.3
0.9 -0.3 0.3
0.9 -0.3 -0.3
1.5 -0.3 -0.3
0.9 -0.9 -0.3
0.9 -0.9 0.3
0.3 -0.9 -0.3
0.3 -0.3 -0.3
0.9 -0.9 -0.9
0.9 -0.3 -0.9
1.5 -0.3 -0.3
1.5 -0.3 -0.9
0.9 0.3 -0.9
1.5 0.3 -0.9
0.9 0.3 -1.5
0.9 -0.3 -1.5
0.3 0.3 -1.5
0.3 0.3 -0.9
0.9 0.9 -1.5
0.9 0.9 -0.9
1.5 0.3 -0.9
1.5 0.9 -0.9
0.9 0.9 -0.3
1.5 0.9 -0.3
1.5 1.5 -0.3
0.9 1.5 -0.3
0.9 0.9 0.3
0.9 1.5 0.3
0.3 0.9 -0.3
0.3 1.5 -0.3
0.3 0.9 -0.9
0.9 0.9 -0.9
0.3 0.3 -0.9
0.3 0.3 -0.3
-0.3 0.3 -0.3
-0.3 0.3 -0.9
-0.3 -0.3 -0.3
0.3 -0.3 -0.3
4 0 1 2 3  0.72 0.20 0.97
3 0 1 5  0.72 0.20 0.97
3 2 3 4  0.72 0.20 0.97
4 0 3 4 5  0.72 0.20 0.97
3 2 4 7  0.31 0.85 0.75
3 5 1 6   0.31 0.85 0.75
4 2 1 6 7  0.31 0.85 0.75
3 6 7 9  0.72 0.20 0.97
3 4 5 8  0.72 0.20 0.97
4 6 5 8 9  0.72 0.20 0.97
3 8 9 11  0.31 0.85 0.75
3 7 4 10   0.31 0.85 0.75
4 8 4 10 11  0.31 0.85 0.75
3 11 9 13  0.72 0.20 0.97
3 7 10 12  0.72 0.20 0.97
4 11 10 12 13  0.72 0.20 0.97
3 9 7 15  0.31 0.85 0.75
3 12 13 14   0.31 0.85 0.75
4 9 13 14 15  0.31 0.85 0.75
3 12 14 17  0.72 0.20 0.97
3 15 7 16  0.72 0.20 0.97
4 12 7 16 17  0.72 0.20 0.97
3 14 15 19  0.31 0.85 0.75
3 16 17 18   0.31 0.85 0.75
4 14 17 18 19  0.31 0.85 0.75
3 15 16 21  0.72 0.20 0.97
3 18 19 20  0.72 0.20 0.97
4 15 19 20 21  0.72 0.20 0.97
3 21 16 23  0.31 0.85 0.75
3 18 20 22   0.31 0.85 0.75
4 21 20 22 23  0.31 0.85 0.75
3 22 23 25  0.72 0.20 0.97
3 16 18 24  0.72 0.20 0.97
4 22 18 24 25  0.72 0.20 0.97
3 24 25 27  0.31 0.85 0.75
3 23 16 26   0.31 0.85 0.75
4 24 16 26 27  0.31 0.85 0.75
3 25 23 29  0.72 0.20 0.97
3 26 27 28  0.72 0.20 0.97
4 25 27 28 29  0.72 0.20 0.97
3 23 26 31  0.31 0.85 0.75
3 28 29 30   0.31 0.85 0.75
4 23 29 30 31  0.31 0.85 0.75
3 31 26 33  0.72 0.20 0.97
3 28 30 32  0.72 0.20 0.97
4 31 30 32 33  0.72 0.20 0.97
3 32 33 35  0.31 0.85 0.75
3 26 28 34   0.31 0.85 0.75
4 32 28 34 35  0.31 0.85 0.75
3 34 35 37  0.72 0.20 0.97
3 33 26 36  0.72 0.20 0.97
4 34 26 36 37  0.72 0.20 0.97
3 33 36 39  0.31 0.85 0.75
3 37 35 38   0.31 0.85 0.75
4 33 35 38 39  0.31 0.85 0.75
3 38 39 41  0.72 0.20 0.97
3 36 37 40  0.72 0.20 0.97
4 38 37 40 41  0.72 0.20 0.97
3 41 39 43  0.31 0.85 0.75
3 36 40 42   0.31 0.85 0.75
4 41 40 42 43  0.31 0.85 0.75
3 39 36 45  0.72 0.20 0.97
3 42 43 44  0.72 0.20 0.97
4 39 43 44 45  0.72 0.20 0.97
3 36 42 47  0.31 0.85 0.75
3 44 45 46   0.31 0.85 0.75
4 36 45 46 47  0.31 0.85 0.75
3 44 46 49  0.72 0.20 0.97
3 47 42 48  0.72 0.20 0.97
4 44 42 48 49  0.72 0.20 0.97
3 46 47 51  0.31 0.85 0.75
3 48 49 50   0.31 0.85 0.75
4 46 49 50 51  0.31 0.85 0.75



