OFF
52 73 124
-0.3 -0.3 -0.3
0.3 -0.3 -0.3
0.3 0.3 -0.3
-0.3 0.3 -0.3
0.3 0.3 0.3
0.3 -0.3 0.3
0.9 -0.3 0.3
0.9 0.3 0.3
0.9 -0.3 0.9
0.3 -0.3 0.9
0.3 -0.9 0.9
0.9 -0.9 0.9
0.3 -0.9 1.5
0.3 -0.3 1.5
-0.3 -0.3 0.9
-0.3 -0.3 1.5
-0.3 0.3 0.9
0.3 0.3 0.9
-0.3 -0.3 0.3
0.3 -0.3 0.3
0.3 -0.9 0.3
-0.3 -0.9 0.3
-0.3 -0.3 -0.3
-0.3 -0.9 -0.3
-0.9 -0.3 0.3
-0.9 -0.9 0.3
-0.9 -0.3 0.9
-0.3 -0.3 0.9
-0.3 0.3 0.9
-0.9 0.3 0.9
-0.3 -0.3 1.5
-0.9 -0.3 1.5
-0.9 -0.9 0.9
-0.9 -0.9 1.5
-1.5 -0.9 0.9
-1.5 -0.3 0.9
-0.9 -0.3 0.3
-1.5 -0.3 0.3
-1.5 0.3 0.3
-0.9 0.3 0.3
-0.9 -0.3 -0.3
-0.9 0.3 -0.3
-0.3 0.3 -0.3
-0.3 -0.3 -0.3
-0.3 0.3 -0.9
-0.9 0.3 -0.9
-0.3 0.9 -0.9
-0.3 0.9 -0.3
0.3 0.3 -0.9
0.3 0.3 -0.3
-0.3 -0.3 -0.3
0.3 -0.3 -0.3
4 0 1 2 3  0.72 0.20 0.97
3 0 1 5  0.72 0.20 0.97
3 2 3 4  0.72 0.20 0.97
4 0 3 4 5  0.72 0.20 0.97
3 2 4 7  0.31 0.85 0.75
3 5 1 6   0.31 0.85 0.75
4 2 1 6 7  0.31 0.85 0.75
3 4 5 9  0.72 0.20 0.97
3 6 7 8  0.72 0.20 0.97
4 4 7 8 9  0.72 0.20 0.97
3 6 8 11  0.31 0.85 0.75
3 9 5 10   0.31 0.85 0.75
4 6 5 10 11  0.31 0.85 0.75
3 8 9 13  0.72 0.20 0.97
3 10 11 12  0.72 0.20 0.97
4 8 11 12 13  0.72 0.20 0.97
3 12 13 15  0.31 0.85 0.75
3 9 10 14   0.31 0.85 0.75
4 12 10 14 15  0.31 0.85 0.75
3 13 9 17  0.72 0.20 0.97
3 14 15 16  0.72 0.20 0.97
4 13 15 16 17  0.72 0.20 0.97
3 17 9 19  0.31 0.85 0.75
3 14 16 18   0.31 0.85 0.75
4 17 16 18 19  0.31 0.85 0.75
3 14 18 21  0.72 0.20 0.97
3 19 9 20  0.72 0.20 0.97
4 14 9 20 21  0.72 0.20 0.97
3 20 21 23  0.31 0.85 0.75
3 18 19 22   0.31 0.85 0.75
4 20 19 22 23  0.31 0.85 0.75
3 23 21 25  0.72 0.20 0.97
3 18 22 24  0.72 0.20 0.97
4 23 22 24 25  0.72 0.20 0.97
3 21 18 27  0.31 0.85 0.75
3 24 25 26   0.31 0.85 0.75
4 21 25 26 27  0.31 0.85 0.75
3 24 26 29  0.72 0.20 0.97
3 27 18 28  0.72 0.20 0.97
4 24 18 28 29  0.72 0.20 0.97
3 29 26 31  0.31 0.85 0.75
3 27 28 30   0.31 0.85 0.75
4 29 28 30 31  0.31 0.85 0.75
3 30 31 33  0.72 0.20 0.97
3 26 27 32  0.72 0.20 0.97
4 30 27 32 33  0.72 0.20 0.97
3 31 26 35  0.31 0.85 0.75
3 32 33 34   0.31 0.85 0.75
4 31 33 34 35  0.31 0.85 0.75
3 34 35 37  0.72 0.20 0.97
3 26 32 36  0.72 0.20 0.97
4 34 32 36 37  0.72 0.20 0.97
3 26 36 39  0.31 0.85 0.75
3 37 35 38   0.31 0.85 0.75
4 26 35 38 39  0.31 0.85 0.75
3 38 39 41  0.72 0.20 0.97
3 36 37 40  0.72 0.20 0.97
4 38 37 40 41  0.72 0.20 0.97
3 36 40 43  0.31 0.85 0.75
3 41 39 42   0.31 0.85 0.75
4 36 39 42 43  0.31 0.85 0.75
3 40 41 45  0.72 0.20 0.97
3 42 43 44  0.72 0.20 0.97
4 40 43 44 45  0.72 0.20 0.97
3 41 42 47  0.31 0.85 0.75
3 44 45 46   0.31 0.85 0.75
4 41 45 46 47  0.31 0.85 0.75
3 47 42 49  0.72 0.20 0.97
3 44 46 48  0.72 0.20 0.97
4 47 46 48 49  0.72 0.20 0.97
3 48 49 51  0.31 0.85 0.75
3 42 44 50   0.31 0.85 0.75
4 48 44 50 51  0.31 0.85 0.75



