OFF
52 73 124
-0.4 -0.4 -0.4
0.4 -0.4 -0.4
0.4 0.4 -0.4
-0.4 0.4 -0.4
0.4 0.4 0.4
0.4 -0.4 0.4
1.2 -0.4 -0.4
1.2 -0.4 0.4
1.2 -1.2 0.4
1.2 -1.2 -0.4
2 -0.4 0.4
2 -0.4 -0.4
1.2 0.4 0.4
1.2 0.4 -0.4
0.4 0.4 -0.4
0.4 0.4 0.4
1.2 1.2 0.4
0.4 1.2 0.4
0.4 1.2 1.2
1.2 1.2 1.2
0.4 2 0.4
1.2 2 0.4
0.4 1.2 -0.4
1.2 1.2 -0.4
1.2 0.4 -0.4
0.4 0.4 -0.4
1.2 0.4 -1.2
1.2 1.2 -1.2
2 1.2 -1.2
2 0.4 -1.2
1.2 1.2 -2
1.2 0.4 -2
0.4 1.2 -1.2
0.4 0.4 -1.2
0.4 0.4 -0.4
0.4 1.2 -0.4
-0.4 0.4 -0.4
-0.4 0.4 -1.2
0.4 -0.4 -1.2
-0.4 -0.4 -1.2
0.4 -0.4 -2
0.4 0.4 -2
1.2 -0.4 -2
1.2 -0.4 -1.2
0.4 -1.2 -1.2
1.2 -1.2 -1.2
0.4 -1.2 -0.4
0.4 -0.4 -0.4
-0.4 -0.4 -1.2
-0.4 -0.4 -0.4
0.4 0.4 -0.4
-0.4 0.4 -0.4
4 0 1 2 3  0.72 0.20 0.97
3 0 1 5  0.72 0.20 0.97
3 2 3 4  0.72 0.20 0.97
4 0 3 4 5  0.72 0.20 0.97
3 4 5 7  0.31 0.85 0.75
3 1 2 6   0.31 0.85 0.75
4 4 2 6 7  0.31 0.85 0.75
3 1 6 9  0.72 0.20 0.97
3 7 5 8  0.72 0.20 0.97
4 1 5 8 9  0.72 0.20 0.97
3 9 6 11  0.31 0.85 0.75
3 7 8 10   0.31 0.85 0.75
4 9 8 10 11  0.31 0.85 0.75
3 11 6 13  0.72 0.20 0.97
3 7 10 12  0.72 0.20 0.97
4 11 10 12 13  0.72 0.20 0.97
3 7 12 15  0.31 0.85 0.75
3 13 6 14   0.31 0.85 0.75
4 7 6 14 15  0.31 0.85 0.75
3 14 15 17  0.72 0.20 0.97
3 12 13 16  0.72 0.20 0.97
4 14 13 16 17  0.72 0.20 0.97
3 12 16 19  0.31 0.85 0.75
3 17 15 18   0.31 0.85 0.75
4 12 15 18 19  0.31 0.85 0.75
3 19 16 21  0.72 0.20 0.97
3 17 18 20  0.72 0.20 0.97
4 19 18 20 21  0.72 0.20 0.97
3 21 16 23  0.31 0.85 0.75
3 17 20 22   0.31 0.85 0.75
4 21 20 22 23  0.31 0.85 0.75
3 17 22 25  0.72 0.20 0.97
3 23 16 24  0.72 0.20 0.97
4 17 16 24 25  0.72 0.20 0.97
3 22 23 27  0.31 0.85 0.75
3 24 25 26   0.31 0.85 0.75
4 22 25 26 27  0.31 0.85 0.75
3 24 26 29  0.72 0.20 0.97
3 27 23 28  0.72 0.20 0.97
4 24 23 28 29  0.72 0.20 0.97
3 29 26 31  0.31 0.85 0.75
3 27 28 30   0.31 0.85 0.75
4 29 28 30 31  0.31 0.85 0.75
3 31 26 33  0.72 0.20 0.97
3 27 30 32  0.72 0.20 0.97
4 31 30 32 33  0.72 0.20 0.97
3 27 32 35  0.31 0.85 0.75
3 33 26 34   0.31 0.85 0.75
4 27 26 34 35  0.31 0.85 0.75
3 32 33 37  0.72 0.20 0.97
3 34 35 36  0.72 0.20 0.97
4 32 35 36 37  0.72 0.20 0.97
3 36 37 39  0.31 0.85 0.75
3 33 34 38   0.31 0.85 0.75
4 36 34 38 39  0.31 0.85 0.75
3 37 33 41  0.72 0.20 0.97
3 38 39 40  0.72 0.20 0.97
4 37 39 40 41  0.72 0.20 0.97
3 33 38 43  0.31 0.85 0.75
3 40 41 42   0.31 0.85 0.75
4 33 41 42 43  0.31 0.85 0.75
3 42 43 45  0.72 0.20 0.97
3 38 40 44  0.72 0.20 0.97
4 42 40 44 45  0.72 0.20 0.97
3 43 38 47  0.31 0.85 0.75
3 44 45 46   0.31 0.85 0.75
4 43 45 46 47  0.31 0.85 0.75
3 46 47 49  0.72 0.20 0.97
3 38 44 48  0.72 0.20 0.97
4 46 44 48 49  0.72 0.20 0.97
3 48 49 51  0.31 0.85 0.75
3 47 38 50   0.31 0.85 0.75
4 48 38 50 51  0.31 0.85 0.75



