OFF
52 73 124
-0.3 -0.3 -0.3
0.3 -0.3 -0.3
0.3 0.3 -0.3
-0.3 0.3 -0.3
0.3 0.3 0.3
0.3 -0.3 0.3
0.9 -0.3 0.3
0.9 0.3 0.3
0.3 -0.3 0.9
0.3 0.3 0.9
-0.3 0.3 0.9
-0.3 -0.3 0.9
0.3 -0.3 1.5
-0.3 -0.3 1.5
0.3 -0.9 0.9
-0.3 -0.9 0.9
-0.3 -0.3 0.3
-0.3 -0.9 0.3
-0.9 -0.3 0.3
-0.9 -0.3 0.9
-0.3 0.3 0.3
-0.3 0.3 0.9
0.3 0.3 0.3
0.3 -0.3 0.3
-0.3 0.3 -0.3
-0.3 -0.3 -0.3
-0.9 0.3 -0.3
-0.9 0.3 0.3
-0.3 0.9 -0.3
-0.3 0.9 0.3
0.3 0.3 0.3
0.3 0.9 0.3
-0.3 0.3 0.9
-0.3 0.9 0.9
-0.9 0.9 0.3
-0.9 0.9 0.9
-0.3 1.5 0.3
-0.3 1.5 0.9
0.3 0.9 0.9
0.3 1.5 0.9
0.3 0.9 1.5
-0.3 0.9 1.5
0.3 0.3 0.9
-0.3 0.3 0.9
0.3 0.3 0.3
0.3 0.9 0.3
0.9 0.9 0.3
0.9 0.3 0.3
0.3 0.9 -0.3
0.3 0.3 -0.3
-0.3 0.3 -0.3
-0.3 0.9 -0.3
4 0 1 2 3  0.72 0.20 0.97
3 0 1 5  0.72 0.20 0.97
3 2 3 4  0.72 0.20 0.97
4 0 3 4 5  0.72 0.20 0.97
3 2 4 7  0.31 0.85 0.75
3 5 1 6   0.31 0.85 0.75
4 2 1 6 7  0.31 0.85 0.75
3 7 4 9  0.72 0.20 0.97
3 5 6 8  0.72 0.20 0.97
4 7 6 8 9  0.72 0.20 0.97
3 5 8 11  0.31 0.85 0.75
3 9 4 10   0.31 0.85 0.75
4 5 4 10 11  0.31 0.85 0.75
3 10 11 13  0.72 0.20 0.97
3 8 9 12  0.72 0.20 0.97
4 10 9 12 13  0.72 0.20 0.97
3 13 11 15  0.31 0.85 0.75
3 8 12 14   0.31 0.85 0.75
4 13 12 14 15  0.31 0.85 0.75
3 14 15 17  0.72 0.20 0.97
3 11 8 16  0.72 0.20 0.97
4 14 8 16 17  0.72 0.20 0.97
3 15 11 19  0.31 0.85 0.75
3 16 17 18   0.31 0.85 0.75
4 15 17 18 19  0.31 0.85 0.75
3 19 11 21  0.72 0.20 0.97
3 16 18 20  0.72 0.20 0.97
4 19 18 20 21  0.72 0.20 0.97
3 11 16 23  0.31 0.85 0.75
3 20 21 22   0.31 0.85 0.75
4 11 21 22 23  0.31 0.85 0.75
3 23 16 25  0.72 0.20 0.97
3 20 22 24  0.72 0.20 0.97
4 23 22 24 25  0.72 0.20 0.97
3 16 20 27  0.31 0.85 0.75
3 24 25 26   0.31 0.85 0.75
4 16 25 26 27  0.31 0.85 0.75
3 27 20 29  0.72 0.20 0.97
3 24 26 28  0.72 0.20 0.97
4 27 26 28 29  0.72 0.20 0.97
3 28 29 31  0.31 0.85 0.75
3 20 24 30   0.31 0.85 0.75
4 28 24 30 31  0.31 0.85 0.75
3 31 29 33  0.72 0.20 0.97
3 20 30 32  0.72 0.20 0.97
4 31 30 32 33  0.72 0.20 0.97
3 32 33 35  0.31 0.85 0.75
3 29 20 34   0.31 0.85 0.75
4 32 20 34 35  0.31 0.85 0.75
3 35 33 37  0.72 0.20 0.97
3 29 34 36  0.72 0.20 0.97
4 35 34 36 37  0.72 0.20 0.97
3 36 37 39  0.31 0.85 0.75
3 33 29 38   0.31 0.85 0.75
4 36 29 38 39  0.31 0.85 0.75
3 37 33 41  0.72 0.20 0.97
3 38 39 40  0.72 0.20 0.97
4 37 39 40 41  0.72 0.20 0.97
3 41 33 43  0.31 0.85 0.75
3 38 40 42   0.31 0.85 0.75
4 41 40 42 43  0.31 0.85 0.75
3 33 38 45  0.72 0.20 0.97
3 42 43 44  0.72 0.20 0.97
4 33 43 44 45  0.72 0.20 0.97
3 42 44 47  0.31 0.85 0.75
3 45 38 46   0.31 0.85 0.75
4 42 38 46 47  0.31 0.85 0.75
3 47 44 49  0.72 0.20 0.97
3 45 46 48  0.72 0.20 0.97
4 47 46 48 49  0.72 0.20 0.97
3 45 48 51  0.31 0.85 0.75
3 49 44 50   0.31 0.85 0.75
4 45 44 50 51  0.31 0.85 0.75



