OFF
52 73 124
-0.4 -0.4 -0.4
0.4 -0.4 -0.4
0.4 0.4 -0.4
-0.4 0.4 -0.4
0.4 0.4 0.4
0.4 -0.4 0.4
1.2 -0.4 0.4
1.2 0.4 0.4
1.2 -0.4 1.2
0.4 -0.4 1.2
0.4 -1.2 0.4
0.4 -1.2 1.2
-0.4 -0.4 0.4
-0.4 -0.4 1.2
-0.4 0.4 0.4
0.4 0.4 0.4
-0.4 0.4 -0.4
-0.4 -0.4 -0.4
-1.2 0.4 0.4
-1.2 -0.4 0.4
-0.4 -0.4 1.2
-1.2 -0.4 1.2
-0.4 -1.2 1.2
-0.4 -1.2 0.4
0.4 -1.2 0.4
0.4 -1.2 1.2
-0.4 -2 1.2
0.4 -2 1.2
-0.4 -1.2 2
0.4 -1.2 2
0.4 -0.4 1.2
0.4 -0.4 2
1.2 -0.4 2
1.2 -0.4 1.2
1.2 0.4 2
0.4 0.4 2
0.4 -0.4 2.8
0.4 0.4 2.8
-0.4 -0.4 2
-0.4 0.4 2
-0.4 -0.4 1.2
0.4 -0.4 1.2
-0.4 -1.2 1.2
-0.4 -1.2 2
-1.2 -0.4 1.2
-1.2 -0.4 2
-0.4 0.4 2
-1.2 0.4 2
-0.4 0.4 2.8
-0.4 -0.4 2.8
0.4 -0.4 2.8
0.4 0.4 2.8
4 0 1 2 3  0.72 0.20 0.97
3 0 1 5  0.72 0.20 0.97
3 2 3 4  0.72 0.20 0.97
4 0 3 4 5  0.72 0.20 0.97
3 2 4 7  0.31 0.85 0.75
3 5 1 6   0.31 0.85 0.75
4 2 1 6 7  0.31 0.85 0.75
3 4 5 9  0.72 0.20 0.97
3 6 7 8  0.72 0.20 0.97
4 4 7 8 9  0.72 0.20 0.97
3 8 9 11  0.31 0.85 0.75
3 5 6 10   0.31 0.85 0.75
4 8 6 10 11  0.31 0.85 0.75
3 11 9 13  0.72 0.20 0.97
3 5 10 12  0.72 0.20 0.97
4 11 10 12 13  0.72 0.20 0.97
3 9 5 15  0.31 0.85 0.75
3 12 13 14   0.31 0.85 0.75
4 9 13 14 15  0.31 0.85 0.75
3 5 12 17  0.72 0.20 0.97
3 14 15 16  0.72 0.20 0.97
4 5 15 16 17  0.72 0.20 0.97
3 17 12 19  0.31 0.85 0.75
3 14 16 18   0.31 0.85 0.75
4 17 16 18 19  0.31 0.85 0.75
3 18 19 21  0.72 0.20 0.97
3 12 14 20  0.72 0.20 0.97
4 18 14 20 21  0.72 0.20 0.97
3 19 12 23  0.31 0.85 0.75
3 20 21 22   0.31 0.85 0.75
4 19 21 22 23  0.31 0.85 0.75
3 20 22 25  0.72 0.20 0.97
3 23 12 24  0.72 0.20 0.97
4 20 12 24 25  0.72 0.20 0.97
3 24 25 27  0.31 0.85 0.75
3 22 23 26   0.31 0.85 0.75
4 24 23 26 27  0.31 0.85 0.75
3 27 25 29  0.72 0.20 0.97
3 22 26 28  0.72 0.20 0.97
4 27 26 28 29  0.72 0.20 0.97
3 28 29 31  0.31 0.85 0.75
3 25 22 30   0.31 0.85 0.75
4 28 22 30 31  0.31 0.85 0.75
3 25 30 33  0.72 0.20 0.97
3 31 29 32  0.72 0.20 0.97
4 25 29 32 33  0.72 0.20 0.97
3 30 31 35  0.31 0.85 0.75
3 32 33 34   0.31 0.85 0.75
4 30 33 34 35  0.31 0.85 0.75
3 34 35 37  0.72 0.20 0.97
3 31 32 36  0.72 0.20 0.97
4 34 32 36 37  0.72 0.20 0.97
3 37 35 39  0.31 0.85 0.75
3 31 36 38   0.31 0.85 0.75
4 37 36 38 39  0.31 0.85 0.75
3 35 31 41  0.72 0.20 0.97
3 38 39 40  0.72 0.20 0.97
4 35 39 40 41  0.72 0.20 0.97
3 31 38 43  0.31 0.85 0.75
3 40 41 42   0.31 0.85 0.75
4 31 41 42 43  0.31 0.85 0.75
3 43 38 45  0.72 0.20 0.97
3 40 42 44  0.72 0.20 0.97
4 43 42 44 45  0.72 0.20 0.97
3 44 45 47  0.31 0.85 0.75
3 38 40 46   0.31 0.85 0.75
4 44 40 46 47  0.31 0.85 0.75
3 45 38 49  0.72 0.20 0.97
3 46 47 48  0.72 0.20 0.97
4 45 47 48 49  0.72 0.20 0.97
3 46 48 51  0.31 0.85 0.75
3 49 38 50   0.31 0.85 0.75
4 46 38 50 51  0.31 0.85 0.75



