OFF
52 73 124
-0.4 -0.4 -0.4
0.4 -0.4 -0.4
0.4 0.4 -0.4
-0.4 0.4 -0.4
0.4 0.4 0.4
0.4 -0.4 0.4
1.2 0.4 0.4
1.2 0.4 -0.4
0.4 1.2 -0.4
1.2 1.2 -0.4
1.2 0.4 -1.2
1.2 1.2 -1.2
2 1.2 -0.4
2 1.2 -1.2
1.2 2 -1.2
2 2 -1.2
2 1.2 -2
2 2 -2
2.8 1.2 -2
2.8 1.2 -1.2
2 0.4000001 -1.2
2.8 0.4000001 -1.2
2 0.4000001 -0.4000001
2 1.2 -0.4000001
1.2 0.4000001 -0.4000001
1.2 0.4000001 -1.2
1.2 -0.3999999 -1.2
1.2 -0.3999999 -0.4000001
0.3999996 -0.3999999 -1.2
0.3999996 0.4000001 -1.2
1.2 0.4000001 -2
0.3999996 0.4000001 -2
0.3999996 1.2 -2
1.2 1.2 -2
1.2 0.4000001 -2.8
1.2 1.2 -2.8
2 1.2 -2
2 1.2 -2.8
2 2 -2
1.2 2 -2
1.2 1.2 -1.2
1.2 2 -1.2
0.3999996 1.2 -1.2
0.3999996 1.2 -2
0.3999996 0.4000001 -1.2
1.2 0.4000001 -1.2
0.3999996 0.4000001 -0.4000001
0.3999996 1.2 -0.4000001
-0.4000006 0.4000001 -0.4000001
-0.4000006 0.4000001 -1.2
-0.4000006 -0.3999999 -0.4000001
0.3999996 -0.3999999 -0.4000001
4 0 1 2 3 0.72 0.20 0.97
3 0 1 5 0.72 0.20 0.97
3 2 3 4 0.72 0.20 0.97
4 0 3 4 5 0.72 0.20 0.97
3 1 2 7  0.31 0.85 0.75
3 4 5 6  0.31 0.85 0.75
4 1 5 6 7  0.31 0.85 0.75
3 6 7 9  0.72 0.20 0.97
3 2 4 8  0.72 0.20 0.97
4 6 4 8 9  0.72 0.20 0.97
3 8 9 11  0.31 0.85 0.75
3 7 2 10  0.31 0.85 0.75
4 8 2 10 11  0.31 0.85 0.75
3 10 11 13  0.72 0.20 0.97
3 9 7 12  0.72 0.20 0.97
4 10 7 12 13  0.72 0.20 0.97
3 12 13 15  0.31 0.85 0.75
3 11 9 14  0.31 0.85 0.75
4 12 9 14 15  0.31 0.85 0.75
3 14 15 17  0.72 0.20 0.97
3 13 11 16  0.72 0.20 0.97
4 14 11 16 17  0.72 0.20 0.97
3 15 13 19  0.31 0.85 0.75
3 16 17 18  0.31 0.85 0.75
4 15 17 18 19  0.31 0.85 0.75
3 18 19 21  0.72 0.20 0.97
3 13 16 20  0.72 0.20 0.97
4 18 16 20 21  0.72 0.20 0.97
3 19 13 23  0.31 0.85 0.75
3 20 21 22  0.31 0.85 0.75
4 19 21 22 23  0.31 0.85 0.75
3 13 20 25  0.72 0.20 0.97
3 22 23 24  0.72 0.20 0.97
4 13 23 24 25  0.72 0.20 0.97
3 22 24 27  0.31 0.85 0.75
3 25 20 26  0.31 0.85 0.75
4 22 20 26 27  0.31 0.85 0.75
3 24 25 29  0.72 0.20 0.97
3 26 27 28  0.72 0.20 0.97
4 24 27 28 29  0.72 0.20 0.97
3 28 29 31  0.31 0.85 0.75
3 25 26 30  0.31 0.85 0.75
4 28 26 30 31  0.31 0.85 0.75
3 25 30 33  0.72 0.20 0.97
3 31 29 32  0.72 0.20 0.97
4 25 29 32 33  0.72 0.20 0.97
3 32 33 35  0.31 0.85 0.75
3 30 31 34  0.31 0.85 0.75
4 32 31 34 35  0.31 0.85 0.75
3 34 35 37  0.72 0.20 0.97
3 33 30 36  0.72 0.20 0.97
4 34 30 36 37  0.72 0.20 0.97
3 35 33 39  0.31 0.85 0.75
3 36 37 38  0.31 0.85 0.75
4 35 37 38 39  0.31 0.85 0.75
3 38 39 41  0.72 0.20 0.97
3 33 36 40  0.72 0.20 0.97
4 38 36 40 41  0.72 0.20 0.97
3 39 33 43  0.31 0.85 0.75
3 40 41 42  0.31 0.85 0.75
4 39 41 42 43  0.31 0.85 0.75
3 33 40 45  0.72 0.20 0.97
3 42 43 44  0.72 0.20 0.97
4 33 43 44 45  0.72 0.20 0.97
3 40 42 47  0.31 0.85 0.75
3 44 45 46  0.31 0.85 0.75
4 40 45 46 47  0.31 0.85 0.75
3 42 44 49  0.72 0.20 0.97
3 46 47 48  0.72 0.20 0.97
4 42 47 48 49  0.72 0.20 0.97
3 44 46 51  0.31 0.85 0.75
3 48 49 50  0.31 0.85 0.75
4 44 49 50 51  0.31 0.85 0.75
 
 
 
