OFF
52 73 124
-0.3 -0.3 -0.3
0.3 -0.3 -0.3
0.3 0.3 -0.3
-0.3 0.3 -0.3
0.3 0.3 0.3
0.3 -0.3 0.3
0.9 -0.3 0.3
0.9 0.3 0.3
0.9 0.3 0.9
0.9 -0.3 0.9
1.5 -0.3 0.3
1.5 -0.3 0.9
1.5 -0.9 0.9
1.5 -0.9 0.3
2.1 -0.9 0.3
2.1 -0.9 0.9
2.1 -1.5 0.9
2.1 -1.5 0.3
2.7 -0.9 0.3
2.7 -1.5 0.3
2.7 -1.5 -0.3
2.7 -0.9 -0.3
3.3 -0.9 -0.3
3.3 -1.5 -0.3
3.3 -1.5 -0.9
3.3 -0.9 -0.9
3.9 -0.9 -0.9
3.9 -1.5 -0.9
3.3 -0.9 -1.5
3.3 -1.5 -1.5
2.7 -1.5 -1.5
2.7 -0.9 -1.5
2.7 -0.9 -2.1
2.7 -1.5 -2.1
2.1 -1.5 -2.1
2.1 -0.9 -2.1
2.1 -0.9 -2.7
2.1 -1.5 -2.7
1.5 -0.9 -2.7
1.5 -0.9 -2.1
1.5 -0.3 -2.1
1.5 -0.3 -2.7
0.9 -0.3 -2.7
0.9 -0.3 -2.1
0.9 0.3 -2.1
0.9 0.3 -2.7
0.3 0.3 -2.1
0.3 -0.3 -2.1
0.3 -0.3 -1.5
0.3 0.3 -1.5
-0.3 0.3 -1.5
-0.3 -0.3 -1.5
4 0 1 2 3  0.72 0.20 0.97
3 0 1 5  0.72 0.20 0.97
3 2 3 4  0.72 0.20 0.97
4 0 3 4 5  0.72 0.20 0.97
3 2 4 7  0.31 0.85 0.75
3 5 1 6   0.31 0.85 0.75
4 2 1 6 7  0.31 0.85 0.75
3 5 6 9  0.72 0.20 0.97
3 7 4 8  0.72 0.20 0.97
4 5 4 8 9  0.72 0.20 0.97
3 8 9 11  0.31 0.85 0.75
3 6 7 10   0.31 0.85 0.75
4 8 7 10 11  0.31 0.85 0.75
3 6 10 13  0.72 0.20 0.97
3 11 9 12  0.72 0.20 0.97
4 6 9 12 13  0.72 0.20 0.97
3 11 12 15  0.31 0.85 0.75
3 13 10 14   0.31 0.85 0.75
4 11 10 14 15  0.31 0.85 0.75
3 13 14 17  0.72 0.20 0.97
3 15 12 16  0.72 0.20 0.97
4 13 12 16 17  0.72 0.20 0.97
3 16 17 19  0.31 0.85 0.75
3 14 15 18   0.31 0.85 0.75
4 16 15 18 19  0.31 0.85 0.75
3 14 18 21  0.72 0.20 0.97
3 19 17 20  0.72 0.20 0.97
4 14 17 20 21  0.72 0.20 0.97
3 19 20 23  0.31 0.85 0.75
3 21 18 22   0.31 0.85 0.75
4 19 18 22 23  0.31 0.85 0.75
3 21 22 25  0.72 0.20 0.97
3 23 20 24  0.72 0.20 0.97
4 21 20 24 25  0.72 0.20 0.97
3 23 24 27  0.31 0.85 0.75
3 25 22 26   0.31 0.85 0.75
4 23 22 26 27  0.31 0.85 0.75
3 27 24 29  0.72 0.20 0.97
3 25 26 28  0.72 0.20 0.97
4 27 26 28 29  0.72 0.20 0.97
3 25 28 31  0.31 0.85 0.75
3 29 24 30   0.31 0.85 0.75
4 25 24 30 31  0.31 0.85 0.75
3 29 30 33  0.72 0.20 0.97
3 31 28 32  0.72 0.20 0.97
4 29 28 32 33  0.72 0.20 0.97
3 31 32 35  0.31 0.85 0.75
3 33 30 34   0.31 0.85 0.75
4 31 30 34 35  0.31 0.85 0.75
3 33 34 37  0.72 0.20 0.97
3 35 32 36  0.72 0.20 0.97
4 33 32 36 37  0.72 0.20 0.97
3 34 35 39  0.31 0.85 0.75
3 36 37 38   0.31 0.85 0.75
4 34 37 38 39  0.31 0.85 0.75
3 36 38 41  0.72 0.20 0.97
3 39 35 40  0.72 0.20 0.97
4 36 35 40 41  0.72 0.20 0.97
3 39 40 43  0.31 0.85 0.75
3 41 38 42   0.31 0.85 0.75
4 39 38 42 43  0.31 0.85 0.75
3 41 42 45  0.72 0.20 0.97
3 43 40 44  0.72 0.20 0.97
4 41 40 44 45  0.72 0.20 0.97
3 42 43 47  0.31 0.85 0.75
3 44 45 46   0.31 0.85 0.75
4 42 45 46 47  0.31 0.85 0.75
3 44 46 49  0.72 0.20 0.97
3 47 43 48  0.72 0.20 0.97
4 44 43 48 49  0.72 0.20 0.97
3 47 48 51  0.31 0.85 0.75
3 49 46 50   0.31 0.85 0.75
4 47 46 50 51  0.31 0.85 0.75



