OFF
52 73 124
-0.3 -0.3 -0.3
0.3 -0.3 -0.3
0.3 0.3 -0.3
-0.3 0.3 -0.3
0.3 0.3 0.3
0.3 -0.3 0.3
0.9 -0.3 -0.3
0.9 -0.3 0.3
0.9 -0.9 0.3
0.9 -0.9 -0.3
1.5 -0.3 0.3
1.5 -0.3 -0.3
0.9 0.3 -0.3
1.5 0.3 -0.3
1.5 -0.3 -0.9
1.5 0.3 -0.9
2.1 -0.3 -0.9
2.1 -0.3 -0.3
2.1 -0.9 -0.9
1.5 -0.9 -0.9
2.1 -0.3 -1.5
1.5 -0.3 -1.5
1.5 0.3 -1.5
2.1 0.3 -1.5
1.5 0.3 -2.1
1.5 -0.3 -2.1
0.9 0.3 -1.5
0.9 -0.3 -1.5
1.5 -0.3 -0.9
0.9 -0.3 -0.9
0.9 -0.9 -0.9
1.5 -0.9 -0.9
0.9 -0.9 -0.3
0.9 -0.3 -0.3
0.3 -0.3 -0.9
0.3 -0.3 -0.3
0.9 0.3 -0.9
0.9 0.3 -0.3
1.5 0.3 -0.9
1.5 -0.3 -0.9
1.5 0.3 -1.5
0.9 0.3 -1.5
0.9 0.9 -0.9
0.9 0.9 -1.5
0.3 0.9 -0.9
0.3 0.3 -0.9
0.9 0.3 -0.3
0.3 0.3 -0.3
0.3 -0.3 -0.9
0.3 -0.3 -0.3
-0.3 0.3 -0.3
-0.3 -0.3 -0.3
4 0 1 2 3  0.72 0.20 0.97
3 0 1 5  0.72 0.20 0.97
3 2 3 4  0.72 0.20 0.97
4 0 3 4 5  0.72 0.20 0.97
3 4 5 7  0.31 0.85 0.75
3 1 2 6   0.31 0.85 0.75
4 4 2 6 7  0.31 0.85 0.75
3 1 6 9  0.72 0.20 0.97
3 7 5 8  0.72 0.20 0.97
4 1 5 8 9  0.72 0.20 0.97
3 9 6 11  0.31 0.85 0.75
3 7 8 10   0.31 0.85 0.75
4 9 8 10 11  0.31 0.85 0.75
3 10 11 13  0.72 0.20 0.97
3 6 7 12  0.72 0.20 0.97
4 10 7 12 13  0.72 0.20 0.97
3 12 13 15  0.31 0.85 0.75
3 11 6 14   0.31 0.85 0.75
4 12 6 14 15  0.31 0.85 0.75
3 13 11 17  0.72 0.20 0.97
3 14 15 16  0.72 0.20 0.97
4 13 15 16 17  0.72 0.20 0.97
3 11 14 19  0.31 0.85 0.75
3 16 17 18   0.31 0.85 0.75
4 11 17 18 19  0.31 0.85 0.75
3 19 14 21  0.72 0.20 0.97
3 16 18 20  0.72 0.20 0.97
4 19 18 20 21  0.72 0.20 0.97
3 16 20 23  0.31 0.85 0.75
3 21 14 22   0.31 0.85 0.75
4 16 14 22 23  0.31 0.85 0.75
3 20 21 25  0.72 0.20 0.97
3 22 23 24  0.72 0.20 0.97
4 20 23 24 25  0.72 0.20 0.97
3 25 21 27  0.31 0.85 0.75
3 22 24 26   0.31 0.85 0.75
4 25 24 26 27  0.31 0.85 0.75
3 26 27 29  0.72 0.20 0.97
3 21 22 28  0.72 0.20 0.97
4 26 22 28 29  0.72 0.20 0.97
3 21 28 31  0.31 0.85 0.75
3 29 27 30   0.31 0.85 0.75
4 21 27 30 31  0.31 0.85 0.75
3 28 29 33  0.72 0.20 0.97
3 30 31 32  0.72 0.20 0.97
4 28 31 32 33  0.72 0.20 0.97
3 32 33 35  0.31 0.85 0.75
3 29 30 34   0.31 0.85 0.75
4 32 30 34 35  0.31 0.85 0.75
3 35 33 37  0.72 0.20 0.97
3 29 34 36  0.72 0.20 0.97
4 35 34 36 37  0.72 0.20 0.97
3 33 29 39  0.31 0.85 0.75
3 36 37 38   0.31 0.85 0.75
4 33 37 38 39  0.31 0.85 0.75
3 29 36 41  0.72 0.20 0.97
3 38 39 40  0.72 0.20 0.97
4 29 39 40 41  0.72 0.20 0.97
3 40 41 43  0.31 0.85 0.75
3 36 38 42   0.31 0.85 0.75
4 40 38 42 43  0.31 0.85 0.75
3 41 36 45  0.72 0.20 0.97
3 42 43 44  0.72 0.20 0.97
4 41 43 44 45  0.72 0.20 0.97
3 44 45 47  0.31 0.85 0.75
3 36 42 46   0.31 0.85 0.75
4 44 42 46 47  0.31 0.85 0.75
3 46 47 49  0.72 0.20 0.97
3 45 36 48  0.72 0.20 0.97
4 46 36 48 49  0.72 0.20 0.97
3 48 49 51  0.31 0.85 0.75
3 47 45 50   0.31 0.85 0.75
4 48 45 50 51  0.31 0.85 0.75



