OFF
52 73 124
-0.4 -0.4 -0.4
0.4 -0.4 -0.4
0.4 0.4 -0.4
-0.4 0.4 -0.4
0.4 0.4 0.4
0.4 -0.4 0.4
1.2 0.4 -0.4
1.2 -0.4 -0.4
0.4 -0.4 -1.2
1.2 -0.4 -1.2
0.4 -1.2 -1.2
0.4 -1.2 -0.4
-0.4 -0.4 -0.4
-0.4 -1.2 -0.4
-0.4 -1.2 0.4
-0.4 -0.4 0.4
-1.2 -0.3999999 0.4
-1.2 -1.2 0.4
-1.2 -0.3999999 1.2
-0.4 -0.3999999 1.2
-0.4 0.4000001 0.4
-0.4 0.4000001 1.2
0.4 0.4000001 0.4
0.4 -0.4 0.4
-0.4 0.4000001 -0.4
-0.4 -0.4 -0.4
-1.2 0.4000001 -0.4
-1.2 0.4000001 0.4
-0.4 1.2 -0.4
-0.4 1.2 0.4
0.4 0.4000001 0.4
0.4 1.2 0.4
0.4 1.2 1.2
0.4 0.4000001 1.2
1.2 0.4000001 1.2
1.2 1.2 1.2
1.2 1.2 2
1.2 0.4000001 2
2 1.2 1.2
2 0.4000001 1.2
1.2 1.2 0.4000001
1.2 0.4000001 0.4000001
0.4000001 0.4000001 0.4000001
0.4000001 1.2 0.4000001
0.4000001 1.2 -0.3999999
0.4000001 0.4000001 -0.3999999
-0.3999999 0.4000001 -0.3999999
-0.3999999 1.2 -0.3999999
-0.3999999 0.4000001 -1.2
0.4000001 0.4000001 -1.2
-0.3999999 -0.4 -0.3999999
0.4000001 -0.4 -0.3999999
4 0 1 2 3 0.72 0.20 0.97
3 0 1 5 0.72 0.20 0.97
3 2 3 4 0.72 0.20 0.97
4 0 3 4 5 0.72 0.20 0.97
3 5 1 7  0.31 0.85 0.75
3 2 4 6  0.31 0.85 0.75
4 5 4 6 7  0.31 0.85 0.75
3 6 7 9  0.72 0.20 0.97
3 1 2 8  0.72 0.20 0.97
4 6 2 8 9  0.72 0.20 0.97
3 7 1 11  0.31 0.85 0.75
3 8 9 10  0.31 0.85 0.75
4 7 9 10 11  0.31 0.85 0.75
3 10 11 13  0.72 0.20 0.97
3 1 8 12  0.72 0.20 0.97
4 10 8 12 13  0.72 0.20 0.97
3 1 12 15  0.31 0.85 0.75
3 13 11 14  0.31 0.85 0.75
4 1 11 14 15  0.31 0.85 0.75
3 13 14 17  0.72 0.20 0.97
3 15 12 16  0.72 0.20 0.97
4 13 12 16 17  0.72 0.20 0.97
3 14 15 19  0.31 0.85 0.75
3 16 17 18  0.31 0.85 0.75
4 14 17 18 19  0.31 0.85 0.75
3 18 19 21  0.72 0.20 0.97
3 15 16 20  0.72 0.20 0.97
4 18 16 20 21  0.72 0.20 0.97
3 19 15 23  0.31 0.85 0.75
3 20 21 22  0.31 0.85 0.75
4 19 21 22 23  0.31 0.85 0.75
3 23 15 25  0.72 0.20 0.97
3 20 22 24  0.72 0.20 0.97
4 23 22 24 25  0.72 0.20 0.97
3 15 20 27  0.31 0.85 0.75
3 24 25 26  0.31 0.85 0.75
4 15 25 26 27  0.31 0.85 0.75
3 27 20 29  0.72 0.20 0.97
3 24 26 28  0.72 0.20 0.97
4 27 26 28 29  0.72 0.20 0.97
3 28 29 31  0.31 0.85 0.75
3 20 24 30  0.31 0.85 0.75
4 28 24 30 31  0.31 0.85 0.75
3 20 30 33  0.72 0.20 0.97
3 31 29 32  0.72 0.20 0.97
4 20 29 32 33  0.72 0.20 0.97
3 31 32 35  0.31 0.85 0.75
3 33 30 34  0.31 0.85 0.75
4 31 30 34 35  0.31 0.85 0.75
3 33 34 37  0.72 0.20 0.97
3 35 32 36  0.72 0.20 0.97
4 33 32 36 37  0.72 0.20 0.97
3 37 34 39  0.31 0.85 0.75
3 35 36 38  0.31 0.85 0.75
4 37 36 38 39  0.31 0.85 0.75
3 39 34 41  0.72 0.20 0.97
3 35 38 40  0.72 0.20 0.97
4 39 38 40 41  0.72 0.20 0.97
3 35 40 43  0.31 0.85 0.75
3 41 34 42  0.31 0.85 0.75
4 35 34 42 43  0.31 0.85 0.75
3 41 42 45  0.72 0.20 0.97
3 43 40 44  0.72 0.20 0.97
4 41 40 44 45  0.72 0.20 0.97
3 43 44 47  0.31 0.85 0.75
3 45 42 46  0.31 0.85 0.75
4 43 42 46 47  0.31 0.85 0.75
3 44 45 49  0.72 0.20 0.97
3 46 47 48  0.72 0.20 0.97
4 44 47 48 49  0.72 0.20 0.97
3 49 45 51  0.31 0.85 0.75
3 46 48 50  0.31 0.85 0.75
4 49 48 50 51  0.31 0.85 0.75
 
 
 
