OFF
52 73 124
-0.3 -0.3 -0.3
0.3 -0.3 -0.3
0.3 0.3 -0.3
-0.3 0.3 -0.3
0.3 0.3 0.3
0.3 -0.3 0.3
0.9 -0.3 0.3
0.9 0.3 0.3
0.9 -0.3 0.9
0.3 -0.3 0.9
0.9 -0.9 0.3
0.3 -0.9 0.3
0.3 -0.3 -0.3
0.3 -0.9 -0.3
-0.3 -0.9 0.3
-0.3 -0.9 -0.3
0.3 -1.5 -0.3
-0.3 -1.5 -0.3
-0.3 -1.5 -0.9
0.3 -1.5 -0.9
0.3 -2.1 -0.3
0.3 -2.1 -0.9
0.9 -1.5 -0.3
0.9 -1.5 -0.9
0.9 -0.9 -0.3
0.3 -0.9 -0.3
0.9 -0.9 0.3
0.9 -1.5 0.3
1.5 -0.9 -0.3
1.5 -1.5 -0.3
0.9 -1.5 -0.9
1.5 -1.5 -0.9
1.5 -2.1 -0.3
1.5 -2.1 -0.9
2.1 -1.5 -0.3
2.1 -1.5 -0.9
2.1 -0.9 -0.3
1.5 -0.9 -0.3
1.5 -0.9 0.3
2.1 -0.9 0.3
1.5 -0.3 0.3
1.5 -0.3 -0.3
0.9 -0.3 0.3
0.9 -0.9 0.3
0.9 -0.3 0.9
1.5 -0.3 0.9
0.9 0.3 0.3
1.5 0.3 0.3
1.5 -0.3 -0.3
1.5 0.3 -0.3
2.1 0.3 -0.3
2.1 -0.3 -0.3
4 0 1 2 3  0.72 0.20 0.97
3 0 1 5  0.72 0.20 0.97
3 2 3 4  0.72 0.20 0.97
4 0 3 4 5  0.72 0.20 0.97
3 2 4 7  0.31 0.85 0.75
3 5 1 6   0.31 0.85 0.75
4 2 1 6 7  0.31 0.85 0.75
3 4 5 9  0.72 0.20 0.97
3 6 7 8  0.72 0.20 0.97
4 4 7 8 9  0.72 0.20 0.97
3 9 5 11  0.31 0.85 0.75
3 6 8 10   0.31 0.85 0.75
4 9 8 10 11  0.31 0.85 0.75
3 10 11 13  0.72 0.20 0.97
3 5 6 12  0.72 0.20 0.97
4 10 6 12 13  0.72 0.20 0.97
3 12 13 15  0.31 0.85 0.75
3 11 5 14   0.31 0.85 0.75
4 12 5 14 15  0.31 0.85 0.75
3 14 15 17  0.72 0.20 0.97
3 13 11 16  0.72 0.20 0.97
4 14 11 16 17  0.72 0.20 0.97
3 13 16 19  0.31 0.85 0.75
3 17 15 18   0.31 0.85 0.75
4 13 15 18 19  0.31 0.85 0.75
3 18 19 21  0.72 0.20 0.97
3 16 17 20  0.72 0.20 0.97
4 18 17 20 21  0.72 0.20 0.97
3 21 19 23  0.31 0.85 0.75
3 16 20 22   0.31 0.85 0.75
4 21 20 22 23  0.31 0.85 0.75
3 19 16 25  0.72 0.20 0.97
3 22 23 24  0.72 0.20 0.97
4 19 23 24 25  0.72 0.20 0.97
3 16 22 27  0.31 0.85 0.75
3 24 25 26   0.31 0.85 0.75
4 16 25 26 27  0.31 0.85 0.75
3 27 22 29  0.72 0.20 0.97
3 24 26 28  0.72 0.20 0.97
4 27 26 28 29  0.72 0.20 0.97
3 28 29 31  0.31 0.85 0.75
3 22 24 30   0.31 0.85 0.75
4 28 24 30 31  0.31 0.85 0.75
3 30 31 33  0.72 0.20 0.97
3 29 22 32  0.72 0.20 0.97
4 30 22 32 33  0.72 0.20 0.97
3 33 31 35  0.31 0.85 0.75
3 29 32 34   0.31 0.85 0.75
4 33 32 34 35  0.31 0.85 0.75
3 31 29 37  0.72 0.20 0.97
3 34 35 36  0.72 0.20 0.97
4 31 35 36 37  0.72 0.20 0.97
3 34 36 39  0.31 0.85 0.75
3 37 29 38   0.31 0.85 0.75
4 34 29 38 39  0.31 0.85 0.75
3 36 37 41  0.72 0.20 0.97
3 38 39 40  0.72 0.20 0.97
4 36 39 40 41  0.72 0.20 0.97
3 37 38 43  0.31 0.85 0.75
3 40 41 42   0.31 0.85 0.75
4 37 41 42 43  0.31 0.85 0.75
3 38 40 45  0.72 0.20 0.97
3 42 43 44  0.72 0.20 0.97
4 38 43 44 45  0.72 0.20 0.97
3 45 40 47  0.31 0.85 0.75
3 42 44 46   0.31 0.85 0.75
4 45 44 46 47  0.31 0.85 0.75
3 46 47 49  0.72 0.20 0.97
3 40 42 48  0.72 0.20 0.97
4 46 42 48 49  0.72 0.20 0.97
3 40 48 51  0.31 0.85 0.75
3 49 47 50   0.31 0.85 0.75
4 40 47 50 51  0.31 0.85 0.75



