OFF
52 73 124
-0.4 -0.4 -0.4
0.4 -0.4 -0.4
0.4 0.4 -0.4
-0.4 0.4 -0.4
0.4 0.4 0.4
0.4 -0.4 0.4
1.2 -0.4 0.4
1.2 0.4 0.4
1.2 -0.4 1.2
0.4 -0.4 1.2
0.4 -1.2 0.4
0.4 -1.2 1.2
-0.4 -1.2 1.2
-0.4 -1.2 0.4
-0.4 -2 0.4
-0.4 -2 1.2
-1.2 -1.2 0.4
-1.2 -1.2 1.2
-0.4 -0.4000001 0.4
-0.4 -0.4000001 1.2
0.4 -0.4000001 1.2
0.4 -0.4000001 0.4
-0.4 0.3999999 0.4
0.4 0.3999999 0.4
-0.4 0.3999999 -0.4
-0.4 -0.4000001 -0.4
-1.2 -0.4000001 0.4
-1.2 -0.4000001 -0.4
-0.4 -1.2 0.4
-0.4 -1.2 -0.4
0.4 -0.4000001 -0.4
0.4 -1.2 -0.4
0.4 -0.4000001 -1.2
-0.4 -0.4000001 -1.2
-0.4 0.3999999 -0.4
-0.4 0.3999999 -1.2
-1.2 0.3999999 -1.2
-1.2 0.3999999 -0.4
-0.4 1.2 -1.2
-0.4 1.2 -0.4
0.4 0.3999999 -1.2
0.4 0.3999999 -0.4
0.4 -0.4000001 -0.4
0.4 -0.4000001 -1.2
1.2 -0.4000001 -1.2
1.2 -0.4000001 -0.4
0.4 -1.2 -0.4
1.2 -1.2 -0.4
0.4 -1.2 0.4
0.4 -0.4000001 0.4
-0.4000001 -0.4000001 0.4
-0.4000001 -1.2 0.4
4 0 1 2 3 0.72 0.20 0.97
3 0 1 5 0.72 0.20 0.97
3 2 3 4 0.72 0.20 0.97
4 0 3 4 5 0.72 0.20 0.97
3 2 4 7  0.31 0.85 0.75
3 5 1 6  0.31 0.85 0.75
4 2 1 6 7  0.31 0.85 0.75
3 4 5 9  0.72 0.20 0.97
3 6 7 8  0.72 0.20 0.97
4 4 7 8 9  0.72 0.20 0.97
3 8 9 11  0.31 0.85 0.75
3 5 6 10  0.31 0.85 0.75
4 8 6 10 11  0.31 0.85 0.75
3 5 10 13  0.72 0.20 0.97
3 11 9 12  0.72 0.20 0.97
4 5 9 12 13  0.72 0.20 0.97
3 11 12 15  0.31 0.85 0.75
3 13 10 14  0.31 0.85 0.75
4 11 10 14 15  0.31 0.85 0.75
3 15 12 17  0.72 0.20 0.97
3 13 14 16  0.72 0.20 0.97
4 15 14 16 17  0.72 0.20 0.97
3 17 12 19  0.31 0.85 0.75
3 13 16 18  0.31 0.85 0.75
4 17 16 18 19  0.31 0.85 0.75
3 13 18 21  0.72 0.20 0.97
3 19 12 20  0.72 0.20 0.97
4 13 12 20 21  0.72 0.20 0.97
3 20 21 23  0.31 0.85 0.75
3 18 19 22  0.31 0.85 0.75
4 20 19 22 23  0.31 0.85 0.75
3 21 18 25  0.72 0.20 0.97
3 22 23 24  0.72 0.20 0.97
4 21 23 24 25  0.72 0.20 0.97
3 24 25 27  0.31 0.85 0.75
3 18 22 26  0.31 0.85 0.75
4 24 22 26 27  0.31 0.85 0.75
3 27 25 29  0.72 0.20 0.97
3 18 26 28  0.72 0.20 0.97
4 27 26 28 29  0.72 0.20 0.97
3 28 29 31  0.31 0.85 0.75
3 25 18 30  0.31 0.85 0.75
4 28 18 30 31  0.31 0.85 0.75
3 29 25 33  0.72 0.20 0.97
3 30 31 32  0.72 0.20 0.97
4 29 31 32 33  0.72 0.20 0.97
3 32 33 35  0.31 0.85 0.75
3 25 30 34  0.31 0.85 0.75
4 32 30 34 35  0.31 0.85 0.75
3 25 34 37  0.72 0.20 0.97
3 35 33 36  0.72 0.20 0.97
4 25 33 36 37  0.72 0.20 0.97
3 37 34 39  0.31 0.85 0.75
3 35 36 38  0.31 0.85 0.75
4 37 36 38 39  0.31 0.85 0.75
3 39 34 41  0.72 0.20 0.97
3 35 38 40  0.72 0.20 0.97
4 39 38 40 41  0.72 0.20 0.97
3 35 40 43  0.31 0.85 0.75
3 41 34 42  0.31 0.85 0.75
4 35 34 42 43  0.31 0.85 0.75
3 41 42 45  0.72 0.20 0.97
3 43 40 44  0.72 0.20 0.97
4 41 40 44 45  0.72 0.20 0.97
3 44 45 47  0.31 0.85 0.75
3 42 43 46  0.31 0.85 0.75
4 44 43 46 47  0.31 0.85 0.75
3 45 42 49  0.72 0.20 0.97
3 46 47 48  0.72 0.20 0.97
4 45 47 48 49  0.72 0.20 0.97
3 46 48 51  0.31 0.85 0.75
3 49 42 50  0.31 0.85 0.75
4 46 42 50 51  0.31 0.85 0.75
 
 
 
