OFF
52 73 124
-0.3 -0.3 -0.3
0.3 -0.3 -0.3
0.3 0.3 -0.3
-0.3 0.3 -0.3
0.3 0.3 0.3
0.3 -0.3 0.3
0.9 -0.3 -0.3
0.9 -0.3 0.3
0.3 -0.9 -0.3
0.3 -0.9 0.3
-0.3 -0.9 -0.3
-0.3 -0.3 -0.3
0.3 -0.9 -0.9
0.3 -0.3 -0.9
0.9 -0.9 -0.9
0.9 -0.9 -0.3
0.9 -1.5 -0.3
0.9 -1.5 -0.9
1.5 -0.9 -0.3
1.5 -0.9 -0.9
1.5 -0.3 -0.9
1.5 -0.3 -0.3
2.1 -0.3 -0.3
2.1 -0.3 -0.9
1.5 0.3 -0.3
1.5 0.3 -0.9
0.9 -0.3 -0.3
0.9 -0.3 -0.9
0.9 -0.9 -0.9
0.9 -0.9 -0.3
0.3 -0.3 -0.9
0.3 -0.3 -0.3
0.9 0.3 -0.9
0.9 0.3 -0.3
1.5 0.3 -0.3
1.5 0.3 -0.9
1.5 0.9 -0.3
0.9 0.9 -0.3
1.5 0.3 0.3
0.9 0.3 0.3
0.9 -0.3 -0.3
0.9 -0.3 0.3
0.3 0.3 -0.3
0.3 0.3 0.3
0.3 0.9 -0.3
0.9 0.9 -0.3
0.3 0.3 -0.9
0.9 0.3 -0.9
0.3 -0.3 -0.9
0.3 -0.3 -0.3
-0.3 0.3 -0.3
-0.3 -0.3 -0.3
4 0 1 2 3  0.72 0.20 0.97
3 0 1 5  0.72 0.20 0.97
3 2 3 4  0.72 0.20 0.97
4 0 3 4 5  0.72 0.20 0.97
3 4 5 7  0.31 0.85 0.75
3 1 2 6   0.31 0.85 0.75
4 4 2 6 7  0.31 0.85 0.75
3 7 5 9  0.72 0.20 0.97
3 1 6 8  0.72 0.20 0.97
4 7 6 8 9  0.72 0.20 0.97
3 5 1 11  0.31 0.85 0.75
3 8 9 10   0.31 0.85 0.75
4 5 9 10 11  0.31 0.85 0.75
3 11 1 13  0.72 0.20 0.97
3 8 10 12  0.72 0.20 0.97
4 11 10 12 13  0.72 0.20 0.97
3 1 8 15  0.31 0.85 0.75
3 12 13 14   0.31 0.85 0.75
4 1 13 14 15  0.31 0.85 0.75
3 12 14 17  0.72 0.20 0.97
3 15 8 16  0.72 0.20 0.97
4 12 8 16 17  0.72 0.20 0.97
3 17 14 19  0.31 0.85 0.75
3 15 16 18   0.31 0.85 0.75
4 17 16 18 19  0.31 0.85 0.75
3 15 18 21  0.72 0.20 0.97
3 19 14 20  0.72 0.20 0.97
4 15 14 20 21  0.72 0.20 0.97
3 19 20 23  0.31 0.85 0.75
3 21 18 22   0.31 0.85 0.75
4 19 18 22 23  0.31 0.85 0.75
3 23 20 25  0.72 0.20 0.97
3 21 22 24  0.72 0.20 0.97
4 23 22 24 25  0.72 0.20 0.97
3 25 20 27  0.31 0.85 0.75
3 21 24 26   0.31 0.85 0.75
4 25 24 26 27  0.31 0.85 0.75
3 21 26 29  0.72 0.20 0.97
3 27 20 28  0.72 0.20 0.97
4 21 20 28 29  0.72 0.20 0.97
3 29 26 31  0.31 0.85 0.75
3 27 28 30   0.31 0.85 0.75
4 29 28 30 31  0.31 0.85 0.75
3 31 26 33  0.72 0.20 0.97
3 27 30 32  0.72 0.20 0.97
4 31 30 32 33  0.72 0.20 0.97
3 27 32 35  0.31 0.85 0.75
3 33 26 34   0.31 0.85 0.75
4 27 26 34 35  0.31 0.85 0.75
3 32 33 37  0.72 0.20 0.97
3 34 35 36  0.72 0.20 0.97
4 32 35 36 37  0.72 0.20 0.97
3 37 33 39  0.31 0.85 0.75
3 34 36 38   0.31 0.85 0.75
4 37 36 38 39  0.31 0.85 0.75
3 38 39 41  0.72 0.20 0.97
3 33 34 40  0.72 0.20 0.97
4 38 34 40 41  0.72 0.20 0.97
3 41 39 43  0.31 0.85 0.75
3 33 40 42   0.31 0.85 0.75
4 41 40 42 43  0.31 0.85 0.75
3 39 33 45  0.72 0.20 0.97
3 42 43 44  0.72 0.20 0.97
4 39 43 44 45  0.72 0.20 0.97
3 45 33 47  0.31 0.85 0.75
3 42 44 46   0.31 0.85 0.75
4 45 44 46 47  0.31 0.85 0.75
3 33 42 49  0.72 0.20 0.97
3 46 47 48  0.72 0.20 0.97
4 33 47 48 49  0.72 0.20 0.97
3 48 49 51  0.31 0.85 0.75
3 42 46 50   0.31 0.85 0.75
4 48 46 50 51  0.31 0.85 0.75



