OFF
52 73 124
-0.3 -0.3 -0.3
0.3 -0.3 -0.3
0.3 0.3 -0.3
-0.3 0.3 -0.3
0.3 0.3 0.3
0.3 -0.3 0.3
0.9 0.3 -0.3
0.9 -0.3 -0.3
0.9 -0.3 -0.9
0.9 0.3 -0.9
1.5 0.3 -0.9
1.5 -0.3 -0.9
1.5 -0.3 -1.5
1.5 0.3 -1.5
2.1 -0.3 -0.9
2.1 0.3 -0.9
2.1 -0.3 -0.3
1.5 -0.3 -0.3
2.1 -0.9 -0.9
1.5 -0.9 -0.9
1.5 -0.3 -1.5
1.5 -0.9 -1.5
0.9 -0.3 -0.9
0.9 -0.9 -0.9
1.5 -0.9 -0.3
0.9 -0.9 -0.3
1.5 -1.5 -0.9
0.9 -1.5 -0.9
0.9 -0.9 -1.5
0.9 -1.5 -1.5
0.3 -0.9 -1.5
0.3 -0.9 -0.9
0.9 -0.3 -1.5
0.9 -0.3 -0.9
1.5 -0.3 -1.5
1.5 -0.9 -1.5
0.9 -0.3 -2.1
0.9 -0.9 -2.1
0.3 -0.3 -2.1
0.3 -0.3 -1.5
0.9 0.3 -2.1
0.9 0.3 -1.5
1.5 -0.3 -1.5
1.5 0.3 -1.5
0.9 -0.3 -0.9
0.9 0.3 -0.9
0.3 0.3 -0.9
0.3 -0.3 -0.9
0.3 -0.3 -0.3
0.3 0.3 -0.3
-0.3 0.3 -0.3
-0.3 -0.3 -0.3
4 0 1 2 3  0.72 0.20 0.97
3 0 1 5  0.72 0.20 0.97
3 2 3 4  0.72 0.20 0.97
4 0 3 4 5  0.72 0.20 0.97
3 5 1 7  0.31 0.85 0.75
3 2 4 6   0.31 0.85 0.75
4 5 4 6 7  0.31 0.85 0.75
3 2 6 9  0.72 0.20 0.97
3 7 1 8  0.72 0.20 0.97
4 2 1 8 9  0.72 0.20 0.97
3 7 8 11  0.31 0.85 0.75
3 9 6 10   0.31 0.85 0.75
4 7 6 10 11  0.31 0.85 0.75
3 9 10 13  0.72 0.20 0.97
3 11 8 12  0.72 0.20 0.97
4 9 8 12 13  0.72 0.20 0.97
3 13 10 15  0.31 0.85 0.75
3 11 12 14   0.31 0.85 0.75
4 13 12 14 15  0.31 0.85 0.75
3 10 11 17  0.72 0.20 0.97
3 14 15 16  0.72 0.20 0.97
4 10 15 16 17  0.72 0.20 0.97
3 17 11 19  0.31 0.85 0.75
3 14 16 18   0.31 0.85 0.75
4 17 16 18 19  0.31 0.85 0.75
3 18 19 21  0.72 0.20 0.97
3 11 14 20  0.72 0.20 0.97
4 18 14 20 21  0.72 0.20 0.97
3 21 19 23  0.31 0.85 0.75
3 11 20 22   0.31 0.85 0.75
4 21 20 22 23  0.31 0.85 0.75
3 22 23 25  0.72 0.20 0.97
3 19 11 24  0.72 0.20 0.97
4 22 11 24 25  0.72 0.20 0.97
3 25 23 27  0.31 0.85 0.75
3 19 24 26   0.31 0.85 0.75
4 25 24 26 27  0.31 0.85 0.75
3 26 27 29  0.72 0.20 0.97
3 23 19 28  0.72 0.20 0.97
4 26 19 28 29  0.72 0.20 0.97
3 27 23 31  0.31 0.85 0.75
3 28 29 30   0.31 0.85 0.75
4 27 29 30 31  0.31 0.85 0.75
3 31 23 33  0.72 0.20 0.97
3 28 30 32  0.72 0.20 0.97
4 31 30 32 33  0.72 0.20 0.97
3 23 28 35  0.31 0.85 0.75
3 32 33 34   0.31 0.85 0.75
4 23 33 34 35  0.31 0.85 0.75
3 35 28 37  0.72 0.20 0.97
3 32 34 36  0.72 0.20 0.97
4 35 34 36 37  0.72 0.20 0.97
3 28 32 39  0.31 0.85 0.75
3 36 37 38   0.31 0.85 0.75
4 28 37 38 39  0.31 0.85 0.75
3 39 32 41  0.72 0.20 0.97
3 36 38 40  0.72 0.20 0.97
4 39 38 40 41  0.72 0.20 0.97
3 40 41 43  0.31 0.85 0.75
3 32 36 42   0.31 0.85 0.75
4 40 36 42 43  0.31 0.85 0.75
3 43 41 45  0.72 0.20 0.97
3 32 42 44  0.72 0.20 0.97
4 43 42 44 45  0.72 0.20 0.97
3 32 44 47  0.31 0.85 0.75
3 45 41 46   0.31 0.85 0.75
4 32 41 46 47  0.31 0.85 0.75
3 45 46 49  0.72 0.20 0.97
3 47 44 48  0.72 0.20 0.97
4 45 44 48 49  0.72 0.20 0.97
3 47 48 51  0.31 0.85 0.75
3 49 46 50   0.31 0.85 0.75
4 47 46 50 51  0.31 0.85 0.75



