OFF
52 73 124
-0.4 -0.4 -0.4
0.4 -0.4 -0.4
0.4 0.4 -0.4
-0.4 0.4 -0.4
0.4 0.4 0.4
0.4 -0.4 0.4
1.2 0.4 -0.4
1.2 -0.4 -0.4
0.4 0.4 -1.2
0.4 -0.4 -1.2
-0.4 -0.4 -1.2
-0.4 0.4 -1.2
0.4 -0.4 -2
0.4 0.4 -2
1.2 0.4 -1.2
1.2 0.4 -2
0.4 1.2 -2
1.2 1.2 -2
1.2 0.4 -2.8
1.2 1.2 -2.8
2 0.4 -2.8
2 0.4 -2
1.2 -0.4 -2
2 -0.4 -2
1.2 -0.4 -1.2
1.2 0.4 -1.2
0.4 -0.4 -1.2
0.4 -0.4 -2
1.2 -1.2 -2
0.4 -1.2 -2
1.2 -1.2 -2.8
1.2 -0.4 -2.8
2 -0.4 -2
2 -0.4 -2.8
1.2 0.4 -2.8
2 0.4 -2.8
1.2 0.4 -3.6
1.2 -0.4 -3.6
0.4 0.4 -2.8
0.4 -0.4 -2.8
0.4 -0.4 -2
0.4 0.4 -2
-0.4 -0.4 -2.8
-0.4 0.4 -2.8
-0.4 0.4 -3.6
-0.4 -0.4 -3.6
-1.2 -0.4 -3.6
-1.2 0.4 -3.6
-0.4 -0.4 -4.4
-0.4 0.4 -4.4
0.4 0.4 -4.4
0.4 -0.4 -4.4
4 0 1 2 3  0.72 0.20 0.97
3 0 1 5  0.72 0.20 0.97
3 2 3 4  0.72 0.20 0.97
4 0 3 4 5  0.72 0.20 0.97
3 5 1 7  0.31 0.85 0.75
3 2 4 6   0.31 0.85 0.75
4 5 4 6 7  0.31 0.85 0.75
3 7 1 9  0.72 0.20 0.97
3 2 6 8  0.72 0.20 0.97
4 7 6 8 9  0.72 0.20 0.97
3 2 8 11  0.31 0.85 0.75
3 9 1 10   0.31 0.85 0.75
4 2 1 10 11  0.31 0.85 0.75
3 11 8 13  0.72 0.20 0.97
3 9 10 12  0.72 0.20 0.97
4 11 10 12 13  0.72 0.20 0.97
3 12 13 15  0.31 0.85 0.75
3 8 9 14   0.31 0.85 0.75
4 12 9 14 15  0.31 0.85 0.75
3 14 15 17  0.72 0.20 0.97
3 13 8 16  0.72 0.20 0.97
4 14 8 16 17  0.72 0.20 0.97
3 16 17 19  0.31 0.85 0.75
3 15 13 18   0.31 0.85 0.75
4 16 13 18 19  0.31 0.85 0.75
3 17 15 21  0.72 0.20 0.97
3 18 19 20  0.72 0.20 0.97
4 17 19 20 21  0.72 0.20 0.97
3 20 21 23  0.31 0.85 0.75
3 15 18 22   0.31 0.85 0.75
4 20 18 22 23  0.31 0.85 0.75
3 21 15 25  0.72 0.20 0.97
3 22 23 24  0.72 0.20 0.97
4 21 23 24 25  0.72 0.20 0.97
3 15 22 27  0.31 0.85 0.75
3 24 25 26   0.31 0.85 0.75
4 15 25 26 27  0.31 0.85 0.75
3 26 27 29  0.72 0.20 0.97
3 22 24 28  0.72 0.20 0.97
4 26 24 28 29  0.72 0.20 0.97
3 27 22 31  0.31 0.85 0.75
3 28 29 30   0.31 0.85 0.75
4 27 29 30 31  0.31 0.85 0.75
3 30 31 33  0.72 0.20 0.97
3 22 28 32  0.72 0.20 0.97
4 30 28 32 33  0.72 0.20 0.97
3 32 33 35  0.31 0.85 0.75
3 31 22 34   0.31 0.85 0.75
4 32 22 34 35  0.31 0.85 0.75
3 33 31 37  0.72 0.20 0.97
3 34 35 36  0.72 0.20 0.97
4 33 35 36 37  0.72 0.20 0.97
3 37 31 39  0.31 0.85 0.75
3 34 36 38   0.31 0.85 0.75
4 37 36 38 39  0.31 0.85 0.75
3 34 38 41  0.72 0.20 0.97
3 39 31 40  0.72 0.20 0.97
4 34 31 40 41  0.72 0.20 0.97
3 41 38 43  0.31 0.85 0.75
3 39 40 42   0.31 0.85 0.75
4 41 40 42 43  0.31 0.85 0.75
3 39 42 45  0.72 0.20 0.97
3 43 38 44  0.72 0.20 0.97
4 39 38 44 45  0.72 0.20 0.97
3 43 44 47  0.31 0.85 0.75
3 45 42 46   0.31 0.85 0.75
4 43 42 46 47  0.31 0.85 0.75
3 47 44 49  0.72 0.20 0.97
3 45 46 48  0.72 0.20 0.97
4 47 46 48 49  0.72 0.20 0.97
3 45 48 51  0.31 0.85 0.75
3 49 44 50   0.31 0.85 0.75
4 45 44 50 51  0.31 0.85 0.75



