OFF
52 73 124
-0.3 -0.3 -0.3
0.3 -0.3 -0.3
0.3 0.3 -0.3
-0.3 0.3 -0.3
0.3 0.3 0.3
0.3 -0.3 0.3
0.9 -0.3 0.3
0.9 0.3 0.3
0.9 0.3 0.9
0.9 -0.3 0.9
1.5 0.3 0.3
1.5 -0.3 0.3
0.9 0.3 -0.3
0.9 -0.3 -0.3
0.3 -0.3 -0.3
0.3 0.3 -0.3
0.9 0.3 -0.9
0.3 0.3 -0.9
0.3 0.9 -0.9
0.9 0.9 -0.9
0.3 0.3 -1.5
0.9 0.3 -1.5
0.3 -0.3 -0.9
0.9 -0.3 -0.9
0.9 -0.3 -0.3
0.3 -0.3 -0.3
0.9 -0.9 -0.9
0.3 -0.9 -0.9
0.9 -0.3 -1.5
0.3 -0.3 -1.5
0.3 0.3 -1.5
0.9 0.3 -1.5
0.3 0.3 -2.1
0.3 -0.3 -2.1
-0.3 -0.3 -2.1
-0.3 0.3 -2.1
0.3 -0.3 -2.7
0.3 0.3 -2.7
0.9 -0.3 -2.1
0.9 0.3 -2.1
0.9 0.3 -1.5
0.9 -0.3 -1.5
1.5 -0.3 -1.5
1.5 0.3 -1.5
1.5 0.3 -0.9
1.5 -0.3 -0.9
2.1 -0.3 -0.9
2.1 0.3 -0.9
2.1 0.3 -0.3
2.1 -0.3 -0.3
2.7 0.3 -0.9
2.7 -0.3 -0.9
4 0 1 2 3  0.72 0.20 0.97
3 0 1 5  0.72 0.20 0.97
3 2 3 4  0.72 0.20 0.97
4 0 3 4 5  0.72 0.20 0.97
3 2 4 7  0.31 0.85 0.75
3 5 1 6   0.31 0.85 0.75
4 2 1 6 7  0.31 0.85 0.75
3 5 6 9  0.72 0.20 0.97
3 7 4 8  0.72 0.20 0.97
4 5 4 8 9  0.72 0.20 0.97
3 9 6 11  0.31 0.85 0.75
3 7 8 10   0.31 0.85 0.75
4 9 8 10 11  0.31 0.85 0.75
3 11 6 13  0.72 0.20 0.97
3 7 10 12  0.72 0.20 0.97
4 11 10 12 13  0.72 0.20 0.97
3 7 12 15  0.31 0.85 0.75
3 13 6 14   0.31 0.85 0.75
4 7 6 14 15  0.31 0.85 0.75
3 14 15 17  0.72 0.20 0.97
3 12 13 16  0.72 0.20 0.97
4 14 13 16 17  0.72 0.20 0.97
3 12 16 19  0.31 0.85 0.75
3 17 15 18   0.31 0.85 0.75
4 12 15 18 19  0.31 0.85 0.75
3 19 16 21  0.72 0.20 0.97
3 17 18 20  0.72 0.20 0.97
4 19 18 20 21  0.72 0.20 0.97
3 21 16 23  0.31 0.85 0.75
3 17 20 22   0.31 0.85 0.75
4 21 20 22 23  0.31 0.85 0.75
3 17 22 25  0.72 0.20 0.97
3 23 16 24  0.72 0.20 0.97
4 17 16 24 25  0.72 0.20 0.97
3 25 22 27  0.31 0.85 0.75
3 23 24 26   0.31 0.85 0.75
4 25 24 26 27  0.31 0.85 0.75
3 27 22 29  0.72 0.20 0.97
3 23 26 28  0.72 0.20 0.97
4 27 26 28 29  0.72 0.20 0.97
3 23 28 31  0.31 0.85 0.75
3 29 22 30   0.31 0.85 0.75
4 23 22 30 31  0.31 0.85 0.75
3 28 29 33  0.72 0.20 0.97
3 30 31 32  0.72 0.20 0.97
4 28 31 32 33  0.72 0.20 0.97
3 30 32 35  0.31 0.85 0.75
3 33 29 34   0.31 0.85 0.75
4 30 29 34 35  0.31 0.85 0.75
3 35 32 37  0.72 0.20 0.97
3 33 34 36  0.72 0.20 0.97
4 35 34 36 37  0.72 0.20 0.97
3 37 32 39  0.31 0.85 0.75
3 33 36 38   0.31 0.85 0.75
4 37 36 38 39  0.31 0.85 0.75
3 33 38 41  0.72 0.20 0.97
3 39 32 40  0.72 0.20 0.97
4 33 32 40 41  0.72 0.20 0.97
3 39 40 43  0.31 0.85 0.75
3 41 38 42   0.31 0.85 0.75
4 39 38 42 43  0.31 0.85 0.75
3 41 42 45  0.72 0.20 0.97
3 43 40 44  0.72 0.20 0.97
4 41 40 44 45  0.72 0.20 0.97
3 43 44 47  0.31 0.85 0.75
3 45 42 46   0.31 0.85 0.75
4 43 42 46 47  0.31 0.85 0.75
3 45 46 49  0.72 0.20 0.97
3 47 44 48  0.72 0.20 0.97
4 45 44 48 49  0.72 0.20 0.97
3 49 46 51  0.31 0.85 0.75
3 47 48 50   0.31 0.85 0.75
4 49 48 50 51  0.31 0.85 0.75



