OFF
52 73 124
-0.2 -0.2 -0.2
0.2 -0.2 -0.2
0.2 0.2 -0.2
-0.2 0.2 -0.2
0.2 0.2 0.2
0.2 -0.2 0.2
0.6 0.2 -0.2
0.6 -0.2 -0.2
0.6 -0.2 -0.6
0.6 0.2 -0.6
1 -0.2 -0.2
1 0.2 -0.2
0.6 0.2 0.2
1 0.2 0.2
1 0.6 -0.2
1 0.6 0.2
1.4 0.2 0.2
1.4 0.6 0.2
1.4 0.2 0.6
1 0.2 0.6
1 -0.2 0.2
1 -0.2 0.6
0.6 -0.2 0.2
0.6 0.2 0.2
0.6 -0.2 -0.2
1 -0.2 -0.2
1 -0.6 0.2
1 -0.6 -0.2
1.4 -0.6 0.2
1.4 -0.2 0.2
1 -0.2 0.6
1.4 -0.2 0.6
1.4 0.2 0.2
1.4 0.2 0.6
1.8 0.2 0.2
1.8 -0.2 0.2
1.4 0.2 -0.2
1.4 -0.2 -0.2
0.9999998 -0.2 -0.2
0.9999998 0.2 -0.2
1.4 -0.2 -0.6
1.399999 0.2 -0.6
1.799999 0.2 -0.6
1.8 -0.2 -0.6
1.799999 -0.2 -1
1.799999 0.2 -1
2.199999 0.2 -1
2.199999 -0.2 -1
2.199999 -0.2 -1.4
2.199999 0.2 -1.4
2.599999 -0.2 -1
2.599999 0.2 -1
4 0 1 2 3 0.72 0.20 0.97
3 0 1 5 0.72 0.20 0.97
3 2 3 4 0.72 0.20 0.97
4 0 3 4 5 0.72 0.20 0.97
3 5 1 7  0.31 0.85 0.75
3 2 4 6  0.31 0.85 0.75
4 5 4 6 7  0.31 0.85 0.75
3 2 6 9  0.72 0.20 0.97
3 7 1 8  0.72 0.20 0.97
4 2 1 8 9  0.72 0.20 0.97
3 9 6 11  0.31 0.85 0.75
3 7 8 10  0.31 0.85 0.75
4 9 8 10 11  0.31 0.85 0.75
3 10 11 13  0.72 0.20 0.97
3 6 7 12  0.72 0.20 0.97
4 10 7 12 13  0.72 0.20 0.97
3 12 13 15  0.31 0.85 0.75
3 11 6 14  0.31 0.85 0.75
4 12 6 14 15  0.31 0.85 0.75
3 14 15 17  0.72 0.20 0.97
3 13 11 16  0.72 0.20 0.97
4 14 11 16 17  0.72 0.20 0.97
3 15 13 19  0.31 0.85 0.75
3 16 17 18  0.31 0.85 0.75
4 15 17 18 19  0.31 0.85 0.75
3 18 19 21  0.72 0.20 0.97
3 13 16 20  0.72 0.20 0.97
4 18 16 20 21  0.72 0.20 0.97
3 19 13 23  0.31 0.85 0.75
3 20 21 22  0.31 0.85 0.75
4 19 21 22 23  0.31 0.85 0.75
3 13 20 25  0.72 0.20 0.97
3 22 23 24  0.72 0.20 0.97
4 13 23 24 25  0.72 0.20 0.97
3 24 25 27  0.31 0.85 0.75
3 20 22 26  0.31 0.85 0.75
4 24 22 26 27  0.31 0.85 0.75
3 25 20 29  0.72 0.20 0.97
3 26 27 28  0.72 0.20 0.97
4 25 27 28 29  0.72 0.20 0.97
3 28 29 31  0.31 0.85 0.75
3 20 26 30  0.31 0.85 0.75
4 28 26 30 31  0.31 0.85 0.75
3 30 31 33  0.72 0.20 0.97
3 29 20 32  0.72 0.20 0.97
4 30 20 32 33  0.72 0.20 0.97
3 31 29 35  0.31 0.85 0.75
3 32 33 34  0.31 0.85 0.75
4 31 33 34 35  0.31 0.85 0.75
3 35 29 37  0.72 0.20 0.97
3 32 34 36  0.72 0.20 0.97
4 35 34 36 37  0.72 0.20 0.97
3 32 36 39  0.31 0.85 0.75
3 37 29 38  0.31 0.85 0.75
4 32 29 38 39  0.31 0.85 0.75
3 39 36 41  0.72 0.20 0.97
3 37 38 40  0.72 0.20 0.97
4 39 38 40 41  0.72 0.20 0.97
3 37 40 43  0.31 0.85 0.75
3 41 36 42  0.31 0.85 0.75
4 37 36 42 43  0.31 0.85 0.75
3 41 42 45  0.72 0.20 0.97
3 43 40 44  0.72 0.20 0.97
4 41 40 44 45  0.72 0.20 0.97
3 43 44 47  0.31 0.85 0.75
3 45 42 46  0.31 0.85 0.75
4 43 42 46 47  0.31 0.85 0.75
3 45 46 49  0.72 0.20 0.97
3 47 44 48  0.72 0.20 0.97
4 45 44 48 49  0.72 0.20 0.97
3 49 46 51  0.31 0.85 0.75
3 47 48 50  0.31 0.85 0.75
4 49 48 50 51  0.31 0.85 0.75
 
 
 
