OFF
52 73 124
-0.2 -0.2 -0.2
0.2 -0.2 -0.2
0.2 0.2 -0.2
-0.2 0.2 -0.2
0.2 0.2 0.2
0.2 -0.2 0.2
0.6 -0.2 0.2
0.6 0.2 0.2
0.6 0.2 0.6
0.6 -0.2 0.6
1 -0.2 0.6
1 0.2 0.6
1 0.2 1
1 -0.2 1
1.4 0.2 1
1.4 0.2 0.6
1.4 0.6 1
1 0.6 1
1 0.6 1.4
1.4 0.6 1.4
1.4 1 1
1.4 1 1.4
1.8 0.6 1
1.8 0.6 1.4
1.8 0.2 1
1.4 0.2 1
1.4 0.2 0.6
1.8 0.2 0.6
1.4 -0.2 0.6
1.4 -0.2 1
1 -0.2 1
1 -0.2 0.6
1 -0.6 1
1.4 -0.6 1
1.4 -0.6 1.4
1 -0.6 1.4
1.4 -1 1.4
1.4 -1 1
1.8 -0.6 1.4
1.8 -0.6 1
1.4 -0.2 1
1.8 -0.2 1
1.8 -0.2 0.6
1.4 -0.2 0.6
1.8 0.2 0.6
1.8 0.2 1
2.2 -0.2 1
2.2 0.2 1
2.2 0.2 1.4
2.2 -0.2 1.4
2.6 0.2 1
2.6 -0.2 1
4 0 1 2 3  0.72 0.20 0.97
3 0 1 5  0.72 0.20 0.97
3 2 3 4  0.72 0.20 0.97
4 0 3 4 5  0.72 0.20 0.97
3 2 4 7  0.31 0.85 0.75
3 5 1 6   0.31 0.85 0.75
4 2 1 6 7  0.31 0.85 0.75
3 5 6 9  0.72 0.20 0.97
3 7 4 8  0.72 0.20 0.97
4 5 4 8 9  0.72 0.20 0.97
3 7 8 11  0.31 0.85 0.75
3 9 6 10   0.31 0.85 0.75
4 7 6 10 11  0.31 0.85 0.75
3 9 10 13  0.72 0.20 0.97
3 11 8 12  0.72 0.20 0.97
4 9 8 12 13  0.72 0.20 0.97
3 10 11 15  0.31 0.85 0.75
3 12 13 14   0.31 0.85 0.75
4 10 13 14 15  0.31 0.85 0.75
3 11 12 17  0.72 0.20 0.97
3 14 15 16  0.72 0.20 0.97
4 11 15 16 17  0.72 0.20 0.97
3 14 16 19  0.31 0.85 0.75
3 17 12 18   0.31 0.85 0.75
4 14 12 18 19  0.31 0.85 0.75
3 18 19 21  0.72 0.20 0.97
3 16 17 20  0.72 0.20 0.97
4 18 17 20 21  0.72 0.20 0.97
3 21 19 23  0.31 0.85 0.75
3 16 20 22   0.31 0.85 0.75
4 21 20 22 23  0.31 0.85 0.75
3 19 16 25  0.72 0.20 0.97
3 22 23 24  0.72 0.20 0.97
4 19 23 24 25  0.72 0.20 0.97
3 22 24 27  0.31 0.85 0.75
3 25 16 26   0.31 0.85 0.75
4 22 16 26 27  0.31 0.85 0.75
3 24 25 29  0.72 0.20 0.97
3 26 27 28  0.72 0.20 0.97
4 24 27 28 29  0.72 0.20 0.97
3 26 28 31  0.31 0.85 0.75
3 29 25 30   0.31 0.85 0.75
4 26 25 30 31  0.31 0.85 0.75
3 28 29 33  0.72 0.20 0.97
3 30 31 32  0.72 0.20 0.97
4 28 31 32 33  0.72 0.20 0.97
3 30 32 35  0.31 0.85 0.75
3 33 29 34   0.31 0.85 0.75
4 30 29 34 35  0.31 0.85 0.75
3 32 33 37  0.72 0.20 0.97
3 34 35 36  0.72 0.20 0.97
4 32 35 36 37  0.72 0.20 0.97
3 37 33 39  0.31 0.85 0.75
3 34 36 38   0.31 0.85 0.75
4 37 36 38 39  0.31 0.85 0.75
3 38 39 41  0.72 0.20 0.97
3 33 34 40  0.72 0.20 0.97
4 38 34 40 41  0.72 0.20 0.97
3 33 40 43  0.31 0.85 0.75
3 41 39 42   0.31 0.85 0.75
4 33 39 42 43  0.31 0.85 0.75
3 40 41 45  0.72 0.20 0.97
3 42 43 44  0.72 0.20 0.97
4 40 43 44 45  0.72 0.20 0.97
3 44 45 47  0.31 0.85 0.75
3 41 42 46   0.31 0.85 0.75
4 44 42 46 47  0.31 0.85 0.75
3 41 46 49  0.72 0.20 0.97
3 47 45 48  0.72 0.20 0.97
4 41 45 48 49  0.72 0.20 0.97
3 49 46 51  0.31 0.85 0.75
3 47 48 50   0.31 0.85 0.75
4 49 48 50 51  0.31 0.85 0.75



