OFF
52 73 124
-0.4 -0.4 -0.4
0.4 -0.4 -0.4
0.4 0.4 -0.4
-0.4 0.4 -0.4
0.4 0.4 0.4
0.4 -0.4 0.4
1.2 0.4 -0.4
1.2 -0.4 -0.4
0.4 0.4 -1.2
0.4 -0.4 -1.2
-0.4 0.4 -1.2
-0.4 0.4 -0.4
-0.4 1.2 -0.4
-0.4 1.2 -1.2
-1.2 0.4 -0.4
-1.2 0.4 -1.2
-0.4 -0.4 -0.4
-0.4 -0.4 -1.2
0.4 -0.4 -1.2
0.4 -0.4 -0.4
-0.4 -1.2 -1.2
-0.4 -1.2 -0.4
-1.2 -1.2 -0.4
-1.2 -1.2 -1.2
-1.2 -2 -1.2
-1.2 -2 -0.4
-2 -2 -1.2
-2 -1.2 -1.2
-1.2 -2 -2
-1.2 -1.2 -2
-0.4 -1.2 -1.2
-0.4 -1.2 -2
-0.4 -0.4 -2
-0.4 -0.4 -1.2
0.4 -0.4 -1.2
0.4 -0.4 -2
-0.4 0.4 -1.2
-0.4 0.4 -2
-1.2 0.4 -2
-1.2 0.4 -1.2
-0.4 1.2 -2
-0.4 1.2 -1.2
0.4 0.4 -2
0.4 0.4 -1.2
0.4 -0.4 -1.2
0.4 -0.4 -2
1.2 0.4 -2
1.2 -0.4 -2
0.4 0.4 -2.8
0.4 -0.4 -2.8
-0.4 0.4 -2
-0.4 -0.4 -2
4 0 1 2 3  0.72 0.20 0.97
3 0 1 5  0.72 0.20 0.97
3 2 3 4  0.72 0.20 0.97
4 0 3 4 5  0.72 0.20 0.97
3 5 1 7  0.31 0.85 0.75
3 2 4 6   0.31 0.85 0.75
4 5 4 6 7  0.31 0.85 0.75
3 7 1 9  0.72 0.20 0.97
3 2 6 8  0.72 0.20 0.97
4 7 6 8 9  0.72 0.20 0.97
3 1 2 11  0.31 0.85 0.75
3 8 9 10   0.31 0.85 0.75
4 1 9 10 11  0.31 0.85 0.75
3 8 10 13  0.72 0.20 0.97
3 11 2 12  0.72 0.20 0.97
4 8 2 12 13  0.72 0.20 0.97
3 13 10 15  0.31 0.85 0.75
3 11 12 14   0.31 0.85 0.75
4 13 12 14 15  0.31 0.85 0.75
3 15 10 17  0.72 0.20 0.97
3 11 14 16  0.72 0.20 0.97
4 15 14 16 17  0.72 0.20 0.97
3 11 16 19  0.31 0.85 0.75
3 17 10 18   0.31 0.85 0.75
4 11 10 18 19  0.31 0.85 0.75
3 19 16 21  0.72 0.20 0.97
3 17 18 20  0.72 0.20 0.97
4 19 18 20 21  0.72 0.20 0.97
3 17 20 23  0.31 0.85 0.75
3 21 16 22   0.31 0.85 0.75
4 17 16 22 23  0.31 0.85 0.75
3 21 22 25  0.72 0.20 0.97
3 23 20 24  0.72 0.20 0.97
4 21 20 24 25  0.72 0.20 0.97
3 22 23 27  0.31 0.85 0.75
3 24 25 26   0.31 0.85 0.75
4 22 25 26 27  0.31 0.85 0.75
3 27 23 29  0.72 0.20 0.97
3 24 26 28  0.72 0.20 0.97
4 27 26 28 29  0.72 0.20 0.97
3 28 29 31  0.31 0.85 0.75
3 23 24 30   0.31 0.85 0.75
4 28 24 30 31  0.31 0.85 0.75
3 23 30 33  0.72 0.20 0.97
3 31 29 32  0.72 0.20 0.97
4 23 29 32 33  0.72 0.20 0.97
3 31 32 35  0.31 0.85 0.75
3 33 30 34   0.31 0.85 0.75
4 31 30 34 35  0.31 0.85 0.75
3 35 32 37  0.72 0.20 0.97
3 33 34 36  0.72 0.20 0.97
4 35 34 36 37  0.72 0.20 0.97
3 33 36 39  0.31 0.85 0.75
3 37 32 38   0.31 0.85 0.75
4 33 32 38 39  0.31 0.85 0.75
3 39 36 41  0.72 0.20 0.97
3 37 38 40  0.72 0.20 0.97
4 39 38 40 41  0.72 0.20 0.97
3 41 36 43  0.31 0.85 0.75
3 37 40 42   0.31 0.85 0.75
4 41 40 42 43  0.31 0.85 0.75
3 37 42 45  0.72 0.20 0.97
3 43 36 44  0.72 0.20 0.97
4 37 36 44 45  0.72 0.20 0.97
3 44 45 47  0.31 0.85 0.75
3 42 43 46   0.31 0.85 0.75
4 44 43 46 47  0.31 0.85 0.75
3 47 45 49  0.72 0.20 0.97
3 42 46 48  0.72 0.20 0.97
4 47 46 48 49  0.72 0.20 0.97
3 49 45 51  0.31 0.85 0.75
3 42 48 50   0.31 0.85 0.75
4 49 48 50 51  0.31 0.85 0.75



