OFF
52 73 124
-0.3 -0.3 -0.3
0.3 -0.3 -0.3
0.3 0.3 -0.3
-0.3 0.3 -0.3
0.3 0.3 0.3
0.3 -0.3 0.3
0.9 0.3 0.3
0.9 0.3 -0.3
0.3 0.9 0.3
0.3 0.9 -0.3
-0.3 0.9 -0.3
-0.3 0.9 0.3
-0.3 1.5 0.3
-0.3 1.5 -0.3
-0.9 1.5 -0.3
-0.9 1.5 0.3
-0.9 2.1 0.3
-0.9 2.1 -0.3
-1.5 1.5 0.3
-1.5 1.5 -0.3
-1.5 0.9 -0.3
-1.5 0.9 0.3
-2.1 0.9 0.3
-2.1 0.9 -0.3
-1.5 0.3 0.3
-1.5 0.3 -0.3
-0.9 0.9 0.3
-0.9 0.9 -0.3
-0.9 1.5 -0.3
-0.9 1.5 0.3
-0.3 0.9 -0.3
-0.3 0.9 0.3
-0.9 0.3 0.3
-0.3 0.3 0.3
-0.3 0.3 0.9
-0.9 0.3 0.9
-0.3 -0.3 0.9
-0.3 -0.3 0.3
0.3 0.3 0.3
0.3 -0.3 0.3
-0.3 0.3 -0.3
-0.3 -0.3 -0.3
-0.9 0.3 -0.3
-0.9 0.3 0.3
-0.9 0.9 -0.3
-0.3 0.9 -0.3
-0.9 0.3 -0.9
-0.3 0.3 -0.9
-0.3 -0.3 -0.3
-0.3 -0.3 -0.9
0.3 -0.3 -0.3
0.3 0.3 -0.3
4 0 1 2 3  0.72 0.20 0.97
3 0 1 5  0.72 0.20 0.97
3 2 3 4  0.72 0.20 0.97
4 0 3 4 5  0.72 0.20 0.97
3 1 2 7  0.31 0.85 0.75
3 4 5 6   0.31 0.85 0.75
4 1 5 6 7  0.31 0.85 0.75
3 7 2 9  0.72 0.20 0.97
3 4 6 8  0.72 0.20 0.97
4 7 6 8 9  0.72 0.20 0.97
3 4 8 11  0.31 0.85 0.75
3 9 2 10   0.31 0.85 0.75
4 4 2 10 11  0.31 0.85 0.75
3 9 10 13  0.72 0.20 0.97
3 11 8 12  0.72 0.20 0.97
4 9 8 12 13  0.72 0.20 0.97
3 11 12 15  0.31 0.85 0.75
3 13 10 14   0.31 0.85 0.75
4 11 10 14 15  0.31 0.85 0.75
3 13 14 17  0.72 0.20 0.97
3 15 12 16  0.72 0.20 0.97
4 13 12 16 17  0.72 0.20 0.97
3 17 14 19  0.31 0.85 0.75
3 15 16 18   0.31 0.85 0.75
4 17 16 18 19  0.31 0.85 0.75
3 15 18 21  0.72 0.20 0.97
3 19 14 20  0.72 0.20 0.97
4 15 14 20 21  0.72 0.20 0.97
3 19 20 23  0.31 0.85 0.75
3 21 18 22   0.31 0.85 0.75
4 19 18 22 23  0.31 0.85 0.75
3 23 20 25  0.72 0.20 0.97
3 21 22 24  0.72 0.20 0.97
4 23 22 24 25  0.72 0.20 0.97
3 25 20 27  0.31 0.85 0.75
3 21 24 26   0.31 0.85 0.75
4 25 24 26 27  0.31 0.85 0.75
3 21 26 29  0.72 0.20 0.97
3 27 20 28  0.72 0.20 0.97
4 21 20 28 29  0.72 0.20 0.97
3 29 26 31  0.31 0.85 0.75
3 27 28 30   0.31 0.85 0.75
4 29 28 30 31  0.31 0.85 0.75
3 30 31 33  0.72 0.20 0.97
3 26 27 32  0.72 0.20 0.97
4 30 27 32 33  0.72 0.20 0.97
3 26 32 35  0.31 0.85 0.75
3 33 31 34   0.31 0.85 0.75
4 26 31 34 35  0.31 0.85 0.75
3 32 33 37  0.72 0.20 0.97
3 34 35 36  0.72 0.20 0.97
4 32 35 36 37  0.72 0.20 0.97
3 36 37 39  0.31 0.85 0.75
3 33 34 38   0.31 0.85 0.75
4 36 34 38 39  0.31 0.85 0.75
3 39 37 41  0.72 0.20 0.97
3 33 38 40  0.72 0.20 0.97
4 39 38 40 41  0.72 0.20 0.97
3 37 33 43  0.31 0.85 0.75
3 40 41 42   0.31 0.85 0.75
4 37 41 42 43  0.31 0.85 0.75
3 33 40 45  0.72 0.20 0.97
3 42 43 44  0.72 0.20 0.97
4 33 43 44 45  0.72 0.20 0.97
3 45 40 47  0.31 0.85 0.75
3 42 44 46   0.31 0.85 0.75
4 45 44 46 47  0.31 0.85 0.75
3 46 47 49  0.72 0.20 0.97
3 40 42 48  0.72 0.20 0.97
4 46 42 48 49  0.72 0.20 0.97
3 47 40 51  0.31 0.85 0.75
3 48 49 50   0.31 0.85 0.75
4 47 49 50 51  0.31 0.85 0.75



