OFF
52 73 124
-0.4 -0.4 -0.4
0.4 -0.4 -0.4
0.4 0.4 -0.4
-0.4 0.4 -0.4
0.4 0.4 0.4
0.4 -0.4 0.4
1.2 -0.4 0.4
1.2 0.4 0.4
0.4 -0.4 1.2
0.4 0.4 1.2
-0.4 0.4 1.2
-0.4 -0.4 1.2
0.4 0.4 2
0.4 -0.4 2
1.2 0.4 2
1.2 0.4 1.2
0.4 1.2 2
0.4 1.2 1.2
-0.4 1.2 1.2
-0.4 1.2 2
-0.4 2 1.2
0.4 2 1.2
-0.4 1.2 0.4
0.4 1.2 0.4
0.4 0.4 1.2
0.4 0.4 0.4
1.2 1.2 0.4
1.2 0.4 0.4
0.4 1.2 -0.4
0.4 0.4 -0.4
-0.4 1.2 -0.4
-0.4 1.2 0.4
0.4 2 0.4
-0.4 2 0.4
-0.4 2 1.2
0.4 2 1.2
-0.4 2.8 0.4
0.4 2.8 0.4
-0.4 2 -0.4
0.4 2 -0.4
0.4 1.2 -0.4
-0.4 1.2 -0.4
-0.4 1.2 -1.2
0.4 1.2 -1.2
0.4 0.4 -0.4
0.4 0.4 -1.2
1.2 0.4 -1.2
1.2 0.4 -0.4
0.4 -0.4 -1.2
0.4 -0.4 -0.4
-0.4 0.4 -0.4
-0.4 -0.4 -0.4
4 0 1 2 3  0.72 0.20 0.97
3 0 1 5  0.72 0.20 0.97
3 2 3 4  0.72 0.20 0.97
4 0 3 4 5  0.72 0.20 0.97
3 2 4 7  0.31 0.85 0.75
3 5 1 6   0.31 0.85 0.75
4 2 1 6 7  0.31 0.85 0.75
3 7 4 9  0.72 0.20 0.97
3 5 6 8  0.72 0.20 0.97
4 7 6 8 9  0.72 0.20 0.97
3 5 8 11  0.31 0.85 0.75
3 9 4 10   0.31 0.85 0.75
4 5 4 10 11  0.31 0.85 0.75
3 11 8 13  0.72 0.20 0.97
3 9 10 12  0.72 0.20 0.97
4 11 10 12 13  0.72 0.20 0.97
3 8 9 15  0.31 0.85 0.75
3 12 13 14   0.31 0.85 0.75
4 8 13 14 15  0.31 0.85 0.75
3 15 9 17  0.72 0.20 0.97
3 12 14 16  0.72 0.20 0.97
4 15 14 16 17  0.72 0.20 0.97
3 12 16 19  0.31 0.85 0.75
3 17 9 18   0.31 0.85 0.75
4 12 9 18 19  0.31 0.85 0.75
3 16 17 21  0.72 0.20 0.97
3 18 19 20  0.72 0.20 0.97
4 16 19 20 21  0.72 0.20 0.97
3 21 17 23  0.31 0.85 0.75
3 18 20 22   0.31 0.85 0.75
4 21 20 22 23  0.31 0.85 0.75
3 22 23 25  0.72 0.20 0.97
3 17 18 24  0.72 0.20 0.97
4 22 18 24 25  0.72 0.20 0.97
3 24 25 27  0.31 0.85 0.75
3 23 17 26   0.31 0.85 0.75
4 24 17 26 27  0.31 0.85 0.75
3 27 25 29  0.72 0.20 0.97
3 23 26 28  0.72 0.20 0.97
4 27 26 28 29  0.72 0.20 0.97
3 25 23 31  0.31 0.85 0.75
3 28 29 30   0.31 0.85 0.75
4 25 29 30 31  0.31 0.85 0.75
3 30 31 33  0.72 0.20 0.97
3 23 28 32  0.72 0.20 0.97
4 30 28 32 33  0.72 0.20 0.97
3 23 32 35  0.31 0.85 0.75
3 33 31 34   0.31 0.85 0.75
4 23 31 34 35  0.31 0.85 0.75
3 35 32 37  0.72 0.20 0.97
3 33 34 36  0.72 0.20 0.97
4 35 34 36 37  0.72 0.20 0.97
3 37 32 39  0.31 0.85 0.75
3 33 36 38   0.31 0.85 0.75
4 37 36 38 39  0.31 0.85 0.75
3 33 38 41  0.72 0.20 0.97
3 39 32 40  0.72 0.20 0.97
4 33 32 40 41  0.72 0.20 0.97
3 39 40 43  0.31 0.85 0.75
3 41 38 42   0.31 0.85 0.75
4 39 38 42 43  0.31 0.85 0.75
3 42 43 45  0.72 0.20 0.97
3 40 41 44  0.72 0.20 0.97
4 42 41 44 45  0.72 0.20 0.97
3 40 44 47  0.31 0.85 0.75
3 45 43 46   0.31 0.85 0.75
4 40 43 46 47  0.31 0.85 0.75
3 47 44 49  0.72 0.20 0.97
3 45 46 48  0.72 0.20 0.97
4 47 46 48 49  0.72 0.20 0.97
3 48 49 51  0.31 0.85 0.75
3 44 45 50   0.31 0.85 0.75
4 48 45 50 51  0.31 0.85 0.75



