OFF
52 73 124
-0.4 -0.4 -0.4
0.4 -0.4 -0.4
0.4 0.4 -0.4
-0.4 0.4 -0.4
0.4 0.4 0.4
0.4 -0.4 0.4
1.2 -0.4 -0.4
1.2 -0.4 0.4
0.4 -1.2 0.4
1.2 -1.2 0.4
0.4 -1.2 1.2
0.4 -0.4 1.2
-0.4 -0.4 0.4
-0.4 -0.4 1.2
-0.4 0.4 0.4
0.4 0.4 0.4
-0.4 0.4 -0.4
-0.4 -0.4 -0.4
-1.2 -0.4 0.4
-1.2 -0.4 -0.4
-0.4 -1.2 -0.4
-1.2 -1.2 -0.4
-1.2 -0.4 -1.2
-1.2 -1.2 -1.2
-2 -0.4 -1.2
-2 -0.4 -0.4
-1.2 0.4 -0.4
-2 0.4 -0.4
-1.2 0.4 0.4
-1.2 -0.4 0.4
-0.4000001 0.4 0.4
-0.4000001 0.4 -0.4
-1.2 1.2 -0.4
-0.4000001 1.2 -0.4
-0.4000001 0.4 -1.2
-0.4000001 1.2 -1.2
0.3999999 0.4 -1.2
0.3999999 0.4 -0.4
0.3999999 -0.4 -1.2
-0.4000001 -0.4 -1.2
-0.4000001 0.4 -2
-0.4000001 -0.4 -2
-1.2 -0.4 -1.2
-1.2 -0.4 -2
-1.2 -1.2 -1.2
-0.4000001 -1.2 -1.2
-0.4000001 -0.4 -0.4000001
-0.4000001 -1.2 -0.4000001
0.3999999 -0.4 -0.4000001
0.3999999 -0.4 -1.2
0.3999999 0.4000001 -0.4000001
-0.4000001 0.4000001 -0.4000001
4 0 1 2 3 0.72 0.20 0.97
3 0 1 5 0.72 0.20 0.97
3 2 3 4 0.72 0.20 0.97
4 0 3 4 5 0.72 0.20 0.97
3 4 5 7  0.31 0.85 0.75
3 1 2 6  0.31 0.85 0.75
4 4 2 6 7  0.31 0.85 0.75
3 6 7 9  0.72 0.20 0.97
3 5 1 8  0.72 0.20 0.97
4 6 1 8 9  0.72 0.20 0.97
3 7 5 11  0.31 0.85 0.75
3 8 9 10  0.31 0.85 0.75
4 7 9 10 11  0.31 0.85 0.75
3 10 11 13  0.72 0.20 0.97
3 5 8 12  0.72 0.20 0.97
4 10 8 12 13  0.72 0.20 0.97
3 11 5 15  0.31 0.85 0.75
3 12 13 14  0.31 0.85 0.75
4 11 13 14 15  0.31 0.85 0.75
3 5 12 17  0.72 0.20 0.97
3 14 15 16  0.72 0.20 0.97
4 5 15 16 17  0.72 0.20 0.97
3 16 17 19  0.31 0.85 0.75
3 12 14 18  0.31 0.85 0.75
4 16 14 18 19  0.31 0.85 0.75
3 18 19 21  0.72 0.20 0.97
3 17 12 20  0.72 0.20 0.97
4 18 12 20 21  0.72 0.20 0.97
3 20 21 23  0.31 0.85 0.75
3 19 17 22  0.31 0.85 0.75
4 20 17 22 23  0.31 0.85 0.75
3 21 19 25  0.72 0.20 0.97
3 22 23 24  0.72 0.20 0.97
4 21 23 24 25  0.72 0.20 0.97
3 24 25 27  0.31 0.85 0.75
3 19 22 26  0.31 0.85 0.75
4 24 22 26 27  0.31 0.85 0.75
3 25 19 29  0.72 0.20 0.97
3 26 27 28  0.72 0.20 0.97
4 25 27 28 29  0.72 0.20 0.97
3 19 26 31  0.31 0.85 0.75
3 28 29 30  0.31 0.85 0.75
4 19 29 30 31  0.31 0.85 0.75
3 30 31 33  0.72 0.20 0.97
3 26 28 32  0.72 0.20 0.97
4 30 28 32 33  0.72 0.20 0.97
3 32 33 35  0.31 0.85 0.75
3 31 26 34  0.31 0.85 0.75
4 32 26 34 35  0.31 0.85 0.75
3 33 31 37  0.72 0.20 0.97
3 34 35 36  0.72 0.20 0.97
4 33 35 36 37  0.72 0.20 0.97
3 31 34 39  0.31 0.85 0.75
3 36 37 38  0.31 0.85 0.75
4 31 37 38 39  0.31 0.85 0.75
3 38 39 41  0.72 0.20 0.97
3 34 36 40  0.72 0.20 0.97
4 38 36 40 41  0.72 0.20 0.97
3 40 41 43  0.31 0.85 0.75
3 39 34 42  0.31 0.85 0.75
4 40 34 42 43  0.31 0.85 0.75
3 41 39 45  0.72 0.20 0.97
3 42 43 44  0.72 0.20 0.97
4 41 43 44 45  0.72 0.20 0.97
3 44 45 47  0.31 0.85 0.75
3 39 42 46  0.31 0.85 0.75
4 44 42 46 47  0.31 0.85 0.75
3 45 39 49  0.72 0.20 0.97
3 46 47 48  0.72 0.20 0.97
4 45 47 48 49  0.72 0.20 0.97
3 39 46 51  0.31 0.85 0.75
3 48 49 50  0.31 0.85 0.75
4 39 49 50 51  0.31 0.85 0.75
 
 
 
