OFF
52 73 124
-0.3 -0.3 -0.3
0.3 -0.3 -0.3
0.3 0.3 -0.3
-0.3 0.3 -0.3
0.3 0.3 0.3
0.3 -0.3 0.3
0.9 0.3 0.3
0.9 0.3 -0.3
0.3 0.9 0.3
0.3 0.9 -0.3
-0.3 0.9 -0.3
-0.3 0.9 0.3
0.3 1.5 -0.3
0.3 1.5 0.3
0.9 1.5 -0.3
0.9 0.9 -0.3
0.9 0.9 -0.9
0.9 1.5 -0.9
1.5 0.9 -0.3
1.5 1.5 -0.3
0.9 0.9 0.3
0.9 1.5 0.3
0.3 1.5 0.3
0.3 0.9 0.3
0.3 0.9 0.9
0.3 1.5 0.9
-0.3 1.5 0.3
-0.3 1.5 0.9
0.3 2.1 0.3
0.3 2.1 0.9
0.9 2.1 0.3
0.9 1.5 0.3
0.9 1.5 -0.3
0.9 2.1 -0.3
1.5 2.1 -0.3
1.5 1.5 -0.3
0.9 2.1 -0.9
0.9 1.5 -0.9
0.3 2.1 -0.3
0.3 1.5 -0.3
0.3 1.5 0.3
0.3 2.1 0.3
-0.3 2.1 -0.3
-0.3 2.1 0.3
0.3 2.7 -0.3
0.3 2.7 0.3
0.9 2.7 0.3
0.9 2.7 -0.3
0.3 3.3 0.3
0.3 3.3 -0.3
-0.3 2.7 -0.3
-0.3 3.3 -0.3
4 0 1 2 3  0.72 0.20 0.97
3 0 1 5  0.72 0.20 0.97
3 2 3 4  0.72 0.20 0.97
4 0 3 4 5  0.72 0.20 0.97
3 1 2 7  0.31 0.85 0.75
3 4 5 6   0.31 0.85 0.75
4 1 5 6 7  0.31 0.85 0.75
3 7 2 9  0.72 0.20 0.97
3 4 6 8  0.72 0.20 0.97
4 7 6 8 9  0.72 0.20 0.97
3 4 8 11  0.31 0.85 0.75
3 9 2 10   0.31 0.85 0.75
4 4 2 10 11  0.31 0.85 0.75
3 11 8 13  0.72 0.20 0.97
3 9 10 12  0.72 0.20 0.97
4 11 10 12 13  0.72 0.20 0.97
3 8 9 15  0.31 0.85 0.75
3 12 13 14   0.31 0.85 0.75
4 8 13 14 15  0.31 0.85 0.75
3 12 14 17  0.72 0.20 0.97
3 15 9 16  0.72 0.20 0.97
4 12 9 16 17  0.72 0.20 0.97
3 17 14 19  0.31 0.85 0.75
3 15 16 18   0.31 0.85 0.75
4 17 16 18 19  0.31 0.85 0.75
3 19 14 21  0.72 0.20 0.97
3 15 18 20  0.72 0.20 0.97
4 19 18 20 21  0.72 0.20 0.97
3 15 20 23  0.31 0.85 0.75
3 21 14 22   0.31 0.85 0.75
4 15 14 22 23  0.31 0.85 0.75
3 21 22 25  0.72 0.20 0.97
3 23 20 24  0.72 0.20 0.97
4 21 20 24 25  0.72 0.20 0.97
3 24 25 27  0.31 0.85 0.75
3 22 23 26   0.31 0.85 0.75
4 24 23 26 27  0.31 0.85 0.75
3 27 25 29  0.72 0.20 0.97
3 22 26 28  0.72 0.20 0.97
4 27 26 28 29  0.72 0.20 0.97
3 25 22 31  0.31 0.85 0.75
3 28 29 30   0.31 0.85 0.75
4 25 29 30 31  0.31 0.85 0.75
3 28 30 33  0.72 0.20 0.97
3 31 22 32  0.72 0.20 0.97
4 28 22 32 33  0.72 0.20 0.97
3 31 32 35  0.31 0.85 0.75
3 33 30 34   0.31 0.85 0.75
4 31 30 34 35  0.31 0.85 0.75
3 35 32 37  0.72 0.20 0.97
3 33 34 36  0.72 0.20 0.97
4 35 34 36 37  0.72 0.20 0.97
3 37 32 39  0.31 0.85 0.75
3 33 36 38   0.31 0.85 0.75
4 37 36 38 39  0.31 0.85 0.75
3 33 38 41  0.72 0.20 0.97
3 39 32 40  0.72 0.20 0.97
4 33 32 40 41  0.72 0.20 0.97
3 40 41 43  0.31 0.85 0.75
3 38 39 42   0.31 0.85 0.75
4 40 39 42 43  0.31 0.85 0.75
3 43 41 45  0.72 0.20 0.97
3 38 42 44  0.72 0.20 0.97
4 43 42 44 45  0.72 0.20 0.97
3 38 44 47  0.31 0.85 0.75
3 45 41 46   0.31 0.85 0.75
4 38 41 46 47  0.31 0.85 0.75
3 47 44 49  0.72 0.20 0.97
3 45 46 48  0.72 0.20 0.97
4 47 46 48 49  0.72 0.20 0.97
3 48 49 51  0.31 0.85 0.75
3 44 45 50   0.31 0.85 0.75
4 48 45 50 51  0.31 0.85 0.75



