OFF
52 73 124
-0.3 -0.3 -0.3
0.3 -0.3 -0.3
0.3 0.3 -0.3
-0.3 0.3 -0.3
0.3 0.3 0.3
0.3 -0.3 0.3
0.9 -0.3 0.3
0.9 0.3 0.3
0.9 0.3 0.9
0.9 -0.3 0.9
1.5 -0.3 0.9
1.5 0.3 0.9
1.5 -0.3 1.5
0.9 -0.3 1.5
0.9 -0.9 1.5
1.5 -0.9 1.5
1.5 -0.3 2.1
1.5 -0.9 2.1
2.1 -0.3 2.1
2.1 -0.3 1.5
1.5 0.3 1.5
2.1 0.3 1.5
2.1 0.3 0.9
1.5 0.3 0.9
1.5 0.9 0.9
2.1 0.9 0.9
2.1 0.9 0.3
1.5 0.9 0.3
2.1 1.5 0.3
2.1 1.5 0.9
2.7 1.5 0.9
2.7 1.5 0.3
2.1 2.1 0.3
2.7 2.1 0.3
2.1 2.1 -0.3
2.1 1.5 -0.3
1.5 1.5 0.3
1.5 1.5 -0.3
1.5 0.9 -0.3
1.5 0.9 0.3
0.9 0.9 0.3
0.9 0.9 -0.3
0.9 0.3 -0.3
0.9 0.3 0.3
0.3 0.3 -0.3
0.3 0.9 -0.3
0.3 0.9 -0.9
0.3 0.3 -0.9
-0.3 0.3 -0.3
-0.3 0.3 -0.9
-0.3 -0.3 -0.3
0.3 -0.3 -0.3
4 0 1 2 3  0.72 0.20 0.97
3 0 1 5  0.72 0.20 0.97
3 2 3 4  0.72 0.20 0.97
4 0 3 4 5  0.72 0.20 0.97
3 2 4 7  0.31 0.85 0.75
3 5 1 6   0.31 0.85 0.75
4 2 1 6 7  0.31 0.85 0.75
3 5 6 9  0.72 0.20 0.97
3 7 4 8  0.72 0.20 0.97
4 5 4 8 9  0.72 0.20 0.97
3 7 8 11  0.31 0.85 0.75
3 9 6 10   0.31 0.85 0.75
4 7 6 10 11  0.31 0.85 0.75
3 8 9 13  0.72 0.20 0.97
3 10 11 12  0.72 0.20 0.97
4 8 11 12 13  0.72 0.20 0.97
3 10 12 15  0.31 0.85 0.75
3 13 9 14   0.31 0.85 0.75
4 10 9 14 15  0.31 0.85 0.75
3 14 15 17  0.72 0.20 0.97
3 12 13 16  0.72 0.20 0.97
4 14 13 16 17  0.72 0.20 0.97
3 15 12 19  0.31 0.85 0.75
3 16 17 18   0.31 0.85 0.75
4 15 17 18 19  0.31 0.85 0.75
3 18 19 21  0.72 0.20 0.97
3 12 16 20  0.72 0.20 0.97
4 18 16 20 21  0.72 0.20 0.97
3 12 20 23  0.31 0.85 0.75
3 21 19 22   0.31 0.85 0.75
4 12 19 22 23  0.31 0.85 0.75
3 21 22 25  0.72 0.20 0.97
3 23 20 24  0.72 0.20 0.97
4 21 20 24 25  0.72 0.20 0.97
3 23 24 27  0.31 0.85 0.75
3 25 22 26   0.31 0.85 0.75
4 23 22 26 27  0.31 0.85 0.75
3 24 25 29  0.72 0.20 0.97
3 26 27 28  0.72 0.20 0.97
4 24 27 28 29  0.72 0.20 0.97
3 26 28 31  0.31 0.85 0.75
3 29 25 30   0.31 0.85 0.75
4 26 25 30 31  0.31 0.85 0.75
3 30 31 33  0.72 0.20 0.97
3 28 29 32  0.72 0.20 0.97
4 30 29 32 33  0.72 0.20 0.97
3 31 28 35  0.31 0.85 0.75
3 32 33 34   0.31 0.85 0.75
4 31 33 34 35  0.31 0.85 0.75
3 34 35 37  0.72 0.20 0.97
3 28 32 36  0.72 0.20 0.97
4 34 32 36 37  0.72 0.20 0.97
3 28 36 39  0.31 0.85 0.75
3 37 35 38   0.31 0.85 0.75
4 28 35 38 39  0.31 0.85 0.75
3 37 38 41  0.72 0.20 0.97
3 39 36 40  0.72 0.20 0.97
4 37 36 40 41  0.72 0.20 0.97
3 39 40 43  0.31 0.85 0.75
3 41 38 42   0.31 0.85 0.75
4 39 38 42 43  0.31 0.85 0.75
3 40 41 45  0.72 0.20 0.97
3 42 43 44  0.72 0.20 0.97
4 40 43 44 45  0.72 0.20 0.97
3 42 44 47  0.31 0.85 0.75
3 45 41 46   0.31 0.85 0.75
4 42 41 46 47  0.31 0.85 0.75
3 46 47 49  0.72 0.20 0.97
3 44 45 48  0.72 0.20 0.97
4 46 45 48 49  0.72 0.20 0.97
3 47 44 51  0.31 0.85 0.75
3 48 49 50   0.31 0.85 0.75
4 47 49 50 51  0.31 0.85 0.75



