OFF
52 73 124
-0.3 -0.3 -0.3
0.3 -0.3 -0.3
0.3 0.3 -0.3
-0.3 0.3 -0.3
0.3 0.3 0.3
0.3 -0.3 0.3
0.9 -0.3 0.3
0.9 0.3 0.3
0.3 0.3 0.9
0.9 0.3 0.9
0.3 0.9 0.3
0.9 0.9 0.3
0.3 0.9 -0.3
0.3 0.3 -0.3
-0.3 0.3 -0.3
-0.3 0.9 -0.3
0.3 0.9 -0.9
-0.3 0.9 -0.9
0.3 1.5 -0.3
-0.3 1.5 -0.3
0.3 1.5 0.3
0.3 0.9 0.3
0.9 0.9 0.3
0.9 1.5 0.3
0.3 1.5 0.9
0.9 1.5 0.9
0.3 2.1 0.3
0.9 2.1 0.3
0.3 2.1 -0.3
0.3 1.5 -0.3
-0.3 1.5 -0.3
-0.3 2.1 -0.3
0.3 1.5 -0.9
0.3 2.1 -0.9
0.9 1.5 -0.9
0.9 1.5 -0.3
0.3 0.9 -0.3
0.9 0.9 -0.3
0.9 1.5 0.3
0.9 0.9 0.3
1.5 0.9 -0.3
1.5 0.9 0.3
0.9 0.3 -0.3
0.9 0.3 0.3
0.3 0.3 -0.3
0.3 0.9 -0.3
0.3 0.3 -0.9
0.9 0.3 -0.9
0.3 -0.3 -0.9
0.3 -0.3 -0.3
-0.3 0.3 -0.3
-0.3 -0.3 -0.3
4 0 1 2 3  0.72 0.20 0.97
3 0 1 5  0.72 0.20 0.97
3 2 3 4  0.72 0.20 0.97
4 0 3 4 5  0.72 0.20 0.97
3 2 4 7  0.31 0.85 0.75
3 5 1 6   0.31 0.85 0.75
4 2 1 6 7  0.31 0.85 0.75
3 6 7 9  0.72 0.20 0.97
3 4 5 8  0.72 0.20 0.97
4 6 5 8 9  0.72 0.20 0.97
3 9 7 11  0.31 0.85 0.75
3 4 8 10   0.31 0.85 0.75
4 9 8 10 11  0.31 0.85 0.75
3 7 4 13  0.72 0.20 0.97
3 10 11 12  0.72 0.20 0.97
4 7 11 12 13  0.72 0.20 0.97
3 10 12 15  0.31 0.85 0.75
3 13 4 14   0.31 0.85 0.75
4 10 4 14 15  0.31 0.85 0.75
3 14 15 17  0.72 0.20 0.97
3 12 13 16  0.72 0.20 0.97
4 14 13 16 17  0.72 0.20 0.97
3 17 15 19  0.31 0.85 0.75
3 12 16 18   0.31 0.85 0.75
4 17 16 18 19  0.31 0.85 0.75
3 15 12 21  0.72 0.20 0.97
3 18 19 20  0.72 0.20 0.97
4 15 19 20 21  0.72 0.20 0.97
3 18 20 23  0.31 0.85 0.75
3 21 12 22   0.31 0.85 0.75
4 18 12 22 23  0.31 0.85 0.75
3 22 23 25  0.72 0.20 0.97
3 20 21 24  0.72 0.20 0.97
4 22 21 24 25  0.72 0.20 0.97
3 25 23 27  0.31 0.85 0.75
3 20 24 26   0.31 0.85 0.75
4 25 24 26 27  0.31 0.85 0.75
3 23 20 29  0.72 0.20 0.97
3 26 27 28  0.72 0.20 0.97
4 23 27 28 29  0.72 0.20 0.97
3 26 28 31  0.31 0.85 0.75
3 29 20 30   0.31 0.85 0.75
4 26 20 30 31  0.31 0.85 0.75
3 31 28 33  0.72 0.20 0.97
3 29 30 32  0.72 0.20 0.97
4 31 30 32 33  0.72 0.20 0.97
3 28 29 35  0.31 0.85 0.75
3 32 33 34   0.31 0.85 0.75
4 28 33 34 35  0.31 0.85 0.75
3 34 35 37  0.72 0.20 0.97
3 29 32 36  0.72 0.20 0.97
4 34 32 36 37  0.72 0.20 0.97
3 36 37 39  0.31 0.85 0.75
3 35 29 38   0.31 0.85 0.75
4 36 29 38 39  0.31 0.85 0.75
3 38 39 41  0.72 0.20 0.97
3 37 35 40  0.72 0.20 0.97
4 38 35 40 41  0.72 0.20 0.97
3 41 39 43  0.31 0.85 0.75
3 37 40 42   0.31 0.85 0.75
4 41 40 42 43  0.31 0.85 0.75
3 39 37 45  0.72 0.20 0.97
3 42 43 44  0.72 0.20 0.97
4 39 43 44 45  0.72 0.20 0.97
3 37 42 47  0.31 0.85 0.75
3 44 45 46   0.31 0.85 0.75
4 37 45 46 47  0.31 0.85 0.75
3 42 44 49  0.72 0.20 0.97
3 46 47 48  0.72 0.20 0.97
4 42 47 48 49  0.72 0.20 0.97
3 48 49 51  0.31 0.85 0.75
3 44 46 50   0.31 0.85 0.75
4 48 46 50 51  0.31 0.85 0.75



