OFF
52 73 124
-0.4 -0.4 -0.4
0.4 -0.4 -0.4
0.4 0.4 -0.4
-0.4 0.4 -0.4
0.4 0.4 0.4
0.4 -0.4 0.4
1.2 0.4 -0.4
1.2 -0.4 -0.4
1.2 -0.4 -1.2
1.2 0.4 -1.2
2 -0.4 -1.2
2 -0.4 -0.4
2 -1.2 -1.2
1.2 -1.2 -1.2
1.2 -0.4 -2
1.2 -1.2 -2
0.4 -0.4 -2
0.4 -0.4 -1.2
1.2 0.4 -2
1.2 0.4 -1.2
2 0.4 -2
2 -0.4 -2
1.2 -0.4 -2.8
2 -0.4 -2.8
1.2 -1.2 -2.8
1.2 -1.2 -2
0.4 -1.2 -2
0.4 -1.2 -2.8
1.2 -2 -2
1.2 -2 -2.8
2 -2 -2.8
2 -2 -2
1.2 -2.8 -2
2 -2.8 -2
1.2 -2.8 -1.2
1.2 -2 -1.2
0.4 -2 -2
0.4 -2 -1.2
1.2 -1.2 -2
1.2 -1.2 -1.2
2 -2 -1.2
2 -1.2 -1.2
2 -2 -0.4
1.2 -2 -0.4
1.2 -2.8 -1.2
1.2 -2.8 -0.4
0.4 -2 -0.4
0.4 -2.8 -0.4
0.4 -2.8 0.4
0.4 -2 0.4
-0.4 -2.8 -0.4
-0.4 -2 -0.4
4 0 1 2 3  0.72 0.20 0.97
3 0 1 5  0.72 0.20 0.97
3 2 3 4  0.72 0.20 0.97
4 0 3 4 5  0.72 0.20 0.97
3 5 1 7  0.31 0.85 0.75
3 2 4 6   0.31 0.85 0.75
4 5 4 6 7  0.31 0.85 0.75
3 2 6 9  0.72 0.20 0.97
3 7 1 8  0.72 0.20 0.97
4 2 1 8 9  0.72 0.20 0.97
3 6 7 11  0.31 0.85 0.75
3 8 9 10   0.31 0.85 0.75
4 6 9 10 11  0.31 0.85 0.75
3 7 8 13  0.72 0.20 0.97
3 10 11 12  0.72 0.20 0.97
4 7 11 12 13  0.72 0.20 0.97
3 12 13 15  0.31 0.85 0.75
3 8 10 14   0.31 0.85 0.75
4 12 10 14 15  0.31 0.85 0.75
3 13 8 17  0.72 0.20 0.97
3 14 15 16  0.72 0.20 0.97
4 13 15 16 17  0.72 0.20 0.97
3 17 8 19  0.31 0.85 0.75
3 14 16 18   0.31 0.85 0.75
4 17 16 18 19  0.31 0.85 0.75
3 8 14 21  0.72 0.20 0.97
3 18 19 20  0.72 0.20 0.97
4 8 19 20 21  0.72 0.20 0.97
3 20 21 23  0.31 0.85 0.75
3 14 18 22   0.31 0.85 0.75
4 20 18 22 23  0.31 0.85 0.75
3 21 14 25  0.72 0.20 0.97
3 22 23 24  0.72 0.20 0.97
4 21 23 24 25  0.72 0.20 0.97
3 22 24 27  0.31 0.85 0.75
3 25 14 26   0.31 0.85 0.75
4 22 14 26 27  0.31 0.85 0.75
3 27 24 29  0.72 0.20 0.97
3 25 26 28  0.72 0.20 0.97
4 27 26 28 29  0.72 0.20 0.97
3 25 28 31  0.31 0.85 0.75
3 29 24 30   0.31 0.85 0.75
4 25 24 30 31  0.31 0.85 0.75
3 30 31 33  0.72 0.20 0.97
3 28 29 32  0.72 0.20 0.97
4 30 29 32 33  0.72 0.20 0.97
3 31 28 35  0.31 0.85 0.75
3 32 33 34   0.31 0.85 0.75
4 31 33 34 35  0.31 0.85 0.75
3 34 35 37  0.72 0.20 0.97
3 28 32 36  0.72 0.20 0.97
4 34 32 36 37  0.72 0.20 0.97
3 37 35 39  0.31 0.85 0.75
3 28 36 38   0.31 0.85 0.75
4 37 36 38 39  0.31 0.85 0.75
3 38 39 41  0.72 0.20 0.97
3 35 28 40  0.72 0.20 0.97
4 38 28 40 41  0.72 0.20 0.97
3 39 35 43  0.31 0.85 0.75
3 40 41 42   0.31 0.85 0.75
4 39 41 42 43  0.31 0.85 0.75
3 42 43 45  0.72 0.20 0.97
3 35 40 44  0.72 0.20 0.97
4 42 40 44 45  0.72 0.20 0.97
3 44 45 47  0.31 0.85 0.75
3 43 35 46   0.31 0.85 0.75
4 44 35 46 47  0.31 0.85 0.75
3 43 46 49  0.72 0.20 0.97
3 47 45 48  0.72 0.20 0.97
4 43 45 48 49  0.72 0.20 0.97
3 49 46 51  0.31 0.85 0.75
3 47 48 50   0.31 0.85 0.75
4 49 48 50 51  0.31 0.85 0.75



