OFF
52 73 124
-0.2 -0.2 -0.2
0.2 -0.2 -0.2
0.2 0.2 -0.2
-0.2 0.2 -0.2
0.2 0.2 0.2
0.2 -0.2 0.2
0.6 -0.2 -0.2
0.6 -0.2 0.2
0.6 -0.6 0.2
0.6 -0.6 -0.2
1 -0.2 -0.2
1 -0.6 -0.2
1 -0.6 -0.6
1 -0.2 -0.6
1.4 -0.2 -0.2
1.4 -0.2 -0.6
1.4 0.2 -0.6
1.4 0.2 -0.2
1.8 -0.2 -0.2
1.8 0.2 -0.2
1.4 0.2 0.2
1.8 0.2 0.2
1.8 0.6 0.2
1.4 0.6 0.2
1.4 0.2 0.6
1.4 0.6 0.6
1 0.6 0.6
1 0.2 0.6
1.4 0.2 1
1 0.2 1
1 -0.2 1
1.4 -0.2 1
1.4 0.2 1.4
1.4 -0.2 1.4
1.8 0.2 1.4
1.8 0.2 1
1.8 0.6 1
1.8 0.6 1.4
2.2 0.2 1
2.2 0.2 1.4
2.2 -0.2 1
1.8 -0.2 1
2.2 -0.2 0.6
2.2 0.2 0.6
2.6 -0.2 0.6
2.6 -0.2 1
2.6 -0.6 0.6
2.2 -0.6 0.6
2.6 -0.6 0.2
2.6 -0.2 0.2
3 -0.6 0.2
3 -0.6 0.6
4 0 1 2 3  0.72 0.20 0.97
3 0 1 5  0.72 0.20 0.97
3 2 3 4  0.72 0.20 0.97
4 0 3 4 5  0.72 0.20 0.97
3 4 5 7  0.31 0.85 0.75
3 1 2 6   0.31 0.85 0.75
4 4 2 6 7  0.31 0.85 0.75
3 1 6 9  0.72 0.20 0.97
3 7 5 8  0.72 0.20 0.97
4 1 5 8 9  0.72 0.20 0.97
3 8 9 11  0.31 0.85 0.75
3 6 7 10   0.31 0.85 0.75
4 8 7 10 11  0.31 0.85 0.75
3 6 10 13  0.72 0.20 0.97
3 11 9 12  0.72 0.20 0.97
4 6 9 12 13  0.72 0.20 0.97
3 12 13 15  0.31 0.85 0.75
3 10 11 14   0.31 0.85 0.75
4 12 11 14 15  0.31 0.85 0.75
3 10 14 17  0.72 0.20 0.97
3 15 13 16  0.72 0.20 0.97
4 10 13 16 17  0.72 0.20 0.97
3 16 17 19  0.31 0.85 0.75
3 14 15 18   0.31 0.85 0.75
4 16 15 18 19  0.31 0.85 0.75
3 18 19 21  0.72 0.20 0.97
3 17 14 20  0.72 0.20 0.97
4 18 14 20 21  0.72 0.20 0.97
3 17 20 23  0.31 0.85 0.75
3 21 19 22   0.31 0.85 0.75
4 17 19 22 23  0.31 0.85 0.75
3 22 23 25  0.72 0.20 0.97
3 20 21 24  0.72 0.20 0.97
4 22 21 24 25  0.72 0.20 0.97
3 20 24 27  0.31 0.85 0.75
3 25 23 26   0.31 0.85 0.75
4 20 23 26 27  0.31 0.85 0.75
3 26 27 29  0.72 0.20 0.97
3 24 25 28  0.72 0.20 0.97
4 26 25 28 29  0.72 0.20 0.97
3 24 28 31  0.31 0.85 0.75
3 29 27 30   0.31 0.85 0.75
4 24 27 30 31  0.31 0.85 0.75
3 30 31 33  0.72 0.20 0.97
3 28 29 32  0.72 0.20 0.97
4 30 29 32 33  0.72 0.20 0.97
3 31 28 35  0.31 0.85 0.75
3 32 33 34   0.31 0.85 0.75
4 31 33 34 35  0.31 0.85 0.75
3 32 34 37  0.72 0.20 0.97
3 35 28 36  0.72 0.20 0.97
4 32 28 36 37  0.72 0.20 0.97
3 37 34 39  0.31 0.85 0.75
3 35 36 38   0.31 0.85 0.75
4 37 36 38 39  0.31 0.85 0.75
3 34 35 41  0.72 0.20 0.97
3 38 39 40  0.72 0.20 0.97
4 34 39 40 41  0.72 0.20 0.97
3 35 38 43  0.31 0.85 0.75
3 40 41 42   0.31 0.85 0.75
4 35 41 42 43  0.31 0.85 0.75
3 38 40 45  0.72 0.20 0.97
3 42 43 44  0.72 0.20 0.97
4 38 43 44 45  0.72 0.20 0.97
3 40 42 47  0.31 0.85 0.75
3 44 45 46   0.31 0.85 0.75
4 40 45 46 47  0.31 0.85 0.75
3 42 44 49  0.72 0.20 0.97
3 46 47 48  0.72 0.20 0.97
4 42 47 48 49  0.72 0.20 0.97
3 44 46 51  0.31 0.85 0.75
3 48 49 50   0.31 0.85 0.75
4 44 49 50 51  0.31 0.85 0.75



