OFF
52 73 124
-0.3 -0.3 -0.3
0.3 -0.3 -0.3
0.3 0.3 -0.3
-0.3 0.3 -0.3
0.3 0.3 0.3
0.3 -0.3 0.3
0.9 -0.3 0.3
0.9 0.3 0.3
0.3 0.3 0.9
0.9 0.3 0.9
0.9 0.9 0.3
0.9 0.9 0.9
1.5 0.3 0.9
1.5 0.9 0.9
1.5 0.9 1.5
1.5 0.3 1.5
2.1 0.3 1.5
2.1 0.9 1.5
2.1 0.3 2.1
1.5 0.3 2.1
2.1 -0.3 1.5
1.5 -0.3 1.5
1.5 0.3 0.9000001
1.5 -0.3 0.9000001
0.9000001 -0.3 0.9000001
0.9000001 0.3 0.9000001
1.5 -0.3 0.3000002
1.5 0.3 0.3000002
2.1 -0.3 0.9000001
2.1 0.3 0.9000001
2.1 0.3 1.5
2.1 -0.3 1.5
2.7 0.3 1.5
2.7 0.3 0.9000001
2.1 0.9 1.5
2.1 0.9 0.9000001
1.5 0.3 0.9000001
1.5 0.9 0.9000001
1.5 0.9 0.3000002
1.5 0.3 0.3000002
0.9000001 0.3 0.3000002
0.9000001 0.9 0.3000002
0.9000001 0.3 -0.2999997
1.5 0.3 -0.2999997
0.9000001 -0.3 -0.2999997
0.9000001 -0.3 0.3000002
0.3000002 -0.3 -0.2999997
0.3000002 0.3 -0.2999997
0.3000002 0.3 -0.8999996
0.3000002 -0.3 -0.8999996
-0.2999997 0.3 -0.2999997
-0.2999997 -0.3 -0.2999997
4 0 1 2 3 0.72 0.20 0.97
3 0 1 5 0.72 0.20 0.97
3 2 3 4 0.72 0.20 0.97
4 0 3 4 5 0.72 0.20 0.97
3 2 4 7  0.31 0.85 0.75
3 5 1 6  0.31 0.85 0.75
4 2 1 6 7  0.31 0.85 0.75
3 6 7 9  0.72 0.20 0.97
3 4 5 8  0.72 0.20 0.97
4 6 5 8 9  0.72 0.20 0.97
3 8 9 11  0.31 0.85 0.75
3 7 4 10  0.31 0.85 0.75
4 8 4 10 11  0.31 0.85 0.75
3 10 11 13  0.72 0.20 0.97
3 9 7 12  0.72 0.20 0.97
4 10 7 12 13  0.72 0.20 0.97
3 9 12 15  0.31 0.85 0.75
3 13 11 14  0.31 0.85 0.75
4 9 11 14 15  0.31 0.85 0.75
3 13 14 17  0.72 0.20 0.97
3 15 12 16  0.72 0.20 0.97
4 13 12 16 17  0.72 0.20 0.97
3 14 15 19  0.31 0.85 0.75
3 16 17 18  0.31 0.85 0.75
4 14 17 18 19  0.31 0.85 0.75
3 19 15 21  0.72 0.20 0.97
3 16 18 20  0.72 0.20 0.97
4 19 18 20 21  0.72 0.20 0.97
3 20 21 23  0.31 0.85 0.75
3 15 16 22  0.31 0.85 0.75
4 20 16 22 23  0.31 0.85 0.75
3 15 22 25  0.72 0.20 0.97
3 23 21 24  0.72 0.20 0.97
4 15 21 24 25  0.72 0.20 0.97
3 25 22 27  0.31 0.85 0.75
3 23 24 26  0.31 0.85 0.75
4 25 24 26 27  0.31 0.85 0.75
3 27 22 29  0.72 0.20 0.97
3 23 26 28  0.72 0.20 0.97
4 27 26 28 29  0.72 0.20 0.97
3 23 28 31  0.31 0.85 0.75
3 29 22 30  0.31 0.85 0.75
4 23 22 30 31  0.31 0.85 0.75
3 28 29 33  0.72 0.20 0.97
3 30 31 32  0.72 0.20 0.97
4 28 31 32 33  0.72 0.20 0.97
3 33 29 35  0.31 0.85 0.75
3 30 32 34  0.31 0.85 0.75
4 33 32 34 35  0.31 0.85 0.75
3 34 35 37  0.72 0.20 0.97
3 29 30 36  0.72 0.20 0.97
4 34 30 36 37  0.72 0.20 0.97
3 29 36 39  0.31 0.85 0.75
3 37 35 38  0.31 0.85 0.75
4 29 35 38 39  0.31 0.85 0.75
3 37 38 41  0.72 0.20 0.97
3 39 36 40  0.72 0.20 0.97
4 37 36 40 41  0.72 0.20 0.97
3 38 39 43  0.31 0.85 0.75
3 40 41 42  0.31 0.85 0.75
4 38 41 42 43  0.31 0.85 0.75
3 39 40 45  0.72 0.20 0.97
3 42 43 44  0.72 0.20 0.97
4 39 43 44 45  0.72 0.20 0.97
3 40 42 47  0.31 0.85 0.75
3 44 45 46  0.31 0.85 0.75
4 40 45 46 47  0.31 0.85 0.75
3 44 46 49  0.72 0.20 0.97
3 47 42 48  0.72 0.20 0.97
4 44 42 48 49  0.72 0.20 0.97
3 49 46 51  0.31 0.85 0.75
3 47 48 50  0.31 0.85 0.75
4 49 48 50 51  0.31 0.85 0.75
 
 
 
