OFF
52 73 124
-0.4 -0.4 -0.4
0.4 -0.4 -0.4
0.4 0.4 -0.4
-0.4 0.4 -0.4
0.4 0.4 0.4
0.4 -0.4 0.4
1.2 -0.4 0.4
1.2 0.4 0.4
1.2 0.4 1.2
1.2 -0.4 1.2
2 -0.4 1.2
2 0.4 1.2
1.2 -0.4 2
1.2 0.4 2
0.4 0.4 2
0.4 -0.4 2
0.4 -0.4 2.8
0.4 0.4 2.8
-0.4 -0.4 2
-0.4 0.4 2
-0.4 -0.4 1.2
0.4 -0.4 1.2
0.4 -1.2 2
0.4 -1.2 1.2
1.2 -0.4 1.2
1.2 -1.2 1.2
0.4 -1.2 0.4
1.2 -1.2 0.4
0.4 -2 0.4
0.4 -2 1.2
-0.4 -2 0.4
-0.4 -1.2 0.4
0.4 -1.2 -0.4
-0.4 -1.2 -0.4
-0.4 -0.4 0.4
-0.4 -0.4 -0.4
-1.2 -0.4 0.4
-1.2 -1.2 0.4
-1.2 -0.4 1.2
-0.4 -0.4 1.2
-1.2 0.4 1.2
-1.2 0.4 0.4
-2 -0.4 0.4
-2 0.4 0.4
-1.2 -0.4 -0.4
-1.2 0.4 -0.4
-0.4 0.4 -0.4
-0.4 -0.4 -0.4
-0.4 -0.4 -1.2
-0.4 0.4 -1.2
0.4 -0.4 -0.4
0.4 0.4 -0.4
4 0 1 2 3  0.72 0.20 0.97
3 0 1 5  0.72 0.20 0.97
3 2 3 4  0.72 0.20 0.97
4 0 3 4 5  0.72 0.20 0.97
3 2 4 7  0.31 0.85 0.75
3 5 1 6   0.31 0.85 0.75
4 2 1 6 7  0.31 0.85 0.75
3 5 6 9  0.72 0.20 0.97
3 7 4 8  0.72 0.20 0.97
4 5 4 8 9  0.72 0.20 0.97
3 7 8 11  0.31 0.85 0.75
3 9 6 10   0.31 0.85 0.75
4 7 6 10 11  0.31 0.85 0.75
3 11 8 13  0.72 0.20 0.97
3 9 10 12  0.72 0.20 0.97
4 11 10 12 13  0.72 0.20 0.97
3 9 12 15  0.31 0.85 0.75
3 13 8 14   0.31 0.85 0.75
4 9 8 14 15  0.31 0.85 0.75
3 13 14 17  0.72 0.20 0.97
3 15 12 16  0.72 0.20 0.97
4 13 12 16 17  0.72 0.20 0.97
3 17 14 19  0.31 0.85 0.75
3 15 16 18   0.31 0.85 0.75
4 17 16 18 19  0.31 0.85 0.75
3 14 15 21  0.72 0.20 0.97
3 18 19 20  0.72 0.20 0.97
4 14 19 20 21  0.72 0.20 0.97
3 20 21 23  0.31 0.85 0.75
3 15 18 22   0.31 0.85 0.75
4 20 18 22 23  0.31 0.85 0.75
3 22 23 25  0.72 0.20 0.97
3 21 15 24  0.72 0.20 0.97
4 22 15 24 25  0.72 0.20 0.97
3 24 25 27  0.31 0.85 0.75
3 23 21 26   0.31 0.85 0.75
4 24 21 26 27  0.31 0.85 0.75
3 25 23 29  0.72 0.20 0.97
3 26 27 28  0.72 0.20 0.97
4 25 27 28 29  0.72 0.20 0.97
3 23 26 31  0.31 0.85 0.75
3 28 29 30   0.31 0.85 0.75
4 23 29 30 31  0.31 0.85 0.75
3 30 31 33  0.72 0.20 0.97
3 26 28 32  0.72 0.20 0.97
4 30 28 32 33  0.72 0.20 0.97
3 32 33 35  0.31 0.85 0.75
3 31 26 34   0.31 0.85 0.75
4 32 26 34 35  0.31 0.85 0.75
3 33 31 37  0.72 0.20 0.97
3 34 35 36  0.72 0.20 0.97
4 33 35 36 37  0.72 0.20 0.97
3 31 34 39  0.31 0.85 0.75
3 36 37 38   0.31 0.85 0.75
4 31 37 38 39  0.31 0.85 0.75
3 34 36 41  0.72 0.20 0.97
3 38 39 40  0.72 0.20 0.97
4 34 39 40 41  0.72 0.20 0.97
3 40 41 43  0.31 0.85 0.75
3 36 38 42   0.31 0.85 0.75
4 40 38 42 43  0.31 0.85 0.75
3 43 41 45  0.72 0.20 0.97
3 36 42 44  0.72 0.20 0.97
4 43 42 44 45  0.72 0.20 0.97
3 36 44 47  0.31 0.85 0.75
3 45 41 46   0.31 0.85 0.75
4 36 41 46 47  0.31 0.85 0.75
3 45 46 49  0.72 0.20 0.97
3 47 44 48  0.72 0.20 0.97
4 45 44 48 49  0.72 0.20 0.97
3 49 46 51  0.31 0.85 0.75
3 47 48 50   0.31 0.85 0.75
4 49 48 50 51  0.31 0.85 0.75



