OFF
52 73 124
-0.3 -0.3 -0.3
0.3 -0.3 -0.3
0.3 0.3 -0.3
-0.3 0.3 -0.3
0.3 0.3 0.3
0.3 -0.3 0.3
0.9 0.3 0.3
0.9 0.3 -0.3
0.9 0.9 0.3
0.3 0.9 0.3
0.3 0.3 0.9
0.3 0.9 0.9
-0.3 0.3 0.9
-0.3 0.3 0.3
0.3 -0.3 0.3
-0.3 -0.3 0.3
-0.3 0.3 -0.3
-0.3 -0.3 -0.3
-0.9 0.3 0.3
-0.9 -0.3 0.3
-0.9 -0.3 0.9
-0.9 0.3 0.9
-1.5 -0.3 0.3
-1.5 0.3 0.3
-0.9 -0.3 -0.3
-0.9 0.3 -0.3
-0.3 0.3 -0.3
-0.3 -0.3 -0.3
-0.9 0.3 -0.9
-0.9 -0.3 -0.9
-1.5 -0.3 -0.9
-1.5 0.3 -0.9
-0.9 -0.3 -1.5
-0.9 0.3 -1.5
-0.3 -0.3 -0.9
-0.3 0.3 -0.9
-0.3 0.3 -0.3
-0.3 -0.3 -0.3
0.3 0.3 -0.9
0.3 -0.3 -0.9
0.3 0.3 -1.5
-0.3 0.3 -1.5
0.3 0.9 -1.5
0.3 0.9 -0.9
0.9 0.3 -0.9
0.9 0.9 -0.9
0.9 0.3 -0.3
0.3 0.3 -0.3
0.3 -0.3 -0.9
0.3 -0.3 -0.3
-0.3 0.3 -0.3
-0.3 -0.3 -0.3
4 0 1 2 3  0.72 0.20 0.97
3 0 1 5  0.72 0.20 0.97
3 2 3 4  0.72 0.20 0.97
4 0 3 4 5  0.72 0.20 0.97
3 1 2 7  0.31 0.85 0.75
3 4 5 6   0.31 0.85 0.75
4 1 5 6 7  0.31 0.85 0.75
3 2 4 9  0.72 0.20 0.97
3 6 7 8  0.72 0.20 0.97
4 2 7 8 9  0.72 0.20 0.97
3 8 9 11  0.31 0.85 0.75
3 4 6 10   0.31 0.85 0.75
4 8 6 10 11  0.31 0.85 0.75
3 9 4 13  0.72 0.20 0.97
3 10 11 12  0.72 0.20 0.97
4 9 11 12 13  0.72 0.20 0.97
3 12 13 15  0.31 0.85 0.75
3 4 10 14   0.31 0.85 0.75
4 12 10 14 15  0.31 0.85 0.75
3 14 15 17  0.72 0.20 0.97
3 13 4 16  0.72 0.20 0.97
4 14 4 16 17  0.72 0.20 0.97
3 17 15 19  0.31 0.85 0.75
3 13 16 18   0.31 0.85 0.75
4 17 16 18 19  0.31 0.85 0.75
3 13 18 21  0.72 0.20 0.97
3 19 15 20  0.72 0.20 0.97
4 13 15 20 21  0.72 0.20 0.97
3 21 18 23  0.31 0.85 0.75
3 19 20 22   0.31 0.85 0.75
4 21 20 22 23  0.31 0.85 0.75
3 23 18 25  0.72 0.20 0.97
3 19 22 24  0.72 0.20 0.97
4 23 22 24 25  0.72 0.20 0.97
3 19 24 27  0.31 0.85 0.75
3 25 18 26   0.31 0.85 0.75
4 19 18 26 27  0.31 0.85 0.75
3 27 24 29  0.72 0.20 0.97
3 25 26 28  0.72 0.20 0.97
4 27 26 28 29  0.72 0.20 0.97
3 25 28 31  0.31 0.85 0.75
3 29 24 30   0.31 0.85 0.75
4 25 24 30 31  0.31 0.85 0.75
3 31 28 33  0.72 0.20 0.97
3 29 30 32  0.72 0.20 0.97
4 31 30 32 33  0.72 0.20 0.97
3 33 28 35  0.31 0.85 0.75
3 29 32 34   0.31 0.85 0.75
4 33 32 34 35  0.31 0.85 0.75
3 29 34 37  0.72 0.20 0.97
3 35 28 36  0.72 0.20 0.97
4 29 28 36 37  0.72 0.20 0.97
3 37 34 39  0.31 0.85 0.75
3 35 36 38   0.31 0.85 0.75
4 37 36 38 39  0.31 0.85 0.75
3 34 35 41  0.72 0.20 0.97
3 38 39 40  0.72 0.20 0.97
4 34 39 40 41  0.72 0.20 0.97
3 35 38 43  0.31 0.85 0.75
3 40 41 42   0.31 0.85 0.75
4 35 41 42 43  0.31 0.85 0.75
3 42 43 45  0.72 0.20 0.97
3 38 40 44  0.72 0.20 0.97
4 42 40 44 45  0.72 0.20 0.97
3 43 38 47  0.31 0.85 0.75
3 44 45 46   0.31 0.85 0.75
4 43 45 46 47  0.31 0.85 0.75
3 46 47 49  0.72 0.20 0.97
3 38 44 48  0.72 0.20 0.97
4 46 44 48 49  0.72 0.20 0.97
3 48 49 51  0.31 0.85 0.75
3 47 38 50   0.31 0.85 0.75
4 48 38 50 51  0.31 0.85 0.75



