OFF
52 73 124
-0.3 -0.3 -0.3
0.3 -0.3 -0.3
0.3 0.3 -0.3
-0.3 0.3 -0.3
0.3 0.3 0.3
0.3 -0.3 0.3
0.9 -0.3 0.3
0.9 0.3 0.3
0.9 -0.3 0.9
0.3 -0.3 0.9
0.3 -0.9 0.9
0.9 -0.9 0.9
0.9 -0.3 1.5
0.9 -0.9 1.5
1.5 -0.3 1.5
1.5 -0.3 0.9
1.5 0.3 1.5
0.9 0.3 1.5
1.5 0.3 2.1
1.5 -0.3 2.1
2.1 -0.3 1.5
2.1 -0.3 2.1
1.5 -0.9 2.1
2.1 -0.9 2.1
2.1 -0.3 2.7
2.1 -0.9 2.7
2.7 -0.9 2.1
2.7 -0.9 2.7
2.1 -1.5 2.1
2.1 -1.5 2.7
1.5 -1.5 2.1
1.5 -0.9 2.1
1.5 -1.5 1.5
2.1 -1.5 1.5
1.5 -2.1 1.5
1.5 -2.1 2.1
0.9000001 -2.1 1.5
0.9000001 -1.5 1.5
1.5 -1.5 0.9000001
0.9000001 -1.5 0.9000001
0.9000001 -0.9000001 1.5
0.9000001 -0.9000001 0.9000001
0.3000002 -1.5 0.9000001
0.3000002 -0.9000001 0.9000001
0.3000002 -1.5 0.3000002
0.9000001 -1.5 0.3000002
0.9000001 -2.1 0.3000002
0.3000002 -2.1 0.3000002
0.3000002 -1.5 -0.2999997
0.3000002 -2.1 -0.2999997
-0.2999997 -2.1 -0.2999997
-0.2999997 -1.5 -0.2999997
4 0 1 2 3 0.72 0.20 0.97
3 0 1 5 0.72 0.20 0.97
3 2 3 4 0.72 0.20 0.97
4 0 3 4 5 0.72 0.20 0.97
3 2 4 7  0.31 0.85 0.75
3 5 1 6  0.31 0.85 0.75
4 2 1 6 7  0.31 0.85 0.75
3 4 5 9  0.72 0.20 0.97
3 6 7 8  0.72 0.20 0.97
4 4 7 8 9  0.72 0.20 0.97
3 6 8 11  0.31 0.85 0.75
3 9 5 10  0.31 0.85 0.75
4 6 5 10 11  0.31 0.85 0.75
3 10 11 13  0.72 0.20 0.97
3 8 9 12  0.72 0.20 0.97
4 10 9 12 13  0.72 0.20 0.97
3 11 8 15  0.31 0.85 0.75
3 12 13 14  0.31 0.85 0.75
4 11 13 14 15  0.31 0.85 0.75
3 8 12 17  0.72 0.20 0.97
3 14 15 16  0.72 0.20 0.97
4 8 15 16 17  0.72 0.20 0.97
3 12 14 19  0.31 0.85 0.75
3 16 17 18  0.31 0.85 0.75
4 12 17 18 19  0.31 0.85 0.75
3 18 19 21  0.72 0.20 0.97
3 14 16 20  0.72 0.20 0.97
4 18 16 20 21  0.72 0.20 0.97
3 20 21 23  0.31 0.85 0.75
3 19 14 22  0.31 0.85 0.75
4 20 14 22 23  0.31 0.85 0.75
3 22 23 25  0.72 0.20 0.97
3 21 19 24  0.72 0.20 0.97
4 22 19 24 25  0.72 0.20 0.97
3 24 25 27  0.31 0.85 0.75
3 23 21 26  0.31 0.85 0.75
4 24 21 26 27  0.31 0.85 0.75
3 27 25 29  0.72 0.20 0.97
3 23 26 28  0.72 0.20 0.97
4 27 26 28 29  0.72 0.20 0.97
3 25 23 31  0.31 0.85 0.75
3 28 29 30  0.31 0.85 0.75
4 25 29 30 31  0.31 0.85 0.75
3 23 28 33  0.72 0.20 0.97
3 30 31 32  0.72 0.20 0.97
4 23 31 32 33  0.72 0.20 0.97
3 28 30 35  0.31 0.85 0.75
3 32 33 34  0.31 0.85 0.75
4 28 33 34 35  0.31 0.85 0.75
3 30 32 37  0.72 0.20 0.97
3 34 35 36  0.72 0.20 0.97
4 30 35 36 37  0.72 0.20 0.97
3 36 37 39  0.31 0.85 0.75
3 32 34 38  0.31 0.85 0.75
4 36 34 38 39  0.31 0.85 0.75
3 38 39 41  0.72 0.20 0.97
3 37 32 40  0.72 0.20 0.97
4 38 32 40 41  0.72 0.20 0.97
3 40 41 43  0.31 0.85 0.75
3 39 37 42  0.31 0.85 0.75
4 40 37 42 43  0.31 0.85 0.75
3 41 39 45  0.72 0.20 0.97
3 42 43 44  0.72 0.20 0.97
4 41 43 44 45  0.72 0.20 0.97
3 42 44 47  0.31 0.85 0.75
3 45 39 46  0.31 0.85 0.75
4 42 39 46 47  0.31 0.85 0.75
3 46 47 49  0.72 0.20 0.97
3 44 45 48  0.72 0.20 0.97
4 46 45 48 49  0.72 0.20 0.97
3 44 48 51  0.31 0.85 0.75
3 49 47 50  0.31 0.85 0.75
4 44 47 50 51  0.31 0.85 0.75
 
 
 
