OFF
52 73 124
-0.3 -0.3 -0.3
0.3 -0.3 -0.3
0.3 0.3 -0.3
-0.3 0.3 -0.3
0.3 0.3 0.3
0.3 -0.3 0.3
0.9 0.3 -0.3
0.9 -0.3 -0.3
0.9 -0.3 -0.9
0.9 0.3 -0.9
1.5 0.3 -0.9
1.5 -0.3 -0.9
0.9 -0.3 -1.5
1.5 -0.3 -1.5
1.5 -0.9 -1.5
0.9000001 -0.9 -1.5
1.5 -0.9 -2.1
1.5 -0.3 -2.1
2.1 -0.3 -2.1
2.1 -0.9 -2.1
2.1 -0.9 -2.7
2.1 -0.3 -2.7
2.7 -0.3 -2.7
2.7 -0.9 -2.7
2.7 -0.9 -3.3
2.7 -0.3 -3.3
3.3 -0.9 -3.3
3.3 -0.9 -2.7
2.7 -1.5 -3.3
2.7 -1.5 -2.7
2.1 -0.9 -2.7
2.1 -1.5 -2.7
2.1 -1.5 -2.1
2.1 -0.9000001 -2.1
1.5 -0.9000002 -2.1
1.5 -1.5 -2.1
1.5 -1.5 -1.5
1.5 -0.9000001 -1.5
0.9000001 -0.9000001 -1.5
0.9000001 -1.5 -1.5
1.5 -1.5 -0.9000001
0.9000001 -1.5 -0.9000001
0.9000001 -2.1 -0.9000001
1.5 -2.1 -0.9000001
0.9000001 -2.1 -0.3000002
0.9000001 -1.5 -0.3000002
0.3000002 -1.5 -0.3000002
0.3000002 -2.1 -0.3000002
0.3000002 -2.1 0.2999997
0.3000002 -1.5 0.2999997
-0.2999997 -2.1 -0.3000002
-0.2999997 -1.5 -0.3000002
4 0 1 2 3 0.72 0.20 0.97
3 0 1 5 0.72 0.20 0.97
3 2 3 4 0.72 0.20 0.97
4 0 3 4 5 0.72 0.20 0.97
3 5 1 7  0.31 0.85 0.75
3 2 4 6  0.31 0.85 0.75
4 5 4 6 7  0.31 0.85 0.75
3 2 6 9  0.72 0.20 0.97
3 7 1 8  0.72 0.20 0.97
4 2 1 8 9  0.72 0.20 0.97
3 7 8 11  0.31 0.85 0.75
3 9 6 10  0.31 0.85 0.75
4 7 6 10 11  0.31 0.85 0.75
3 10 11 13  0.72 0.20 0.97
3 8 9 12  0.72 0.20 0.97
4 10 9 12 13  0.72 0.20 0.97
3 8 12 15  0.31 0.85 0.75
3 13 11 14  0.31 0.85 0.75
4 8 11 14 15  0.31 0.85 0.75
3 12 13 17  0.72 0.20 0.97
3 14 15 16  0.72 0.20 0.97
4 12 15 16 17  0.72 0.20 0.97
3 14 16 19  0.31 0.85 0.75
3 17 13 18  0.31 0.85 0.75
4 14 13 18 19  0.31 0.85 0.75
3 17 18 21  0.72 0.20 0.97
3 19 16 20  0.72 0.20 0.97
4 17 16 20 21  0.72 0.20 0.97
3 19 20 23  0.31 0.85 0.75
3 21 18 22  0.31 0.85 0.75
4 19 18 22 23  0.31 0.85 0.75
3 21 22 25  0.72 0.20 0.97
3 23 20 24  0.72 0.20 0.97
4 21 20 24 25  0.72 0.20 0.97
3 22 23 27  0.31 0.85 0.75
3 24 25 26  0.31 0.85 0.75
4 22 25 26 27  0.31 0.85 0.75
3 27 23 29  0.72 0.20 0.97
3 24 26 28  0.72 0.20 0.97
4 27 26 28 29  0.72 0.20 0.97
3 28 29 31  0.31 0.85 0.75
3 23 24 30  0.31 0.85 0.75
4 28 24 30 31  0.31 0.85 0.75
3 23 30 33  0.72 0.20 0.97
3 31 29 32  0.72 0.20 0.97
4 23 29 32 33  0.72 0.20 0.97
3 31 32 35  0.31 0.85 0.75
3 33 30 34  0.31 0.85 0.75
4 31 30 34 35  0.31 0.85 0.75
3 33 34 37  0.72 0.20 0.97
3 35 32 36  0.72 0.20 0.97
4 33 32 36 37  0.72 0.20 0.97
3 35 36 39  0.31 0.85 0.75
3 37 34 38  0.31 0.85 0.75
4 35 34 38 39  0.31 0.85 0.75
3 38 39 41  0.72 0.20 0.97
3 36 37 40  0.72 0.20 0.97
4 38 37 40 41  0.72 0.20 0.97
3 36 40 43  0.31 0.85 0.75
3 41 39 42  0.31 0.85 0.75
4 36 39 42 43  0.31 0.85 0.75
3 40 41 45  0.72 0.20 0.97
3 42 43 44  0.72 0.20 0.97
4 40 43 44 45  0.72 0.20 0.97
3 42 44 47  0.31 0.85 0.75
3 45 41 46  0.31 0.85 0.75
4 42 41 46 47  0.31 0.85 0.75
3 45 46 49  0.72 0.20 0.97
3 47 44 48  0.72 0.20 0.97
4 45 44 48 49  0.72 0.20 0.97
3 49 46 51  0.31 0.85 0.75
3 47 48 50  0.31 0.85 0.75
4 49 48 50 51  0.31 0.85 0.75
 
 
 
