OFF
52 73 124
-0.3 -0.3 -0.3
0.3 -0.3 -0.3
0.3 0.3 -0.3
-0.3 0.3 -0.3
0.3 0.3 0.3
0.3 -0.3 0.3
0.9 0.3 0.3
0.9 0.3 -0.3
0.9 0.9 -0.3
0.9 0.9 0.3
1.5 0.3 0.3
1.5 0.9 0.3
0.9 0.3 0.9
0.9 0.9 0.9
0.3 0.3 0.9
0.3 0.3 0.3
0.3 -0.3 0.3
0.3 -0.3 0.9
-0.3 -0.3 0.3
-0.3 0.3 0.3
-0.3 0.3 -0.3
-0.3 -0.3 -0.3
-0.9 -0.3 0.3
-0.9 -0.3 -0.3
-0.9 -0.9 -0.3
-0.9 -0.9 0.3
-1.5 -0.9 -0.3
-1.5 -0.3 -0.3
-0.9 -0.9 -0.9
-0.9 -0.3 -0.9
-0.3 -0.3 -0.3
-0.3 -0.3 -0.9
-0.3 0.3 -0.9
-0.3 0.3 -0.3
0.3 0.3 -0.9
0.3 -0.3 -0.9
0.3 -0.3 -1.5
0.3 0.3 -1.5
0.9 0.3 -0.9
0.9 0.3 -1.5
0.9 0.9 -1.5
0.9 0.9 -0.9
1.5 0.3 -0.9
1.5 0.9 -0.9
0.9 0.3 -0.3
0.9 0.9 -0.3
0.3 0.3 -0.3
0.3 0.3 -0.9
0.3 -0.3 -0.9
0.3 -0.3 -0.3
-0.3 0.3 -0.3
-0.3 -0.3 -0.3
4 0 1 2 3  0.72 0.20 0.97
3 0 1 5  0.72 0.20 0.97
3 2 3 4  0.72 0.20 0.97
4 0 3 4 5  0.72 0.20 0.97
3 1 2 7  0.31 0.85 0.75
3 4 5 6   0.31 0.85 0.75
4 1 5 6 7  0.31 0.85 0.75
3 4 6 9  0.72 0.20 0.97
3 7 2 8  0.72 0.20 0.97
4 4 2 8 9  0.72 0.20 0.97
3 8 9 11  0.31 0.85 0.75
3 6 7 10   0.31 0.85 0.75
4 8 7 10 11  0.31 0.85 0.75
3 11 9 13  0.72 0.20 0.97
3 6 10 12  0.72 0.20 0.97
4 11 10 12 13  0.72 0.20 0.97
3 9 6 15  0.31 0.85 0.75
3 12 13 14   0.31 0.85 0.75
4 9 13 14 15  0.31 0.85 0.75
3 12 14 17  0.72 0.20 0.97
3 15 6 16  0.72 0.20 0.97
4 12 6 16 17  0.72 0.20 0.97
3 14 15 19  0.31 0.85 0.75
3 16 17 18   0.31 0.85 0.75
4 14 17 18 19  0.31 0.85 0.75
3 16 18 21  0.72 0.20 0.97
3 19 15 20  0.72 0.20 0.97
4 16 15 20 21  0.72 0.20 0.97
3 20 21 23  0.31 0.85 0.75
3 18 19 22   0.31 0.85 0.75
4 20 19 22 23  0.31 0.85 0.75
3 18 22 25  0.72 0.20 0.97
3 23 21 24  0.72 0.20 0.97
4 18 21 24 25  0.72 0.20 0.97
3 22 23 27  0.31 0.85 0.75
3 24 25 26   0.31 0.85 0.75
4 22 25 26 27  0.31 0.85 0.75
3 27 23 29  0.72 0.20 0.97
3 24 26 28  0.72 0.20 0.97
4 27 26 28 29  0.72 0.20 0.97
3 28 29 31  0.31 0.85 0.75
3 23 24 30   0.31 0.85 0.75
4 28 24 30 31  0.31 0.85 0.75
3 23 30 33  0.72 0.20 0.97
3 31 29 32  0.72 0.20 0.97
4 23 29 32 33  0.72 0.20 0.97
3 30 31 35  0.31 0.85 0.75
3 32 33 34   0.31 0.85 0.75
4 30 33 34 35  0.31 0.85 0.75
3 32 34 37  0.72 0.20 0.97
3 35 31 36  0.72 0.20 0.97
4 32 31 36 37  0.72 0.20 0.97
3 36 37 39  0.31 0.85 0.75
3 34 35 38   0.31 0.85 0.75
4 36 35 38 39  0.31 0.85 0.75
3 34 38 41  0.72 0.20 0.97
3 39 37 40  0.72 0.20 0.97
4 34 37 40 41  0.72 0.20 0.97
3 40 41 43  0.31 0.85 0.75
3 38 39 42   0.31 0.85 0.75
4 40 39 42 43  0.31 0.85 0.75
3 43 41 45  0.72 0.20 0.97
3 38 42 44  0.72 0.20 0.97
4 43 42 44 45  0.72 0.20 0.97
3 41 38 47  0.31 0.85 0.75
3 44 45 46   0.31 0.85 0.75
4 41 45 46 47  0.31 0.85 0.75
3 44 46 49  0.72 0.20 0.97
3 47 38 48  0.72 0.20 0.97
4 44 38 48 49  0.72 0.20 0.97
3 48 49 51  0.31 0.85 0.75
3 46 47 50   0.31 0.85 0.75
4 48 47 50 51  0.31 0.85 0.75



