OFF
52 73 124
-0.3 -0.3 -0.3
0.3 -0.3 -0.3
0.3 0.3 -0.3
-0.3 0.3 -0.3
0.3 0.3 0.3
0.3 -0.3 0.3
0.9 -0.3 0.3
0.9 0.3 0.3
0.3 0.3 0.9
0.9 0.3 0.9
0.3 0.9 0.3
0.9 0.9 0.3
0.3 0.9 -0.3
0.3 0.3 -0.3
-0.3 0.3 -0.3
-0.3 0.9 -0.3
0.3 0.3 -0.9
0.3 0.9 -0.9
0.9 0.9 -0.3
0.9 0.9 -0.9
0.9 1.5 -0.9
0.9 1.5 -0.3
1.5 0.9 -0.9
1.5 0.9 -0.3
1.5 0.3 -0.3
1.5 0.3 -0.9
2.1 0.3 -0.3
2.1 0.9 -0.3
1.5 0.3 0.3
1.5 0.9 0.3
0.9 0.9 0.3
0.9 0.3 0.3
1.5 0.3 0.9
0.9 0.3 0.9
1.5 -0.3 0.3
0.9 -0.3 0.3
1.5 -0.3 -0.3
1.5 0.3 -0.3
2.1 0.3 -0.3
2.1 -0.3 -0.3
1.5 0.3 -0.9
1.5 -0.3 -0.9
0.9 -0.3 -0.3
0.9 -0.3 -0.9
0.9 -0.9 -0.9
0.9 -0.9 -0.3
0.3 -0.3 -0.9
0.3 -0.3 -0.3
0.3 0.3 -0.3
0.3 0.3 -0.9
-0.3 0.3 -0.3
-0.3 -0.3 -0.3
4 0 1 2 3  0.72 0.20 0.97
3 0 1 5  0.72 0.20 0.97
3 2 3 4  0.72 0.20 0.97
4 0 3 4 5  0.72 0.20 0.97
3 2 4 7  0.31 0.85 0.75
3 5 1 6   0.31 0.85 0.75
4 2 1 6 7  0.31 0.85 0.75
3 6 7 9  0.72 0.20 0.97
3 4 5 8  0.72 0.20 0.97
4 6 5 8 9  0.72 0.20 0.97
3 9 7 11  0.31 0.85 0.75
3 4 8 10   0.31 0.85 0.75
4 9 8 10 11  0.31 0.85 0.75
3 7 4 13  0.72 0.20 0.97
3 10 11 12  0.72 0.20 0.97
4 7 11 12 13  0.72 0.20 0.97
3 10 12 15  0.31 0.85 0.75
3 13 4 14   0.31 0.85 0.75
4 10 4 14 15  0.31 0.85 0.75
3 15 12 17  0.72 0.20 0.97
3 13 14 16  0.72 0.20 0.97
4 15 14 16 17  0.72 0.20 0.97
3 16 17 19  0.31 0.85 0.75
3 12 13 18   0.31 0.85 0.75
4 16 13 18 19  0.31 0.85 0.75
3 12 18 21  0.72 0.20 0.97
3 19 17 20  0.72 0.20 0.97
4 12 17 20 21  0.72 0.20 0.97
3 21 18 23  0.31 0.85 0.75
3 19 20 22   0.31 0.85 0.75
4 21 20 22 23  0.31 0.85 0.75
3 19 22 25  0.72 0.20 0.97
3 23 18 24  0.72 0.20 0.97
4 19 18 24 25  0.72 0.20 0.97
3 22 23 27  0.31 0.85 0.75
3 24 25 26   0.31 0.85 0.75
4 22 25 26 27  0.31 0.85 0.75
3 27 23 29  0.72 0.20 0.97
3 24 26 28  0.72 0.20 0.97
4 27 26 28 29  0.72 0.20 0.97
3 24 28 31  0.31 0.85 0.75
3 29 23 30   0.31 0.85 0.75
4 24 23 30 31  0.31 0.85 0.75
3 30 31 33  0.72 0.20 0.97
3 28 29 32  0.72 0.20 0.97
4 30 29 32 33  0.72 0.20 0.97
3 33 31 35  0.31 0.85 0.75
3 28 32 34   0.31 0.85 0.75
4 33 32 34 35  0.31 0.85 0.75
3 31 28 37  0.72 0.20 0.97
3 34 35 36  0.72 0.20 0.97
4 31 35 36 37  0.72 0.20 0.97
3 34 36 39  0.31 0.85 0.75
3 37 28 38   0.31 0.85 0.75
4 34 28 38 39  0.31 0.85 0.75
3 39 36 41  0.72 0.20 0.97
3 37 38 40  0.72 0.20 0.97
4 39 38 40 41  0.72 0.20 0.97
3 40 41 43  0.31 0.85 0.75
3 36 37 42   0.31 0.85 0.75
4 40 37 42 43  0.31 0.85 0.75
3 36 42 45  0.72 0.20 0.97
3 43 41 44  0.72 0.20 0.97
4 36 41 44 45  0.72 0.20 0.97
3 45 42 47  0.31 0.85 0.75
3 43 44 46   0.31 0.85 0.75
4 45 44 46 47  0.31 0.85 0.75
3 43 46 49  0.72 0.20 0.97
3 47 42 48  0.72 0.20 0.97
4 43 42 48 49  0.72 0.20 0.97
3 46 47 51  0.31 0.85 0.75
3 48 49 50   0.31 0.85 0.75
4 46 49 50 51  0.31 0.85 0.75



