OFF
52 73 124
-0.3 -0.3 -0.3
0.3 -0.3 -0.3
0.3 0.3 -0.3
-0.3 0.3 -0.3
0.3 0.3 0.3
0.3 -0.3 0.3
0.9 0.3 -0.3
0.9 -0.3 -0.3
0.3 0.3 -0.9
0.3 -0.3 -0.9
-0.3 0.3 -0.9
-0.3 0.3 -0.3
-0.3 0.9 -0.3
-0.3 0.9 -0.9
-0.9 0.3 -0.9
-0.9 0.9 -0.9
-0.3 0.3 -1.5
-0.3 0.9 -1.5
0.3 0.3 -1.5
0.3 0.3 -0.9
-0.3 -0.3 -1.5
-0.3 -0.3 -0.9
-0.9 0.3 -0.9
-0.9 -0.3 -0.9
-0.3 0.3 -0.3
-0.3 -0.3 -0.3
0.3 -0.3 -0.9
0.3 -0.3 -0.3
-0.3 -0.9 -0.9
-0.3 -0.9 -0.3
-0.9 -0.9 -0.9
-0.9 -0.3 -0.9
-0.3 -0.9 -1.5
-0.3 -0.3 -1.5
0.3 -0.9 -1.5
0.3 -0.9 -0.9
-0.3 -1.5 -1.5
-0.3 -1.5 -0.9
-0.9 -0.9 -0.9
-0.9 -1.5 -0.9
-0.3 -0.9 -0.3
-0.3 -1.5 -0.3
0.3 -0.9 -0.3
0.3 -0.9 -0.9
0.3 -0.3 -0.9
0.3 -0.3 -0.3
0.9 -0.9 -0.3
0.9 -0.3 -0.3
0.3 -0.9 0.3
0.3 -0.3 0.3
-0.3 -0.9 -0.3
-0.3 -0.3 -0.3
4 0 1 2 3  0.72 0.20 0.97
3 0 1 5  0.72 0.20 0.97
3 2 3 4  0.72 0.20 0.97
4 0 3 4 5  0.72 0.20 0.97
3 5 1 7  0.31 0.85 0.75
3 2 4 6   0.31 0.85 0.75
4 5 4 6 7  0.31 0.85 0.75
3 7 1 9  0.72 0.20 0.97
3 2 6 8  0.72 0.20 0.97
4 7 6 8 9  0.72 0.20 0.97
3 1 2 11  0.31 0.85 0.75
3 8 9 10   0.31 0.85 0.75
4 1 9 10 11  0.31 0.85 0.75
3 8 10 13  0.72 0.20 0.97
3 11 2 12  0.72 0.20 0.97
4 8 2 12 13  0.72 0.20 0.97
3 12 13 15  0.31 0.85 0.75
3 10 11 14   0.31 0.85 0.75
4 12 11 14 15  0.31 0.85 0.75
3 15 13 17  0.72 0.20 0.97
3 10 14 16  0.72 0.20 0.97
4 15 14 16 17  0.72 0.20 0.97
3 13 10 19  0.31 0.85 0.75
3 16 17 18   0.31 0.85 0.75
4 13 17 18 19  0.31 0.85 0.75
3 19 10 21  0.72 0.20 0.97
3 16 18 20  0.72 0.20 0.97
4 19 18 20 21  0.72 0.20 0.97
3 20 21 23  0.31 0.85 0.75
3 10 16 22   0.31 0.85 0.75
4 20 16 22 23  0.31 0.85 0.75
3 23 21 25  0.72 0.20 0.97
3 10 22 24  0.72 0.20 0.97
4 23 22 24 25  0.72 0.20 0.97
3 24 25 27  0.31 0.85 0.75
3 21 10 26   0.31 0.85 0.75
4 24 10 26 27  0.31 0.85 0.75
3 27 25 29  0.72 0.20 0.97
3 21 26 28  0.72 0.20 0.97
4 27 26 28 29  0.72 0.20 0.97
3 25 21 31  0.31 0.85 0.75
3 28 29 30   0.31 0.85 0.75
4 25 29 30 31  0.31 0.85 0.75
3 31 21 33  0.72 0.20 0.97
3 28 30 32  0.72 0.20 0.97
4 31 30 32 33  0.72 0.20 0.97
3 21 28 35  0.31 0.85 0.75
3 32 33 34   0.31 0.85 0.75
4 21 33 34 35  0.31 0.85 0.75
3 35 28 37  0.72 0.20 0.97
3 32 34 36  0.72 0.20 0.97
4 35 34 36 37  0.72 0.20 0.97
3 36 37 39  0.31 0.85 0.75
3 28 32 38   0.31 0.85 0.75
4 36 32 38 39  0.31 0.85 0.75
3 39 37 41  0.72 0.20 0.97
3 28 38 40  0.72 0.20 0.97
4 39 38 40 41  0.72 0.20 0.97
3 37 28 43  0.31 0.85 0.75
3 40 41 42   0.31 0.85 0.75
4 37 41 42 43  0.31 0.85 0.75
3 40 42 45  0.72 0.20 0.97
3 43 28 44  0.72 0.20 0.97
4 40 28 44 45  0.72 0.20 0.97
3 44 45 47  0.31 0.85 0.75
3 42 43 46   0.31 0.85 0.75
4 44 43 46 47  0.31 0.85 0.75
3 47 45 49  0.72 0.20 0.97
3 42 46 48  0.72 0.20 0.97
4 47 46 48 49  0.72 0.20 0.97
3 49 45 51  0.31 0.85 0.75
3 42 48 50   0.31 0.85 0.75
4 49 48 50 51  0.31 0.85 0.75



