OFF
52 73 124
-0.3 -0.3 -0.3
0.3 -0.3 -0.3
0.3 0.3 -0.3
-0.3 0.3 -0.3
0.3 0.3 0.3
0.3 -0.3 0.3
0.9 0.3 0.3
0.9 0.3 -0.3
0.3 0.9 0.3
0.3 0.9 -0.3
-0.3 0.3 -0.3
-0.3 0.9 -0.3
0.3 0.3 -0.9
0.3 0.9 -0.9
0.9 0.3 -0.9
0.9 0.3 -0.3
0.3 -0.3 -0.9
0.3 -0.3 -0.3
-0.3 -0.3 -0.9
-0.3 0.3 -0.9
0.3 -0.3 -1.5
0.3 0.3 -1.5
0.9 0.3 -0.9
0.9 0.3 -1.5
0.3 0.9 -0.9
0.3 0.9 -1.5
-0.3 0.3 -1.5
-0.3 0.9 -1.5
0.3 0.3 -2.1
0.3 0.9 -2.1
0.9 0.3 -2.1
0.9 0.3 -1.5
0.3 -0.3 -2.1
0.3 -0.3 -1.5
-0.3 -0.3 -2.1
-0.3 0.3 -2.1
0.3 -0.3 -2.7
0.3 0.3 -2.7
0.9 0.3 -2.1
0.9 0.3 -2.7
0.3 0.9 -2.1
0.3 0.9 -2.7
-0.3 0.3 -2.7
-0.3 0.9 -2.7
0.3 0.3 -3.3
0.3 0.9 -3.3
0.9 0.3 -3.3
0.9 0.3 -2.7
0.3 -0.3 -3.3
0.3 -0.3 -2.7
-0.3 0.3 -2.7
-0.3 -0.3 -2.7
4 0 1 2 3  0.72 0.20 0.97
3 0 1 5  0.72 0.20 0.97
3 2 3 4  0.72 0.20 0.97
4 0 3 4 5  0.72 0.20 0.97
3 1 2 7  0.31 0.85 0.75
3 4 5 6   0.31 0.85 0.75
4 1 5 6 7  0.31 0.85 0.75
3 7 2 9  0.72 0.20 0.97
3 4 6 8  0.72 0.20 0.97
4 7 6 8 9  0.72 0.20 0.97
3 8 9 11  0.31 0.85 0.75
3 2 4 10   0.31 0.85 0.75
4 8 4 10 11  0.31 0.85 0.75
3 11 9 13  0.72 0.20 0.97
3 2 10 12  0.72 0.20 0.97
4 11 10 12 13  0.72 0.20 0.97
3 9 2 15  0.31 0.85 0.75
3 12 13 14   0.31 0.85 0.75
4 9 13 14 15  0.31 0.85 0.75
3 15 2 17  0.72 0.20 0.97
3 12 14 16  0.72 0.20 0.97
4 15 14 16 17  0.72 0.20 0.97
3 2 12 19  0.31 0.85 0.75
3 16 17 18   0.31 0.85 0.75
4 2 17 18 19  0.31 0.85 0.75
3 19 12 21  0.72 0.20 0.97
3 16 18 20  0.72 0.20 0.97
4 19 18 20 21  0.72 0.20 0.97
3 20 21 23  0.31 0.85 0.75
3 12 16 22   0.31 0.85 0.75
4 20 16 22 23  0.31 0.85 0.75
3 23 21 25  0.72 0.20 0.97
3 12 22 24  0.72 0.20 0.97
4 23 22 24 25  0.72 0.20 0.97
3 24 25 27  0.31 0.85 0.75
3 21 12 26   0.31 0.85 0.75
4 24 12 26 27  0.31 0.85 0.75
3 27 25 29  0.72 0.20 0.97
3 21 26 28  0.72 0.20 0.97
4 27 26 28 29  0.72 0.20 0.97
3 25 21 31  0.31 0.85 0.75
3 28 29 30   0.31 0.85 0.75
4 25 29 30 31  0.31 0.85 0.75
3 31 21 33  0.72 0.20 0.97
3 28 30 32  0.72 0.20 0.97
4 31 30 32 33  0.72 0.20 0.97
3 21 28 35  0.31 0.85 0.75
3 32 33 34   0.31 0.85 0.75
4 21 33 34 35  0.31 0.85 0.75
3 35 28 37  0.72 0.20 0.97
3 32 34 36  0.72 0.20 0.97
4 35 34 36 37  0.72 0.20 0.97
3 36 37 39  0.31 0.85 0.75
3 28 32 38   0.31 0.85 0.75
4 36 32 38 39  0.31 0.85 0.75
3 39 37 41  0.72 0.20 0.97
3 28 38 40  0.72 0.20 0.97
4 39 38 40 41  0.72 0.20 0.97
3 40 41 43  0.31 0.85 0.75
3 37 28 42   0.31 0.85 0.75
4 40 28 42 43  0.31 0.85 0.75
3 43 41 45  0.72 0.20 0.97
3 37 42 44  0.72 0.20 0.97
4 43 42 44 45  0.72 0.20 0.97
3 41 37 47  0.31 0.85 0.75
3 44 45 46   0.31 0.85 0.75
4 41 45 46 47  0.31 0.85 0.75
3 47 37 49  0.72 0.20 0.97
3 44 46 48  0.72 0.20 0.97
4 47 46 48 49  0.72 0.20 0.97
3 48 49 51  0.31 0.85 0.75
3 37 44 50   0.31 0.85 0.75
4 48 44 50 51  0.31 0.85 0.75



