OFF
52 73 124
-0.4 -0.4 -0.4
0.4 -0.4 -0.4
0.4 0.4 -0.4
-0.4 0.4 -0.4
0.4 0.4 0.4
0.4 -0.4 0.4
1.2 0.4 0.4
1.2 0.4 -0.4
0.4 1.2 -0.4
1.2 1.2 -0.4
0.4 0.4 -1.2
1.2 0.4 -1.2
1.2 -0.4 -1.2
0.4 -0.4 -1.2
0.4 -0.4 -2
1.2 -0.4 -2
1.2 -1.2 -2
0.4 -1.2 -2
0.4 -0.4 -2.8
0.4 -1.2 -2.8
-0.4 -0.4 -2.8
-0.4 -0.4 -2
0.4 0.4 -2
-0.4 0.4 -2
0.4 -0.4 -1.2
-0.4 -0.4 -1.2
-0.4 -1.2 -1.2
0.4 -1.2 -1.2
0.4 -1.2 -0.4
-0.4 -1.2 -0.4
0.4 -2 -1.2
-0.4 -2 -1.2
-0.4 -1.2 -2
-0.4 -2 -2
-1.2 -1.2 -2
-1.2 -1.2 -1.2
-0.4 -0.4 -1.2
-1.2 -0.4 -1.2
-1.2 -0.4 -0.4
-0.4 -0.4 -0.4
-0.4 0.4 -0.4
-1.2 0.4 -0.4
-1.2 0.4 0.4
-0.4 0.4 0.4
-1.2 1.2 -0.4
-0.4 1.2 -0.4
-0.4 0.4 -1.2
-0.4 1.2 -1.2
0.4 0.4 -1.2
0.4 0.4 -0.4
-0.4 -0.4 -0.4
0.4 -0.4 -0.4
4 0 1 2 3  0.72 0.20 0.97
3 0 1 5  0.72 0.20 0.97
3 2 3 4  0.72 0.20 0.97
4 0 3 4 5  0.72 0.20 0.97
3 1 2 7  0.31 0.85 0.75
3 4 5 6   0.31 0.85 0.75
4 1 5 6 7  0.31 0.85 0.75
3 6 7 9  0.72 0.20 0.97
3 2 4 8  0.72 0.20 0.97
4 6 4 8 9  0.72 0.20 0.97
3 9 7 11  0.31 0.85 0.75
3 2 8 10   0.31 0.85 0.75
4 9 8 10 11  0.31 0.85 0.75
3 2 10 13  0.72 0.20 0.97
3 11 7 12  0.72 0.20 0.97
4 2 7 12 13  0.72 0.20 0.97
3 11 12 15  0.31 0.85 0.75
3 13 10 14   0.31 0.85 0.75
4 11 10 14 15  0.31 0.85 0.75
3 13 14 17  0.72 0.20 0.97
3 15 12 16  0.72 0.20 0.97
4 13 12 16 17  0.72 0.20 0.97
3 16 17 19  0.31 0.85 0.75
3 14 15 18   0.31 0.85 0.75
4 16 15 18 19  0.31 0.85 0.75
3 17 14 21  0.72 0.20 0.97
3 18 19 20  0.72 0.20 0.97
4 17 19 20 21  0.72 0.20 0.97
3 20 21 23  0.31 0.85 0.75
3 14 18 22   0.31 0.85 0.75
4 20 18 22 23  0.31 0.85 0.75
3 23 21 25  0.72 0.20 0.97
3 14 22 24  0.72 0.20 0.97
4 23 22 24 25  0.72 0.20 0.97
3 14 24 27  0.31 0.85 0.75
3 25 21 26   0.31 0.85 0.75
4 14 21 26 27  0.31 0.85 0.75
3 25 26 29  0.72 0.20 0.97
3 27 24 28  0.72 0.20 0.97
4 25 24 28 29  0.72 0.20 0.97
3 29 26 31  0.31 0.85 0.75
3 27 28 30   0.31 0.85 0.75
4 29 28 30 31  0.31 0.85 0.75
3 30 31 33  0.72 0.20 0.97
3 26 27 32  0.72 0.20 0.97
4 30 27 32 33  0.72 0.20 0.97
3 31 26 35  0.31 0.85 0.75
3 32 33 34   0.31 0.85 0.75
4 31 33 34 35  0.31 0.85 0.75
3 34 35 37  0.72 0.20 0.97
3 26 32 36  0.72 0.20 0.97
4 34 32 36 37  0.72 0.20 0.97
3 26 36 39  0.31 0.85 0.75
3 37 35 38   0.31 0.85 0.75
4 26 35 38 39  0.31 0.85 0.75
3 37 38 41  0.72 0.20 0.97
3 39 36 40  0.72 0.20 0.97
4 37 36 40 41  0.72 0.20 0.97
3 39 40 43  0.31 0.85 0.75
3 41 38 42   0.31 0.85 0.75
4 39 38 42 43  0.31 0.85 0.75
3 43 40 45  0.72 0.20 0.97
3 41 42 44  0.72 0.20 0.97
4 43 42 44 45  0.72 0.20 0.97
3 44 45 47  0.31 0.85 0.75
3 40 41 46   0.31 0.85 0.75
4 44 41 46 47  0.31 0.85 0.75
3 45 40 49  0.72 0.20 0.97
3 46 47 48  0.72 0.20 0.97
4 45 47 48 49  0.72 0.20 0.97
3 48 49 51  0.31 0.85 0.75
3 40 46 50   0.31 0.85 0.75
4 48 46 50 51  0.31 0.85 0.75



