OFF
52 73 124
-0.4 -0.4 -0.4
0.4 -0.4 -0.4
0.4 0.4 -0.4
-0.4 0.4 -0.4
0.4 0.4 0.4
0.4 -0.4 0.4
1.2 0.4 0.4
1.2 0.4 -0.4
0.4 1.2 0.4
0.4 1.2 -0.4
-0.4 1.2 -0.4
-0.4 1.2 0.4
0.4 2 0.4
-0.4 2 0.4
-0.4 1.2 1.2
-0.4 2 1.2
-1.2 2 0.4
-1.2 2 1.2
-1.2 2.8 0.4
-0.4 2.8 0.4
-0.4 2 -0.4
-0.4 2.8 -0.4
0.4 2 -0.4
0.4 2 0.4
0.4 1.2 -0.4
-0.4 1.2 -0.4
0.4 1.2 -1.2
0.4 2 -1.2
1.2 1.2 -0.4
1.2 2 -0.4
1.2 1.2 0.4
0.4 1.2 0.4
1.2 0.3999996 0.4
1.2 0.3999996 -0.4
2 1.2 0.4
2 1.2 -0.4
1.2 2 -0.4
2 2 -0.4
1.2 2 -1.2
1.2 1.2 -1.2
0.4000001 1.2 -1.2
0.4000001 2 -1.2
0.4000001 2 -2
0.4000001 1.2 -2
-0.3999999 1.2 -1.2
-0.3999999 1.2 -2
-0.3999999 0.3999996 -1.2
0.4000001 0.3999996 -1.2
0.4000001 0.3999996 -0.4000001
-0.3999999 0.3999996 -0.4000001
-0.3999999 -0.4000006 -0.4000001
0.4000001 -0.4000006 -0.4000001
4 0 1 2 3 0.72 0.20 0.97
3 0 1 5 0.72 0.20 0.97
3 2 3 4 0.72 0.20 0.97
4 0 3 4 5 0.72 0.20 0.97
3 1 2 7  0.31 0.85 0.75
3 4 5 6  0.31 0.85 0.75
4 1 5 6 7  0.31 0.85 0.75
3 7 2 9  0.72 0.20 0.97
3 4 6 8  0.72 0.20 0.97
4 7 6 8 9  0.72 0.20 0.97
3 4 8 11  0.31 0.85 0.75
3 9 2 10  0.31 0.85 0.75
4 4 2 10 11  0.31 0.85 0.75
3 10 11 13  0.72 0.20 0.97
3 8 9 12  0.72 0.20 0.97
4 10 9 12 13  0.72 0.20 0.97
3 12 13 15  0.31 0.85 0.75
3 11 8 14  0.31 0.85 0.75
4 12 8 14 15  0.31 0.85 0.75
3 14 15 17  0.72 0.20 0.97
3 13 11 16  0.72 0.20 0.97
4 14 11 16 17  0.72 0.20 0.97
3 15 13 19  0.31 0.85 0.75
3 16 17 18  0.31 0.85 0.75
4 15 17 18 19  0.31 0.85 0.75
3 18 19 21  0.72 0.20 0.97
3 13 16 20  0.72 0.20 0.97
4 18 16 20 21  0.72 0.20 0.97
3 19 13 23  0.31 0.85 0.75
3 20 21 22  0.31 0.85 0.75
4 19 21 22 23  0.31 0.85 0.75
3 13 20 25  0.72 0.20 0.97
3 22 23 24  0.72 0.20 0.97
4 13 23 24 25  0.72 0.20 0.97
3 20 22 27  0.31 0.85 0.75
3 24 25 26  0.31 0.85 0.75
4 20 25 26 27  0.31 0.85 0.75
3 27 22 29  0.72 0.20 0.97
3 24 26 28  0.72 0.20 0.97
4 27 26 28 29  0.72 0.20 0.97
3 22 24 31  0.31 0.85 0.75
3 28 29 30  0.31 0.85 0.75
4 22 29 30 31  0.31 0.85 0.75
3 24 28 33  0.72 0.20 0.97
3 30 31 32  0.72 0.20 0.97
4 24 31 32 33  0.72 0.20 0.97
3 33 28 35  0.31 0.85 0.75
3 30 32 34  0.31 0.85 0.75
4 33 32 34 35  0.31 0.85 0.75
3 34 35 37  0.72 0.20 0.97
3 28 30 36  0.72 0.20 0.97
4 34 30 36 37  0.72 0.20 0.97
3 35 28 39  0.31 0.85 0.75
3 36 37 38  0.31 0.85 0.75
4 35 37 38 39  0.31 0.85 0.75
3 36 38 41  0.72 0.20 0.97
3 39 28 40  0.72 0.20 0.97
4 36 28 40 41  0.72 0.20 0.97
3 39 40 43  0.31 0.85 0.75
3 41 38 42  0.31 0.85 0.75
4 39 38 42 43  0.31 0.85 0.75
3 42 43 45  0.72 0.20 0.97
3 40 41 44  0.72 0.20 0.97
4 42 41 44 45  0.72 0.20 0.97
3 43 40 47  0.31 0.85 0.75
3 44 45 46  0.31 0.85 0.75
4 43 45 46 47  0.31 0.85 0.75
3 44 46 49  0.72 0.20 0.97
3 47 40 48  0.72 0.20 0.97
4 44 40 48 49  0.72 0.20 0.97
3 47 48 51  0.31 0.85 0.75
3 49 46 50  0.31 0.85 0.75
4 47 46 50 51  0.31 0.85 0.75
 
 
 
