OFF
52 73 124
-0.3 -0.3 -0.3
0.3 -0.3 -0.3
0.3 0.3 -0.3
-0.3 0.3 -0.3
0.3 0.3 0.3
0.3 -0.3 0.3
0.9 -0.3 -0.3
0.9 -0.3 0.3
0.3 -0.9 0.3
0.9 -0.9 0.3
0.9 -0.3 0.9
0.9 -0.9 0.9
1.5 -0.3 0.3
1.5 -0.9 0.3
1.5 -0.3 -0.3
0.9 -0.3 -0.3
1.5 0.3 -0.3
1.5 0.3 0.3
2.1 0.3 -0.3
2.1 -0.3 -0.3
2.1 -0.3 -0.9
2.1 0.3 -0.9
2.7 0.3 -0.3
2.7 0.3 -0.9
2.1 0.9 -0.3
2.1 0.9 -0.9
1.5 0.9 -0.3
1.5 0.3 -0.3
1.5 0.3 0.3
1.5 0.9 0.3
0.9 0.9 -0.3
0.9 0.9 0.3
1.5 1.5 0.3
0.9 1.5 0.3
0.9 0.9 0.9
0.9 1.5 0.9
0.3 0.9 0.3
0.3 1.5 0.3
0.3 0.9 -0.3
0.9 0.9 -0.3
0.9 0.3 0.3
0.9 0.3 -0.3
1.5 0.3 -0.3
1.5 0.3 0.3
0.9 -0.3 -0.3
0.9 -0.3 0.3
0.3 0.3 -0.3
0.3 0.3 0.3
0.3 0.9 0.3
0.3 0.9 -0.3
-0.3 0.3 -0.3
-0.3 0.9 -0.3
4 0 1 2 3  0.72 0.20 0.97
3 0 1 5  0.72 0.20 0.97
3 2 3 4  0.72 0.20 0.97
4 0 3 4 5  0.72 0.20 0.97
3 4 5 7  0.31 0.85 0.75
3 1 2 6   0.31 0.85 0.75
4 4 2 6 7  0.31 0.85 0.75
3 6 7 9  0.72 0.20 0.97
3 5 1 8  0.72 0.20 0.97
4 6 1 8 9  0.72 0.20 0.97
3 8 9 11  0.31 0.85 0.75
3 7 5 10   0.31 0.85 0.75
4 8 5 10 11  0.31 0.85 0.75
3 11 9 13  0.72 0.20 0.97
3 7 10 12  0.72 0.20 0.97
4 11 10 12 13  0.72 0.20 0.97
3 9 7 15  0.31 0.85 0.75
3 12 13 14   0.31 0.85 0.75
4 9 13 14 15  0.31 0.85 0.75
3 7 12 17  0.72 0.20 0.97
3 14 15 16  0.72 0.20 0.97
4 7 15 16 17  0.72 0.20 0.97
3 12 14 19  0.31 0.85 0.75
3 16 17 18   0.31 0.85 0.75
4 12 17 18 19  0.31 0.85 0.75
3 16 18 21  0.72 0.20 0.97
3 19 14 20  0.72 0.20 0.97
4 16 14 20 21  0.72 0.20 0.97
3 20 21 23  0.31 0.85 0.75
3 18 19 22   0.31 0.85 0.75
4 20 19 22 23  0.31 0.85 0.75
3 23 21 25  0.72 0.20 0.97
3 18 22 24  0.72 0.20 0.97
4 23 22 24 25  0.72 0.20 0.97
3 21 18 27  0.31 0.85 0.75
3 24 25 26   0.31 0.85 0.75
4 21 25 26 27  0.31 0.85 0.75
3 24 26 29  0.72 0.20 0.97
3 27 18 28  0.72 0.20 0.97
4 24 18 28 29  0.72 0.20 0.97
3 28 29 31  0.31 0.85 0.75
3 26 27 30   0.31 0.85 0.75
4 28 27 30 31  0.31 0.85 0.75
3 30 31 33  0.72 0.20 0.97
3 29 26 32  0.72 0.20 0.97
4 30 26 32 33  0.72 0.20 0.97
3 32 33 35  0.31 0.85 0.75
3 31 29 34   0.31 0.85 0.75
4 32 29 34 35  0.31 0.85 0.75
3 35 33 37  0.72 0.20 0.97
3 31 34 36  0.72 0.20 0.97
4 35 34 36 37  0.72 0.20 0.97
3 33 31 39  0.31 0.85 0.75
3 36 37 38   0.31 0.85 0.75
4 33 37 38 39  0.31 0.85 0.75
3 38 39 41  0.72 0.20 0.97
3 31 36 40  0.72 0.20 0.97
4 38 36 40 41  0.72 0.20 0.97
3 31 40 43  0.31 0.85 0.75
3 41 39 42   0.31 0.85 0.75
4 31 39 42 43  0.31 0.85 0.75
3 43 40 45  0.72 0.20 0.97
3 41 42 44  0.72 0.20 0.97
4 43 42 44 45  0.72 0.20 0.97
3 45 40 47  0.31 0.85 0.75
3 41 44 46   0.31 0.85 0.75
4 45 44 46 47  0.31 0.85 0.75
3 41 46 49  0.72 0.20 0.97
3 47 40 48  0.72 0.20 0.97
4 41 40 48 49  0.72 0.20 0.97
3 48 49 51  0.31 0.85 0.75
3 46 47 50   0.31 0.85 0.75
4 48 47 50 51  0.31 0.85 0.75



