OFF
52 73 124
-0.3 -0.3 -0.3
0.3 -0.3 -0.3
0.3 0.3 -0.3
-0.3 0.3 -0.3
0.3 0.3 0.3
0.3 -0.3 0.3
0.9 0.3 0.3
0.9 0.3 -0.3
0.3 0.9 -0.3
0.9 0.9 -0.3
0.9 0.3 -0.9
0.9 0.9 -0.9
1.5 0.3 -0.9
1.5 0.3 -0.3
1.5 -0.3 -0.9
0.9 -0.3 -0.9
0.9 0.3 -1.5
0.9 -0.3 -1.5
0.3 -0.3 -0.9
0.3 -0.3 -1.5
0.3 -0.9 -0.9
0.9 -0.9 -0.9
0.9 -0.3 -0.3
0.9 -0.9 -0.3
1.5 -0.3 -0.3
1.5 -0.3 -0.9
1.5 0.3 -0.3
0.9 0.3 -0.3
1.5 0.3 0.3
1.5 -0.3 0.3
2.1 0.3 0.3
2.1 0.3 -0.3
2.1 0.9 0.3
1.5 0.9 0.3
1.5 0.3 0.9
1.5 0.9 0.9
0.9 0.3 0.9
0.9 0.3 0.3
1.5 -0.3 0.3
0.9 -0.3 0.3
0.9 0.3 -0.3
0.9 -0.3 -0.3
0.3 -0.3 0.3
0.3 -0.3 -0.3
0.9 -0.9 -0.3
0.3 -0.9 -0.3
0.3 -0.3 -0.9
0.3 -0.9 -0.9
-0.3 -0.3 -0.9
-0.3 -0.3 -0.3
0.3 0.3 -0.3
-0.3 0.3 -0.3
4 0 1 2 3  0.72 0.20 0.97
3 0 1 5  0.72 0.20 0.97
3 2 3 4  0.72 0.20 0.97
4 0 3 4 5  0.72 0.20 0.97
3 1 2 7  0.31 0.85 0.75
3 4 5 6   0.31 0.85 0.75
4 1 5 6 7  0.31 0.85 0.75
3 6 7 9  0.72 0.20 0.97
3 2 4 8  0.72 0.20 0.97
4 6 4 8 9  0.72 0.20 0.97
3 8 9 11  0.31 0.85 0.75
3 7 2 10   0.31 0.85 0.75
4 8 2 10 11  0.31 0.85 0.75
3 9 7 13  0.72 0.20 0.97
3 10 11 12  0.72 0.20 0.97
4 9 11 12 13  0.72 0.20 0.97
3 7 10 15  0.31 0.85 0.75
3 12 13 14   0.31 0.85 0.75
4 7 13 14 15  0.31 0.85 0.75
3 14 15 17  0.72 0.20 0.97
3 10 12 16  0.72 0.20 0.97
4 14 12 16 17  0.72 0.20 0.97
3 16 17 19  0.31 0.85 0.75
3 15 10 18   0.31 0.85 0.75
4 16 10 18 19  0.31 0.85 0.75
3 17 15 21  0.72 0.20 0.97
3 18 19 20  0.72 0.20 0.97
4 17 19 20 21  0.72 0.20 0.97
3 20 21 23  0.31 0.85 0.75
3 15 18 22   0.31 0.85 0.75
4 20 18 22 23  0.31 0.85 0.75
3 21 15 25  0.72 0.20 0.97
3 22 23 24  0.72 0.20 0.97
4 21 23 24 25  0.72 0.20 0.97
3 15 22 27  0.31 0.85 0.75
3 24 25 26   0.31 0.85 0.75
4 15 25 26 27  0.31 0.85 0.75
3 22 24 29  0.72 0.20 0.97
3 26 27 28  0.72 0.20 0.97
4 22 27 28 29  0.72 0.20 0.97
3 24 26 31  0.31 0.85 0.75
3 28 29 30   0.31 0.85 0.75
4 24 29 30 31  0.31 0.85 0.75
3 26 28 33  0.72 0.20 0.97
3 30 31 32  0.72 0.20 0.97
4 26 31 32 33  0.72 0.20 0.97
3 32 33 35  0.31 0.85 0.75
3 28 30 34   0.31 0.85 0.75
4 32 30 34 35  0.31 0.85 0.75
3 33 28 37  0.72 0.20 0.97
3 34 35 36  0.72 0.20 0.97
4 33 35 36 37  0.72 0.20 0.97
3 36 37 39  0.31 0.85 0.75
3 28 34 38   0.31 0.85 0.75
4 36 34 38 39  0.31 0.85 0.75
3 38 39 41  0.72 0.20 0.97
3 37 28 40  0.72 0.20 0.97
4 38 28 40 41  0.72 0.20 0.97
3 40 41 43  0.31 0.85 0.75
3 39 37 42   0.31 0.85 0.75
4 40 37 42 43  0.31 0.85 0.75
3 42 43 45  0.72 0.20 0.97
3 41 39 44  0.72 0.20 0.97
4 42 39 44 45  0.72 0.20 0.97
3 44 45 47  0.31 0.85 0.75
3 43 41 46   0.31 0.85 0.75
4 44 41 46 47  0.31 0.85 0.75
3 45 43 49  0.72 0.20 0.97
3 46 47 48  0.72 0.20 0.97
4 45 47 48 49  0.72 0.20 0.97
3 48 49 51  0.31 0.85 0.75
3 43 46 50   0.31 0.85 0.75
4 48 46 50 51  0.31 0.85 0.75



