OFF
52 73 124
-0.3 -0.3 -0.3
0.3 -0.3 -0.3
0.3 0.3 -0.3
-0.3 0.3 -0.3
0.3 0.3 0.3
0.3 -0.3 0.3
0.9 -0.3 -0.3
0.9 -0.3 0.3
0.9 -0.9 -0.3
0.3 -0.9 -0.3
0.3 -0.3 -0.9
0.3 -0.9 -0.9
-0.3 -0.3 -0.9
-0.3 -0.3 -0.3
-0.3 0.3 -0.9
0.3 0.3 -0.9
0.3 -0.3 -1.5
0.3 0.3 -1.5
0.9 -0.3 -1.5
0.9 -0.3 -0.9
0.3 -0.9 -0.9
0.9 -0.9 -0.9
0.9 -0.3 -0.3
0.9 -0.9 -0.3
1.5 -0.3 -0.3
1.5 -0.3 -0.9
1.5 0.3 -0.9
1.5 0.3 -0.3
2.1 0.3 -0.3
2.1 0.3 -0.9
2.1 0.9 -0.9
2.1 0.9 -0.3
2.7 0.9 -0.3
2.7 0.9 -0.9
2.1 1.5 -0.3
2.1 1.5 -0.9
1.5 1.5 -0.9
1.5 1.5 -0.3
1.5 2.1 -0.3
1.5 2.1 -0.9
0.9 1.5 -0.3
0.9 1.5 -0.9
0.9 0.9 -0.9
0.9 0.9 -0.3
0.3 0.9 -0.3
0.3 0.9 -0.9
0.3 0.3 -0.9
0.3 0.3 -0.3
-0.3 0.3 -0.3
-0.3 0.3 -0.9
-0.3 -0.3 -0.3
0.3 -0.3 -0.3
4 0 1 2 3  0.72 0.20 0.97
3 0 1 5  0.72 0.20 0.97
3 2 3 4  0.72 0.20 0.97
4 0 3 4 5  0.72 0.20 0.97
3 4 5 7  0.31 0.85 0.75
3 1 2 6   0.31 0.85 0.75
4 4 2 6 7  0.31 0.85 0.75
3 5 1 9  0.72 0.20 0.97
3 6 7 8  0.72 0.20 0.97
4 5 7 8 9  0.72 0.20 0.97
3 8 9 11  0.31 0.85 0.75
3 1 6 10   0.31 0.85 0.75
4 8 6 10 11  0.31 0.85 0.75
3 9 1 13  0.72 0.20 0.97
3 10 11 12  0.72 0.20 0.97
4 9 11 12 13  0.72 0.20 0.97
3 1 10 15  0.31 0.85 0.75
3 12 13 14   0.31 0.85 0.75
4 1 13 14 15  0.31 0.85 0.75
3 14 15 17  0.72 0.20 0.97
3 10 12 16  0.72 0.20 0.97
4 14 12 16 17  0.72 0.20 0.97
3 15 10 19  0.31 0.85 0.75
3 16 17 18   0.31 0.85 0.75
4 15 17 18 19  0.31 0.85 0.75
3 18 19 21  0.72 0.20 0.97
3 10 16 20  0.72 0.20 0.97
4 18 16 20 21  0.72 0.20 0.97
3 20 21 23  0.31 0.85 0.75
3 19 10 22   0.31 0.85 0.75
4 20 10 22 23  0.31 0.85 0.75
3 21 19 25  0.72 0.20 0.97
3 22 23 24  0.72 0.20 0.97
4 21 23 24 25  0.72 0.20 0.97
3 22 24 27  0.31 0.85 0.75
3 25 19 26   0.31 0.85 0.75
4 22 19 26 27  0.31 0.85 0.75
3 25 26 29  0.72 0.20 0.97
3 27 24 28  0.72 0.20 0.97
4 25 24 28 29  0.72 0.20 0.97
3 27 28 31  0.31 0.85 0.75
3 29 26 30   0.31 0.85 0.75
4 27 26 30 31  0.31 0.85 0.75
3 29 30 33  0.72 0.20 0.97
3 31 28 32  0.72 0.20 0.97
4 29 28 32 33  0.72 0.20 0.97
3 33 30 35  0.31 0.85 0.75
3 31 32 34   0.31 0.85 0.75
4 33 32 34 35  0.31 0.85 0.75
3 31 34 37  0.72 0.20 0.97
3 35 30 36  0.72 0.20 0.97
4 31 30 36 37  0.72 0.20 0.97
3 35 36 39  0.31 0.85 0.75
3 37 34 38   0.31 0.85 0.75
4 35 34 38 39  0.31 0.85 0.75
3 39 36 41  0.72 0.20 0.97
3 37 38 40  0.72 0.20 0.97
4 39 38 40 41  0.72 0.20 0.97
3 37 40 43  0.31 0.85 0.75
3 41 36 42   0.31 0.85 0.75
4 37 36 42 43  0.31 0.85 0.75
3 41 42 45  0.72 0.20 0.97
3 43 40 44  0.72 0.20 0.97
4 41 40 44 45  0.72 0.20 0.97
3 43 44 47  0.31 0.85 0.75
3 45 42 46   0.31 0.85 0.75
4 43 42 46 47  0.31 0.85 0.75
3 45 46 49  0.72 0.20 0.97
3 47 44 48  0.72 0.20 0.97
4 45 44 48 49  0.72 0.20 0.97
3 46 47 51  0.31 0.85 0.75
3 48 49 50   0.31 0.85 0.75
4 46 49 50 51  0.31 0.85 0.75



