OFF
52 73 124
-0.3 -0.3 -0.3
0.3 -0.3 -0.3
0.3 0.3 -0.3
-0.3 0.3 -0.3
0.3 0.3 0.3
0.3 -0.3 0.3
0.9 0.3 -0.3
0.9 -0.3 -0.3
0.9 0.3 -0.9
0.3 0.3 -0.9
0.3 0.9 -0.3
0.3 0.9 -0.9
-0.3 0.3 -0.9
-0.3 0.9 -0.9
0.3 0.9 -1.5
-0.3 0.9 -1.5
-0.3 1.5 -0.9
-0.3 1.5 -1.5
-0.9 0.9 -0.9
-0.9 0.9 -1.5
-0.9 0.3 -0.9
-0.3 0.3 -0.9
-0.9 0.3 -0.3
-0.9 0.9 -0.3
-1.5 0.3 -0.3
-1.5 0.3 -0.9
-1.5 -0.3 -0.3
-0.9 -0.3 -0.3
-0.9 0.3 0.3
-0.9 -0.3 0.3
-0.3 -0.3 0.3
-0.3 0.3 0.3
-0.9 0.3 0.9
-0.3 0.3 0.9
-0.3 0.9 0.9
-0.9 0.9 0.9
-0.3 0.9 1.5
-0.3 0.3 1.5
0.3 0.9 0.9
0.3 0.3 0.9
-0.3 0.3 0.3
0.3 0.3 0.3
0.3 -0.3 0.3
-0.3 -0.3 0.3
-0.3 0.3 -0.3
-0.3 -0.3 -0.3
-0.9 -0.3 -0.3
-0.9 0.3 -0.3
-0.3 -0.3 -0.9
-0.3 0.3 -0.9
0.3 -0.3 -0.3
0.3 0.3 -0.3
4 0 1 2 3  0.72 0.20 0.97
3 0 1 5  0.72 0.20 0.97
3 2 3 4  0.72 0.20 0.97
4 0 3 4 5  0.72 0.20 0.97
3 5 1 7  0.31 0.85 0.75
3 2 4 6   0.31 0.85 0.75
4 5 4 6 7  0.31 0.85 0.75
3 1 2 9  0.72 0.20 0.97
3 6 7 8  0.72 0.20 0.97
4 1 7 8 9  0.72 0.20 0.97
3 8 9 11  0.31 0.85 0.75
3 2 6 10   0.31 0.85 0.75
4 8 6 10 11  0.31 0.85 0.75
3 10 11 13  0.72 0.20 0.97
3 9 2 12  0.72 0.20 0.97
4 10 2 12 13  0.72 0.20 0.97
3 12 13 15  0.31 0.85 0.75
3 11 9 14   0.31 0.85 0.75
4 12 9 14 15  0.31 0.85 0.75
3 14 15 17  0.72 0.20 0.97
3 13 11 16  0.72 0.20 0.97
4 14 11 16 17  0.72 0.20 0.97
3 17 15 19  0.31 0.85 0.75
3 13 16 18   0.31 0.85 0.75
4 17 16 18 19  0.31 0.85 0.75
3 15 13 21  0.72 0.20 0.97
3 18 19 20  0.72 0.20 0.97
4 15 19 20 21  0.72 0.20 0.97
3 13 18 23  0.31 0.85 0.75
3 20 21 22   0.31 0.85 0.75
4 13 21 22 23  0.31 0.85 0.75
3 18 20 25  0.72 0.20 0.97
3 22 23 24  0.72 0.20 0.97
4 18 23 24 25  0.72 0.20 0.97
3 20 22 27  0.31 0.85 0.75
3 24 25 26   0.31 0.85 0.75
4 20 25 26 27  0.31 0.85 0.75
3 26 27 29  0.72 0.20 0.97
3 22 24 28  0.72 0.20 0.97
4 26 24 28 29  0.72 0.20 0.97
3 22 28 31  0.31 0.85 0.75
3 29 27 30   0.31 0.85 0.75
4 22 27 30 31  0.31 0.85 0.75
3 30 31 33  0.72 0.20 0.97
3 28 29 32  0.72 0.20 0.97
4 30 29 32 33  0.72 0.20 0.97
3 28 32 35  0.31 0.85 0.75
3 33 31 34   0.31 0.85 0.75
4 28 31 34 35  0.31 0.85 0.75
3 32 33 37  0.72 0.20 0.97
3 34 35 36  0.72 0.20 0.97
4 32 35 36 37  0.72 0.20 0.97
3 37 33 39  0.31 0.85 0.75
3 34 36 38   0.31 0.85 0.75
4 37 36 38 39  0.31 0.85 0.75
3 38 39 41  0.72 0.20 0.97
3 33 34 40  0.72 0.20 0.97
4 38 34 40 41  0.72 0.20 0.97
3 33 40 43  0.31 0.85 0.75
3 41 39 42   0.31 0.85 0.75
4 33 39 42 43  0.31 0.85 0.75
3 42 43 45  0.72 0.20 0.97
3 40 41 44  0.72 0.20 0.97
4 42 41 44 45  0.72 0.20 0.97
3 40 44 47  0.31 0.85 0.75
3 45 43 46   0.31 0.85 0.75
4 40 43 46 47  0.31 0.85 0.75
3 47 44 49  0.72 0.20 0.97
3 45 46 48  0.72 0.20 0.97
4 47 46 48 49  0.72 0.20 0.97
3 49 44 51  0.31 0.85 0.75
3 45 48 50   0.31 0.85 0.75
4 49 48 50 51  0.31 0.85 0.75



