OFF
52 73 124
-0.3 -0.3 -0.3
0.3 -0.3 -0.3
0.3 0.3 -0.3
-0.3 0.3 -0.3
0.3 0.3 0.3
0.3 -0.3 0.3
0.9 -0.3 -0.3
0.9 -0.3 0.3
0.9 -0.9 -0.3
0.3 -0.9 -0.3
0.3 -0.9 -0.9
0.9 -0.9 -0.9
0.3 -1.5 -0.9
0.3 -1.5 -0.3
-0.3 -0.9 -0.3
-0.3 -1.5 -0.3
-0.3 -0.9 0.3
0.3 -0.9 0.3
0.3 -0.3000001 0.3
-0.3 -0.3000001 0.3
0.3 -0.3 0.9
0.3 -0.9 0.9
0.9 -0.9 0.3
0.9 -0.9 0.9
0.9 -1.5 0.3
0.3 -1.5 0.3
0.3 -1.5 -0.3
0.9 -1.5 -0.3
0.3 -2.1 -0.3
0.3 -2.1 0.3
-0.3 -1.5 0.3
-0.3 -2.1 0.3
-0.3 -1.5 0.9
0.3 -1.5 0.9
0.3 -0.9000001 0.9
-0.3 -0.9000001 0.9
0.3 -0.9000001 1.5
0.3 -1.5 1.5
0.9 -1.5 0.9
0.9 -1.5 1.5
0.9 -2.1 0.9
0.3 -2.1 0.9
0.3 -2.1 0.3000001
0.9 -2.1 0.3000001
0.3 -2.7 0.3000001
0.3 -2.7 0.9
-0.3 -2.1 0.9
-0.3 -2.7 0.9
-0.3 -2.1 1.5
0.3 -2.1 1.5
0.3 -1.5 1.5
-0.3 -1.5 1.5
4 0 1 2 3 0.72 0.20 0.97
3 0 1 5 0.72 0.20 0.97
3 2 3 4 0.72 0.20 0.97
4 0 3 4 5 0.72 0.20 0.97
3 4 5 7  0.31 0.85 0.75
3 1 2 6  0.31 0.85 0.75
4 4 2 6 7  0.31 0.85 0.75
3 5 1 9  0.72 0.20 0.97
3 6 7 8  0.72 0.20 0.97
4 5 7 8 9  0.72 0.20 0.97
3 6 8 11  0.31 0.85 0.75
3 9 1 10  0.31 0.85 0.75
4 6 1 10 11  0.31 0.85 0.75
3 8 9 13  0.72 0.20 0.97
3 10 11 12  0.72 0.20 0.97
4 8 11 12 13  0.72 0.20 0.97
3 12 13 15  0.31 0.85 0.75
3 9 10 14  0.31 0.85 0.75
4 12 10 14 15  0.31 0.85 0.75
3 13 9 17  0.72 0.20 0.97
3 14 15 16  0.72 0.20 0.97
4 13 15 16 17  0.72 0.20 0.97
3 14 16 19  0.31 0.85 0.75
3 17 9 18  0.31 0.85 0.75
4 14 9 18 19  0.31 0.85 0.75
3 16 17 21  0.72 0.20 0.97
3 18 19 20  0.72 0.20 0.97
4 16 19 20 21  0.72 0.20 0.97
3 20 21 23  0.31 0.85 0.75
3 17 18 22  0.31 0.85 0.75
4 20 18 22 23  0.31 0.85 0.75
3 21 17 25  0.72 0.20 0.97
3 22 23 24  0.72 0.20 0.97
4 21 23 24 25  0.72 0.20 0.97
3 22 24 27  0.31 0.85 0.75
3 25 17 26  0.31 0.85 0.75
4 22 17 26 27  0.31 0.85 0.75
3 24 25 29  0.72 0.20 0.97
3 26 27 28  0.72 0.20 0.97
4 24 27 28 29  0.72 0.20 0.97
3 28 29 31  0.31 0.85 0.75
3 25 26 30  0.31 0.85 0.75
4 28 26 30 31  0.31 0.85 0.75
3 29 25 33  0.72 0.20 0.97
3 30 31 32  0.72 0.20 0.97
4 29 31 32 33  0.72 0.20 0.97
3 30 32 35  0.31 0.85 0.75
3 33 25 34  0.31 0.85 0.75
4 30 25 34 35  0.31 0.85 0.75
3 32 33 37  0.72 0.20 0.97
3 34 35 36  0.72 0.20 0.97
4 32 35 36 37  0.72 0.20 0.97
3 36 37 39  0.31 0.85 0.75
3 33 34 38  0.31 0.85 0.75
4 36 34 38 39  0.31 0.85 0.75
3 37 33 41  0.72 0.20 0.97
3 38 39 40  0.72 0.20 0.97
4 37 39 40 41  0.72 0.20 0.97
3 38 40 43  0.31 0.85 0.75
3 41 33 42  0.31 0.85 0.75
4 38 33 42 43  0.31 0.85 0.75
3 40 41 45  0.72 0.20 0.97
3 42 43 44  0.72 0.20 0.97
4 40 43 44 45  0.72 0.20 0.97
3 44 45 47  0.31 0.85 0.75
3 41 42 46  0.31 0.85 0.75
4 44 42 46 47  0.31 0.85 0.75
3 45 41 49  0.72 0.20 0.97
3 46 47 48  0.72 0.20 0.97
4 45 47 48 49  0.72 0.20 0.97
3 46 48 51  0.31 0.85 0.75
3 49 41 50  0.31 0.85 0.75
4 46 41 50 51  0.31 0.85 0.75
 
 
 
