OFF
52 73 124
-0.3 -0.3 -0.3
0.3 -0.3 -0.3
0.3 0.3 -0.3
-0.3 0.3 -0.3
0.3 0.3 0.3
0.3 -0.3 0.3
0.9 0.3 0.3
0.9 0.3 -0.3
0.9 0.9 0.3
0.3 0.9 0.3
0.9 0.3 0.9
0.3 0.3 0.9
0.9 -0.3 0.9
0.9 -0.3 0.3
1.5 0.3 0.3
1.5 -0.3 0.3
0.9 0.3 -0.3
0.9 -0.3 -0.3
0.3000001 -0.3 0.3
0.3000001 -0.3 -0.3
0.9 -0.9 0.3
0.9 -0.9 -0.3
1.5 -0.3 -0.3
1.5 -0.9 -0.3
1.5 -0.3 -0.9
0.9 -0.3 -0.9
0.9 0.3 -0.9
1.5 0.3 -0.9
1.5 0.3 -1.5
0.9000001 0.3 -1.5
0.9 0.9 -0.9
0.9000002 0.9 -1.5
0.3000001 0.9 -0.9
0.3000001 0.3 -0.9
0.8999999 0.9 -0.3000001
0.9 0.3 -0.3000001
1.5 0.9 -0.3000001
1.5 0.9 -0.9
0.8999999 1.5 -0.3000001
0.9 1.5 -0.9
0.2999998 1.5 -0.3000001
0.3 0.9 -0.3000001
0.8999998 0.9 0.2999999
0.2999998 0.9 0.2999999
0.9 0.3000001 -0.3000001
0.3000001 0.3000001 -0.3000001
0.3000001 0.9 -0.9
0.3000003 0.3 -0.9
-0.2999998 0.3000001 -0.3000001
-0.2999997 0.3 -0.9
-0.2999997 -0.2999999 -0.3000001
0.3000002 -0.2999999 -0.3000001
4 0 1 2 3 0.72 0.20 0.97
3 0 1 5 0.72 0.20 0.97
3 2 3 4 0.72 0.20 0.97
4 0 3 4 5 0.72 0.20 0.97
3 1 2 7  0.31 0.85 0.75
3 4 5 6  0.31 0.85 0.75
4 1 5 6 7  0.31 0.85 0.75
3 2 4 9  0.72 0.20 0.97
3 6 7 8  0.72 0.20 0.97
4 2 7 8 9  0.72 0.20 0.97
3 9 4 11  0.31 0.85 0.75
3 6 8 10  0.31 0.85 0.75
4 9 8 10 11  0.31 0.85 0.75
3 4 6 13  0.72 0.20 0.97
3 10 11 12  0.72 0.20 0.97
4 4 11 12 13  0.72 0.20 0.97
3 12 13 15  0.31 0.85 0.75
3 6 10 14  0.31 0.85 0.75
4 12 10 14 15  0.31 0.85 0.75
3 15 13 17  0.72 0.20 0.97
3 6 14 16  0.72 0.20 0.97
4 15 14 16 17  0.72 0.20 0.97
3 16 17 19  0.31 0.85 0.75
3 13 6 18  0.31 0.85 0.75
4 16 6 18 19  0.31 0.85 0.75
3 19 17 21  0.72 0.20 0.97
3 13 18 20  0.72 0.20 0.97
4 19 18 20 21  0.72 0.20 0.97
3 20 21 23  0.31 0.85 0.75
3 17 13 22  0.31 0.85 0.75
4 20 13 22 23  0.31 0.85 0.75
3 21 17 25  0.72 0.20 0.97
3 22 23 24  0.72 0.20 0.97
4 21 23 24 25  0.72 0.20 0.97
3 22 24 27  0.31 0.85 0.75
3 25 17 26  0.31 0.85 0.75
4 22 17 26 27  0.31 0.85 0.75
3 25 26 29  0.72 0.20 0.97
3 27 24 28  0.72 0.20 0.97
4 25 24 28 29  0.72 0.20 0.97
3 28 29 31  0.31 0.85 0.75
3 26 27 30  0.31 0.85 0.75
4 28 27 30 31  0.31 0.85 0.75
3 29 26 33  0.72 0.20 0.97
3 30 31 32  0.72 0.20 0.97
4 29 31 32 33  0.72 0.20 0.97
3 33 26 35  0.31 0.85 0.75
3 30 32 34  0.31 0.85 0.75
4 33 32 34 35  0.31 0.85 0.75
3 26 30 37  0.72 0.20 0.97
3 34 35 36  0.72 0.20 0.97
4 26 35 36 37  0.72 0.20 0.97
3 37 30 39  0.31 0.85 0.75
3 34 36 38  0.31 0.85 0.75
4 37 36 38 39  0.31 0.85 0.75
3 30 34 41  0.72 0.20 0.97
3 38 39 40  0.72 0.20 0.97
4 30 39 40 41  0.72 0.20 0.97
3 40 41 43  0.31 0.85 0.75
3 34 38 42  0.31 0.85 0.75
4 40 38 42 43  0.31 0.85 0.75
3 43 41 45  0.72 0.20 0.97
3 34 42 44  0.72 0.20 0.97
4 43 42 44 45  0.72 0.20 0.97
3 44 45 47  0.31 0.85 0.75
3 41 34 46  0.31 0.85 0.75
4 44 34 46 47  0.31 0.85 0.75
3 46 47 49  0.72 0.20 0.97
3 45 41 48  0.72 0.20 0.97
4 46 41 48 49  0.72 0.20 0.97
3 47 45 51  0.31 0.85 0.75
3 48 49 50  0.31 0.85 0.75
4 47 49 50 51  0.31 0.85 0.75
 
 
 
