OFF
52 73 124
-0.4 -0.4 -0.4
0.4 -0.4 -0.4
0.4 0.4 -0.4
-0.4 0.4 -0.4
0.4 0.4 0.4
0.4 -0.4 0.4
1.2 -0.4 -0.4
1.2 -0.4 0.4
1.2 -1.2 -0.4
0.4 -1.2 -0.4
0.4 -0.4 -1.2
0.4 -1.2 -1.2
-0.4 -0.4 -1.2
-0.4 -0.4 -0.4
-0.4 0.4 -0.4
-0.4 0.4 -1.2
-1.2 -0.4 -1.2
-1.2 0.4 -1.2
-1.2 -0.4 -2
-0.4 -0.4 -2
-0.4 -1.2 -1.2
-0.4 -1.2 -2
0.4 -0.4 -1.2
0.4 -0.4 -2
0.4 0.4 -2
0.4 0.4 -1.2
1.2 0.4 -1.2
1.2 0.4 -2
0.4 1.2 -1.2
0.4 1.2 -2
-0.4 1.2 -2
-0.4 1.2 -1.2
-0.4 2 -1.2
-0.4 2 -2
-1.2 1.2 -1.2
-1.2 1.2 -2
-1.2 0.4 -1.2
-0.4 0.4 -1.2
-0.4 1.2 -0.4
-0.4 0.4 -0.4
0.4 0.4 -0.4
0.4 1.2 -0.4
0.4 1.2 0.4
0.4 0.4 0.4
1.2 1.2 0.4
1.2 1.2 -0.4
0.4 2 -0.4
1.2 2 -0.4
0.4 2 -1.2
0.4 1.2 -1.2
-0.4 1.2 -0.4
-0.4 1.2 -1.2
4 0 1 2 3  0.72 0.20 0.97
3 0 1 5  0.72 0.20 0.97
3 2 3 4  0.72 0.20 0.97
4 0 3 4 5  0.72 0.20 0.97
3 4 5 7  0.31 0.85 0.75
3 1 2 6   0.31 0.85 0.75
4 4 2 6 7  0.31 0.85 0.75
3 5 1 9  0.72 0.20 0.97
3 6 7 8  0.72 0.20 0.97
4 5 7 8 9  0.72 0.20 0.97
3 8 9 11  0.31 0.85 0.75
3 1 6 10   0.31 0.85 0.75
4 8 6 10 11  0.31 0.85 0.75
3 9 1 13  0.72 0.20 0.97
3 10 11 12  0.72 0.20 0.97
4 9 11 12 13  0.72 0.20 0.97
3 10 12 15  0.31 0.85 0.75
3 13 1 14   0.31 0.85 0.75
4 10 1 14 15  0.31 0.85 0.75
3 14 15 17  0.72 0.20 0.97
3 12 13 16  0.72 0.20 0.97
4 14 13 16 17  0.72 0.20 0.97
3 15 12 19  0.31 0.85 0.75
3 16 17 18   0.31 0.85 0.75
4 15 17 18 19  0.31 0.85 0.75
3 18 19 21  0.72 0.20 0.97
3 12 16 20  0.72 0.20 0.97
4 18 16 20 21  0.72 0.20 0.97
3 21 19 23  0.31 0.85 0.75
3 12 20 22   0.31 0.85 0.75
4 21 20 22 23  0.31 0.85 0.75
3 12 22 25  0.72 0.20 0.97
3 23 19 24  0.72 0.20 0.97
4 12 19 24 25  0.72 0.20 0.97
3 23 24 27  0.31 0.85 0.75
3 25 22 26   0.31 0.85 0.75
4 23 22 26 27  0.31 0.85 0.75
3 27 24 29  0.72 0.20 0.97
3 25 26 28  0.72 0.20 0.97
4 27 26 28 29  0.72 0.20 0.97
3 25 28 31  0.31 0.85 0.75
3 29 24 30   0.31 0.85 0.75
4 25 24 30 31  0.31 0.85 0.75
3 29 30 33  0.72 0.20 0.97
3 31 28 32  0.72 0.20 0.97
4 29 28 32 33  0.72 0.20 0.97
3 33 30 35  0.31 0.85 0.75
3 31 32 34   0.31 0.85 0.75
4 33 32 34 35  0.31 0.85 0.75
3 30 31 37  0.72 0.20 0.97
3 34 35 36  0.72 0.20 0.97
4 30 35 36 37  0.72 0.20 0.97
3 36 37 39  0.31 0.85 0.75
3 31 34 38   0.31 0.85 0.75
4 36 34 38 39  0.31 0.85 0.75
3 31 38 41  0.72 0.20 0.97
3 39 37 40  0.72 0.20 0.97
4 31 37 40 41  0.72 0.20 0.97
3 39 40 43  0.31 0.85 0.75
3 41 38 42   0.31 0.85 0.75
4 39 38 42 43  0.31 0.85 0.75
3 40 41 45  0.72 0.20 0.97
3 42 43 44  0.72 0.20 0.97
4 40 43 44 45  0.72 0.20 0.97
3 44 45 47  0.31 0.85 0.75
3 41 42 46   0.31 0.85 0.75
4 44 42 46 47  0.31 0.85 0.75
3 45 41 49  0.72 0.20 0.97
3 46 47 48  0.72 0.20 0.97
4 45 47 48 49  0.72 0.20 0.97
3 48 49 51  0.31 0.85 0.75
3 41 46 50   0.31 0.85 0.75
4 48 46 50 51  0.31 0.85 0.75



