OFF
52 73 124
-0.4 -0.4 -0.4
0.4 -0.4 -0.4
0.4 0.4 -0.4
-0.4 0.4 -0.4
0.4 0.4 0.4
0.4 -0.4 0.4
1.2 -0.4 0.4
1.2 0.4 0.4
0.4 0.4 1.2
1.2 0.4 1.2
0.4 1.2 1.2
0.4 1.2 0.4
-0.4 0.4 1.2
-0.4 0.4 0.4
-0.4 -0.4 1.2
0.4 -0.4 1.2
0.4 0.4 2
0.4 -0.4 2
1.2 -0.4 2
1.2 0.4 2
0.4 0.4 2.8
1.2 0.4 2.8
0.4 1.2 2.8
0.4 1.2 2
-0.4 1.2 2
-0.4 1.2 2.8
0.4 2 2.8
-0.4 2 2.8
0.4 2 3.6
0.4 1.2 3.6
1.2 1.2 3.6
1.2 2 3.6
0.4 2 4.4
1.2 2 4.4
0.4 2.8 4.4
0.4 2.8 3.6
-0.4 2.8 3.6
-0.4 2.8 4.4
-0.4 3.6 3.6
0.4 3.6 3.6
0.4 2.8 2.8
0.4 3.6 2.8
1.2 3.6 2.8
1.2 2.8 2.8
0.4 2.8 2
1.2 2.8 2
0.4 2 2
0.4 2 2.8
-0.4 2 2.8
-0.4 2 2
0.4 1.2 2
-0.4 1.2 2
4 0 1 2 3  0.72 0.20 0.97
3 0 1 5  0.72 0.20 0.97
3 2 3 4  0.72 0.20 0.97
4 0 3 4 5  0.72 0.20 0.97
3 2 4 7  0.31 0.85 0.75
3 5 1 6   0.31 0.85 0.75
4 2 1 6 7  0.31 0.85 0.75
3 6 7 9  0.72 0.20 0.97
3 4 5 8  0.72 0.20 0.97
4 6 5 8 9  0.72 0.20 0.97
3 7 4 11  0.31 0.85 0.75
3 8 9 10   0.31 0.85 0.75
4 7 9 10 11  0.31 0.85 0.75
3 11 4 13  0.72 0.20 0.97
3 8 10 12  0.72 0.20 0.97
4 11 10 12 13  0.72 0.20 0.97
3 4 8 15  0.31 0.85 0.75
3 12 13 14   0.31 0.85 0.75
4 4 13 14 15  0.31 0.85 0.75
3 14 15 17  0.72 0.20 0.97
3 8 12 16  0.72 0.20 0.97
4 14 12 16 17  0.72 0.20 0.97
3 8 16 19  0.31 0.85 0.75
3 17 15 18   0.31 0.85 0.75
4 8 15 18 19  0.31 0.85 0.75
3 18 19 21  0.72 0.20 0.97
3 16 17 20  0.72 0.20 0.97
4 18 17 20 21  0.72 0.20 0.97
3 19 16 23  0.31 0.85 0.75
3 20 21 22   0.31 0.85 0.75
4 19 21 22 23  0.31 0.85 0.75
3 20 22 25  0.72 0.20 0.97
3 23 16 24  0.72 0.20 0.97
4 20 16 24 25  0.72 0.20 0.97
3 24 25 27  0.31 0.85 0.75
3 22 23 26   0.31 0.85 0.75
4 24 23 26 27  0.31 0.85 0.75
3 25 22 29  0.72 0.20 0.97
3 26 27 28  0.72 0.20 0.97
4 25 27 28 29  0.72 0.20 0.97
3 26 28 31  0.31 0.85 0.75
3 29 22 30   0.31 0.85 0.75
4 26 22 30 31  0.31 0.85 0.75
3 30 31 33  0.72 0.20 0.97
3 28 29 32  0.72 0.20 0.97
4 30 29 32 33  0.72 0.20 0.97
3 31 28 35  0.31 0.85 0.75
3 32 33 34   0.31 0.85 0.75
4 31 33 34 35  0.31 0.85 0.75
3 32 34 37  0.72 0.20 0.97
3 35 28 36  0.72 0.20 0.97
4 32 28 36 37  0.72 0.20 0.97
3 34 35 39  0.31 0.85 0.75
3 36 37 38   0.31 0.85 0.75
4 34 37 38 39  0.31 0.85 0.75
3 38 39 41  0.72 0.20 0.97
3 35 36 40  0.72 0.20 0.97
4 38 36 40 41  0.72 0.20 0.97
3 35 40 43  0.31 0.85 0.75
3 41 39 42   0.31 0.85 0.75
4 35 39 42 43  0.31 0.85 0.75
3 42 43 45  0.72 0.20 0.97
3 40 41 44  0.72 0.20 0.97
4 42 41 44 45  0.72 0.20 0.97
3 43 40 47  0.31 0.85 0.75
3 44 45 46   0.31 0.85 0.75
4 43 45 46 47  0.31 0.85 0.75
3 44 46 49  0.72 0.20 0.97
3 47 40 48  0.72 0.20 0.97
4 44 40 48 49  0.72 0.20 0.97
3 48 49 51  0.31 0.85 0.75
3 46 47 50   0.31 0.85 0.75
4 48 47 50 51  0.31 0.85 0.75



