OFF
52 73 124
-0.2 -0.2 -0.2
0.2 -0.2 -0.2
0.2 0.2 -0.2
-0.2 0.2 -0.2
0.2 0.2 0.2
0.2 -0.2 0.2
0.6 -0.2 -0.2
0.6 -0.2 0.2
0.6 -0.6 0.2
0.6 -0.6 -0.2
1 -0.2 -0.2
1 -0.6 -0.2
1 -0.6 -0.6
1 -0.2 -0.6
1.4 -0.2 -0.2
1.4 -0.2 -0.6
1.4 0.2 -0.6
1.4 0.2 -0.2
1.8 -0.2 -0.2
1.8 0.2 -0.2
1.8 -0.2 0.2
1.4 -0.2 0.2
1.4 -0.6 0.2
1.8 -0.6 0.2
1.4 -0.6 0.6
1.4 -0.2 0.6
1 -0.2 0.6
1 -0.6 0.6
1 -0.2 1
1.4 -0.2 1
1.4 0.2 1
1 0.2 1
1 -0.2 1.4
1 0.2 1.4
0.6 0.2 1.4
0.6 -0.2 1.4
0.6 -0.2 1.8
0.6 0.2 1.8
0.2 0.2 1.8
0.2 -0.2 1.8
0.6 0.2 2.2
0.6 -0.2 2.2
1 -0.2 2.2
1 0.2 2.2
1 0.2 2.6
1 -0.2 2.6
1.4 -0.2 2.6
1.4 0.2 2.6
1.4 0.2 3
1.4 -0.2 3
1.8 -0.2 2.6
1.8 -0.2 3
4 0 1 2 3  0.72 0.20 0.97
3 0 1 5  0.72 0.20 0.97
3 2 3 4  0.72 0.20 0.97
4 0 3 4 5  0.72 0.20 0.97
3 4 5 7  0.31 0.85 0.75
3 1 2 6   0.31 0.85 0.75
4 4 2 6 7  0.31 0.85 0.75
3 1 6 9  0.72 0.20 0.97
3 7 5 8  0.72 0.20 0.97
4 1 5 8 9  0.72 0.20 0.97
3 8 9 11  0.31 0.85 0.75
3 6 7 10   0.31 0.85 0.75
4 8 7 10 11  0.31 0.85 0.75
3 6 10 13  0.72 0.20 0.97
3 11 9 12  0.72 0.20 0.97
4 6 9 12 13  0.72 0.20 0.97
3 12 13 15  0.31 0.85 0.75
3 10 11 14   0.31 0.85 0.75
4 12 11 14 15  0.31 0.85 0.75
3 10 14 17  0.72 0.20 0.97
3 15 13 16  0.72 0.20 0.97
4 10 13 16 17  0.72 0.20 0.97
3 16 17 19  0.31 0.85 0.75
3 14 15 18   0.31 0.85 0.75
4 16 15 18 19  0.31 0.85 0.75
3 17 14 21  0.72 0.20 0.97
3 18 19 20  0.72 0.20 0.97
4 17 19 20 21  0.72 0.20 0.97
3 18 20 23  0.31 0.85 0.75
3 21 14 22   0.31 0.85 0.75
4 18 14 22 23  0.31 0.85 0.75
3 20 21 25  0.72 0.20 0.97
3 22 23 24  0.72 0.20 0.97
4 20 23 24 25  0.72 0.20 0.97
3 22 24 27  0.31 0.85 0.75
3 25 21 26   0.31 0.85 0.75
4 22 21 26 27  0.31 0.85 0.75
3 24 25 29  0.72 0.20 0.97
3 26 27 28  0.72 0.20 0.97
4 24 27 28 29  0.72 0.20 0.97
3 26 28 31  0.31 0.85 0.75
3 29 25 30   0.31 0.85 0.75
4 26 25 30 31  0.31 0.85 0.75
3 30 31 33  0.72 0.20 0.97
3 28 29 32  0.72 0.20 0.97
4 30 29 32 33  0.72 0.20 0.97
3 28 32 35  0.31 0.85 0.75
3 33 31 34   0.31 0.85 0.75
4 28 31 34 35  0.31 0.85 0.75
3 33 34 37  0.72 0.20 0.97
3 35 32 36  0.72 0.20 0.97
4 33 32 36 37  0.72 0.20 0.97
3 35 36 39  0.31 0.85 0.75
3 37 34 38   0.31 0.85 0.75
4 35 34 38 39  0.31 0.85 0.75
3 39 36 41  0.72 0.20 0.97
3 37 38 40  0.72 0.20 0.97
4 39 38 40 41  0.72 0.20 0.97
3 37 40 43  0.31 0.85 0.75
3 41 36 42   0.31 0.85 0.75
4 37 36 42 43  0.31 0.85 0.75
3 41 42 45  0.72 0.20 0.97
3 43 40 44  0.72 0.20 0.97
4 41 40 44 45  0.72 0.20 0.97
3 43 44 47  0.31 0.85 0.75
3 45 42 46   0.31 0.85 0.75
4 43 42 46 47  0.31 0.85 0.75
3 45 46 49  0.72 0.20 0.97
3 47 44 48  0.72 0.20 0.97
4 45 44 48 49  0.72 0.20 0.97
3 48 49 51  0.31 0.85 0.75
3 46 47 50   0.31 0.85 0.75
4 48 47 50 51  0.31 0.85 0.75



