OFF
52 73 124
-0.3 -0.3 -0.3
0.3 -0.3 -0.3
0.3 0.3 -0.3
-0.3 0.3 -0.3
0.3 0.3 0.3
0.3 -0.3 0.3
0.9 0.3 -0.3
0.9 -0.3 -0.3
0.9 0.3 -0.9
0.3 0.3 -0.9
0.3 0.9 -0.9
0.9 0.9 -0.9
0.3 0.3 -1.5
0.9 0.3 -1.5
0.9 -0.3 -1.5
0.3 -0.3 -1.5
0.3 0.3 -2.1
0.3 -0.3 -2.1
-0.3 0.3 -1.5
-0.3 -0.3 -1.5
-0.3 0.3 -0.9
0.3 0.3 -0.9
-0.3 0.9 -1.5
0.3 0.9 -1.5
0.3 0.3 -2.1
0.3 0.9 -2.1
0.9 0.9 -1.5
0.9 0.9 -2.1
0.9 1.5 -1.5
0.3 1.5 -1.5
0.3 0.9 -0.9
0.3 1.5 -0.9
-0.3 0.9 -0.9
-0.3 0.9 -1.5
-0.3 0.3 -0.9
0.3 0.3 -0.9
-0.3 0.9 -0.3
0.3 0.9 -0.3
0.3 1.5 -0.9
0.3 1.5 -0.3
0.9 0.9 -0.3
0.9 1.5 -0.3
0.9 0.9 0.3
0.3 0.9 0.3
0.3 0.3 -0.3
0.3 0.3 0.3
-0.3 0.3 -0.3
-0.3 0.9 -0.3
-0.3 0.3 -0.9
0.3 0.3 -0.9
-0.3 -0.3 -0.3
0.3 -0.3 -0.3
4 0 1 2 3  0.72 0.20 0.97
3 0 1 5  0.72 0.20 0.97
3 2 3 4  0.72 0.20 0.97
4 0 3 4 5  0.72 0.20 0.97
3 5 1 7  0.31 0.85 0.75
3 2 4 6   0.31 0.85 0.75
4 5 4 6 7  0.31 0.85 0.75
3 1 2 9  0.72 0.20 0.97
3 6 7 8  0.72 0.20 0.97
4 1 7 8 9  0.72 0.20 0.97
3 6 8 11  0.31 0.85 0.75
3 9 2 10   0.31 0.85 0.75
4 6 2 10 11  0.31 0.85 0.75
3 11 8 13  0.72 0.20 0.97
3 9 10 12  0.72 0.20 0.97
4 11 10 12 13  0.72 0.20 0.97
3 9 12 15  0.31 0.85 0.75
3 13 8 14   0.31 0.85 0.75
4 9 8 14 15  0.31 0.85 0.75
3 14 15 17  0.72 0.20 0.97
3 12 13 16  0.72 0.20 0.97
4 14 13 16 17  0.72 0.20 0.97
3 17 15 19  0.31 0.85 0.75
3 12 16 18   0.31 0.85 0.75
4 17 16 18 19  0.31 0.85 0.75
3 15 12 21  0.72 0.20 0.97
3 18 19 20  0.72 0.20 0.97
4 15 19 20 21  0.72 0.20 0.97
3 21 12 23  0.31 0.85 0.75
3 18 20 22   0.31 0.85 0.75
4 21 20 22 23  0.31 0.85 0.75
3 22 23 25  0.72 0.20 0.97
3 12 18 24  0.72 0.20 0.97
4 22 18 24 25  0.72 0.20 0.97
3 24 25 27  0.31 0.85 0.75
3 23 12 26   0.31 0.85 0.75
4 24 12 26 27  0.31 0.85 0.75
3 25 23 29  0.72 0.20 0.97
3 26 27 28  0.72 0.20 0.97
4 25 27 28 29  0.72 0.20 0.97
3 28 29 31  0.31 0.85 0.75
3 23 26 30   0.31 0.85 0.75
4 28 26 30 31  0.31 0.85 0.75
3 29 23 33  0.72 0.20 0.97
3 30 31 32  0.72 0.20 0.97
4 29 31 32 33  0.72 0.20 0.97
3 23 30 35  0.31 0.85 0.75
3 32 33 34   0.31 0.85 0.75
4 23 33 34 35  0.31 0.85 0.75
3 35 30 37  0.72 0.20 0.97
3 32 34 36  0.72 0.20 0.97
4 35 34 36 37  0.72 0.20 0.97
3 36 37 39  0.31 0.85 0.75
3 30 32 38   0.31 0.85 0.75
4 36 32 38 39  0.31 0.85 0.75
3 38 39 41  0.72 0.20 0.97
3 37 30 40  0.72 0.20 0.97
4 38 30 40 41  0.72 0.20 0.97
3 39 37 43  0.31 0.85 0.75
3 40 41 42   0.31 0.85 0.75
4 39 41 42 43  0.31 0.85 0.75
3 42 43 45  0.72 0.20 0.97
3 37 40 44  0.72 0.20 0.97
4 42 40 44 45  0.72 0.20 0.97
3 43 37 47  0.31 0.85 0.75
3 44 45 46   0.31 0.85 0.75
4 43 45 46 47  0.31 0.85 0.75
3 37 44 49  0.72 0.20 0.97
3 46 47 48  0.72 0.20 0.97
4 37 47 48 49  0.72 0.20 0.97
3 49 44 51  0.31 0.85 0.75
3 46 48 50   0.31 0.85 0.75
4 49 48 50 51  0.31 0.85 0.75



