OFF
52 73 124
-0.4 -0.4 -0.4
0.4 -0.4 -0.4
0.4 0.4 -0.4
-0.4 0.4 -0.4
0.4 0.4 0.4
0.4 -0.4 0.4
1.2 -0.4 -0.4
1.2 -0.4 0.4
1.2 -1.2 0.4
1.2 -1.2 -0.4
2 -1.2 -0.4
2 -1.2 0.4
1.2 -2 0.4
2 -2 0.4
1.2 -1.2 1.2
2 -1.2 1.2
1.2 -0.4 1.2
1.2 -0.4 0.4
0.4 -0.4 0.4
0.4 -0.4 1.2
0.4 0.4 1.2
0.4 0.4 0.4
-0.4 -0.4 0.4
-0.4 0.4 0.4
-0.4 0.4 -0.4
-0.4 -0.4 -0.4
-1.2 -0.4 -0.4
-1.2 0.4 -0.4
-0.4 -0.4 -1.2
-0.4 0.4 -1.2
0.4 0.4 -1.2
0.4 -0.4 -1.2
0.4 -0.4 -2
0.4 0.4 -2
1.2 -0.4 -2
1.2 -0.4 -1.2
1.2 -1.2 -1.2
1.2 -1.2 -2
2 -1.2 -2
2 -1.2 -1.2
1.2 -2 -1.2
2 -2 -1.2
1.2 -1.2 -0.4
2 -1.2 -0.4
1.2 -0.4 -0.4
1.2 -0.4 -1.2
0.4 -0.4 -1.2
0.4 -0.4 -0.4
0.4 0.4 -0.4
0.4 0.4 -1.2
-0.4 0.4 -0.4
-0.4 -0.4 -0.4
4 0 1 2 3  0.72 0.20 0.97
3 0 1 5  0.72 0.20 0.97
3 2 3 4  0.72 0.20 0.97
4 0 3 4 5  0.72 0.20 0.97
3 4 5 7  0.31 0.85 0.75
3 1 2 6   0.31 0.85 0.75
4 4 2 6 7  0.31 0.85 0.75
3 1 6 9  0.72 0.20 0.97
3 7 5 8  0.72 0.20 0.97
4 1 5 8 9  0.72 0.20 0.97
3 7 8 11  0.31 0.85 0.75
3 9 6 10   0.31 0.85 0.75
4 7 6 10 11  0.31 0.85 0.75
3 10 11 13  0.72 0.20 0.97
3 8 9 12  0.72 0.20 0.97
4 10 9 12 13  0.72 0.20 0.97
3 13 11 15  0.31 0.85 0.75
3 8 12 14   0.31 0.85 0.75
4 13 12 14 15  0.31 0.85 0.75
3 11 8 17  0.72 0.20 0.97
3 14 15 16  0.72 0.20 0.97
4 11 15 16 17  0.72 0.20 0.97
3 14 16 19  0.31 0.85 0.75
3 17 8 18   0.31 0.85 0.75
4 14 8 18 19  0.31 0.85 0.75
3 17 18 21  0.72 0.20 0.97
3 19 16 20  0.72 0.20 0.97
4 17 16 20 21  0.72 0.20 0.97
3 20 21 23  0.31 0.85 0.75
3 18 19 22   0.31 0.85 0.75
4 20 19 22 23  0.31 0.85 0.75
3 18 22 25  0.72 0.20 0.97
3 23 21 24  0.72 0.20 0.97
4 18 21 24 25  0.72 0.20 0.97
3 23 24 27  0.31 0.85 0.75
3 25 22 26   0.31 0.85 0.75
4 23 22 26 27  0.31 0.85 0.75
3 27 24 29  0.72 0.20 0.97
3 25 26 28  0.72 0.20 0.97
4 27 26 28 29  0.72 0.20 0.97
3 25 28 31  0.31 0.85 0.75
3 29 24 30   0.31 0.85 0.75
4 25 24 30 31  0.31 0.85 0.75
3 29 30 33  0.72 0.20 0.97
3 31 28 32  0.72 0.20 0.97
4 29 28 32 33  0.72 0.20 0.97
3 30 31 35  0.31 0.85 0.75
3 32 33 34   0.31 0.85 0.75
4 30 33 34 35  0.31 0.85 0.75
3 32 34 37  0.72 0.20 0.97
3 35 31 36  0.72 0.20 0.97
4 32 31 36 37  0.72 0.20 0.97
3 35 36 39  0.31 0.85 0.75
3 37 34 38   0.31 0.85 0.75
4 35 34 38 39  0.31 0.85 0.75
3 38 39 41  0.72 0.20 0.97
3 36 37 40  0.72 0.20 0.97
4 38 37 40 41  0.72 0.20 0.97
3 41 39 43  0.31 0.85 0.75
3 36 40 42   0.31 0.85 0.75
4 41 40 42 43  0.31 0.85 0.75
3 39 36 45  0.72 0.20 0.97
3 42 43 44  0.72 0.20 0.97
4 39 43 44 45  0.72 0.20 0.97
3 42 44 47  0.31 0.85 0.75
3 45 36 46   0.31 0.85 0.75
4 42 36 46 47  0.31 0.85 0.75
3 45 46 49  0.72 0.20 0.97
3 47 44 48  0.72 0.20 0.97
4 45 44 48 49  0.72 0.20 0.97
3 46 47 51  0.31 0.85 0.75
3 48 49 50   0.31 0.85 0.75
4 46 49 50 51  0.31 0.85 0.75



