OFF
52 73 124
-0.3 -0.3 -0.3
0.3 -0.3 -0.3
0.3 0.3 -0.3
-0.3 0.3 -0.3
0.3 0.3 0.3
0.3 -0.3 0.3
0.9 0.3 0.3
0.9 0.3 -0.3
0.9 0.9 0.3
0.3 0.9 0.3
0.3 0.9 0.9
0.9 0.9 0.9
0.9 1.5 0.9
0.3 1.5 0.9
0.3 0.9 1.5
0.3 1.5 1.5
-0.3 0.9 1.5
-0.3 0.9 0.9
0.3 0.3 0.9
-0.3 0.3 0.9
0.3 0.9 0.3
-0.3 0.9 0.3
-0.3 1.5 0.3
0.3 1.5 0.3
0.3 0.9 -0.3
0.3 1.5 -0.3
0.9 1.5 -0.3
0.9 0.9 -0.3
0.3 1.5 -0.9
0.3 0.9 -0.9
-0.3 1.5 -0.3
-0.3 0.9 -0.3
-0.3 0.9 0.3
-0.3 1.5 0.3
-0.9 0.9 0.3
-0.9 0.9 -0.3
-0.9 0.3 -0.3
-0.9 0.3 0.3
-1.5 0.9 -0.3
-1.5 0.9 0.3
-1.5 1.5 -0.3
-0.9 1.5 -0.3
-0.9 0.9 -0.9
-0.9 1.5 -0.9
-0.3 0.9 -0.9
-0.3 0.9 -0.3
-0.3 0.3 -0.3
-0.3 0.3 -0.9
0.3 0.3 -0.9
0.3 0.3 -0.3
-0.3 -0.3 -0.3
0.3 -0.3 -0.3
4 0 1 2 3  0.72 0.20 0.97
3 0 1 5  0.72 0.20 0.97
3 2 3 4  0.72 0.20 0.97
4 0 3 4 5  0.72 0.20 0.97
3 1 2 7  0.31 0.85 0.75
3 4 5 6   0.31 0.85 0.75
4 1 5 6 7  0.31 0.85 0.75
3 2 4 9  0.72 0.20 0.97
3 6 7 8  0.72 0.20 0.97
4 2 7 8 9  0.72 0.20 0.97
3 6 8 11  0.31 0.85 0.75
3 9 4 10   0.31 0.85 0.75
4 6 4 10 11  0.31 0.85 0.75
3 9 10 13  0.72 0.20 0.97
3 11 8 12  0.72 0.20 0.97
4 9 8 12 13  0.72 0.20 0.97
3 12 13 15  0.31 0.85 0.75
3 10 11 14   0.31 0.85 0.75
4 12 11 14 15  0.31 0.85 0.75
3 13 10 17  0.72 0.20 0.97
3 14 15 16  0.72 0.20 0.97
4 13 15 16 17  0.72 0.20 0.97
3 16 17 19  0.31 0.85 0.75
3 10 14 18   0.31 0.85 0.75
4 16 14 18 19  0.31 0.85 0.75
3 19 17 21  0.72 0.20 0.97
3 10 18 20  0.72 0.20 0.97
4 19 18 20 21  0.72 0.20 0.97
3 10 20 23  0.31 0.85 0.75
3 21 17 22   0.31 0.85 0.75
4 10 17 22 23  0.31 0.85 0.75
3 22 23 25  0.72 0.20 0.97
3 20 21 24  0.72 0.20 0.97
4 22 21 24 25  0.72 0.20 0.97
3 20 24 27  0.31 0.85 0.75
3 25 23 26   0.31 0.85 0.75
4 20 23 26 27  0.31 0.85 0.75
3 27 24 29  0.72 0.20 0.97
3 25 26 28  0.72 0.20 0.97
4 27 26 28 29  0.72 0.20 0.97
3 29 24 31  0.31 0.85 0.75
3 25 28 30   0.31 0.85 0.75
4 29 28 30 31  0.31 0.85 0.75
3 25 30 33  0.72 0.20 0.97
3 31 24 32  0.72 0.20 0.97
4 25 24 32 33  0.72 0.20 0.97
3 30 31 35  0.31 0.85 0.75
3 32 33 34   0.31 0.85 0.75
4 30 33 34 35  0.31 0.85 0.75
3 32 34 37  0.72 0.20 0.97
3 35 31 36  0.72 0.20 0.97
4 32 31 36 37  0.72 0.20 0.97
3 37 34 39  0.31 0.85 0.75
3 35 36 38   0.31 0.85 0.75
4 37 36 38 39  0.31 0.85 0.75
3 34 35 41  0.72 0.20 0.97
3 38 39 40  0.72 0.20 0.97
4 34 39 40 41  0.72 0.20 0.97
3 40 41 43  0.31 0.85 0.75
3 35 38 42   0.31 0.85 0.75
4 40 38 42 43  0.31 0.85 0.75
3 41 35 45  0.72 0.20 0.97
3 42 43 44  0.72 0.20 0.97
4 41 43 44 45  0.72 0.20 0.97
3 42 44 47  0.31 0.85 0.75
3 45 35 46   0.31 0.85 0.75
4 42 35 46 47  0.31 0.85 0.75
3 45 46 49  0.72 0.20 0.97
3 47 44 48  0.72 0.20 0.97
4 45 44 48 49  0.72 0.20 0.97
3 48 49 51  0.31 0.85 0.75
3 46 47 50   0.31 0.85 0.75
4 48 47 50 51  0.31 0.85 0.75



