OFF
52 73 124
-0.3 -0.3 -0.3
0.3 -0.3 -0.3
0.3 0.3 -0.3
-0.3 0.3 -0.3
0.3 0.3 0.3
0.3 -0.3 0.3
0.9 0.3 -0.3
0.9 -0.3 -0.3
0.3 -0.3 -0.9
0.9 -0.3 -0.9
0.9 -0.9 -0.9
0.3 -0.9 -0.9
0.9 -0.9 -1.5
0.9 -0.3 -1.5
1.5 -0.9 -1.5
1.5 -0.9 -0.9
0.9 -1.5 -0.9
1.5 -1.5 -0.9
0.9 -0.9 -0.3
1.5 -0.9 -0.3
1.5 -0.3 -0.3
0.9 -0.3 -0.3
0.9 -0.9 0.3
0.9 -0.3 0.3
0.3 -0.9 -0.3
0.3 -0.3 -0.3
0.3 -0.9 -0.9
0.9 -0.9 -0.9
0.3 -1.5 -0.9
0.3 -1.5 -0.3
-0.3 -0.9 -0.9
-0.3 -0.9 -0.3
0.3 -0.3 -0.3
-0.3 -0.3 -0.3
-0.3 -0.9 0.3
-0.3 -0.3 0.3
-0.9 -0.9 -0.3
-0.9 -0.3 -0.3
-0.9 -0.9 -0.9
-0.3 -0.9 -0.9
-0.3 -1.5 -0.9
-0.9 -1.5 -0.9
-0.3 -0.9 -1.5
-0.9 -0.9 -1.5
-0.3 -0.3 -1.5
-0.3 -0.3 -0.9
0.3 -0.9 -0.9
0.3 -0.3 -0.9
-0.3 -0.3 -0.3
0.3 -0.3 -0.3
0.3 0.3 -0.3
-0.3 0.3 -0.3
4 0 1 2 3  0.72 0.20 0.97
3 0 1 5  0.72 0.20 0.97
3 2 3 4  0.72 0.20 0.97
4 0 3 4 5  0.72 0.20 0.97
3 5 1 7  0.31 0.85 0.75
3 2 4 6   0.31 0.85 0.75
4 5 4 6 7  0.31 0.85 0.75
3 6 7 9  0.72 0.20 0.97
3 1 2 8  0.72 0.20 0.97
4 6 2 8 9  0.72 0.20 0.97
3 1 8 11  0.31 0.85 0.75
3 9 7 10   0.31 0.85 0.75
4 1 7 10 11  0.31 0.85 0.75
3 8 9 13  0.72 0.20 0.97
3 10 11 12  0.72 0.20 0.97
4 8 11 12 13  0.72 0.20 0.97
3 9 10 15  0.31 0.85 0.75
3 12 13 14   0.31 0.85 0.75
4 9 13 14 15  0.31 0.85 0.75
3 14 15 17  0.72 0.20 0.97
3 10 12 16  0.72 0.20 0.97
4 14 12 16 17  0.72 0.20 0.97
3 17 15 19  0.31 0.85 0.75
3 10 16 18   0.31 0.85 0.75
4 17 16 18 19  0.31 0.85 0.75
3 10 18 21  0.72 0.20 0.97
3 19 15 20  0.72 0.20 0.97
4 10 15 20 21  0.72 0.20 0.97
3 20 21 23  0.31 0.85 0.75
3 18 19 22   0.31 0.85 0.75
4 20 19 22 23  0.31 0.85 0.75
3 23 21 25  0.72 0.20 0.97
3 18 22 24  0.72 0.20 0.97
4 23 22 24 25  0.72 0.20 0.97
3 21 18 27  0.31 0.85 0.75
3 24 25 26   0.31 0.85 0.75
4 21 25 26 27  0.31 0.85 0.75
3 18 24 29  0.72 0.20 0.97
3 26 27 28  0.72 0.20 0.97
4 18 27 28 29  0.72 0.20 0.97
3 29 24 31  0.31 0.85 0.75
3 26 28 30   0.31 0.85 0.75
4 29 28 30 31  0.31 0.85 0.75
3 30 31 33  0.72 0.20 0.97
3 24 26 32  0.72 0.20 0.97
4 30 26 32 33  0.72 0.20 0.97
3 32 33 35  0.31 0.85 0.75
3 31 24 34   0.31 0.85 0.75
4 32 24 34 35  0.31 0.85 0.75
3 35 33 37  0.72 0.20 0.97
3 31 34 36  0.72 0.20 0.97
4 35 34 36 37  0.72 0.20 0.97
3 33 31 39  0.31 0.85 0.75
3 36 37 38   0.31 0.85 0.75
4 33 37 38 39  0.31 0.85 0.75
3 36 38 41  0.72 0.20 0.97
3 39 31 40  0.72 0.20 0.97
4 36 31 40 41  0.72 0.20 0.97
3 41 38 43  0.31 0.85 0.75
3 39 40 42   0.31 0.85 0.75
4 41 40 42 43  0.31 0.85 0.75
3 38 39 45  0.72 0.20 0.97
3 42 43 44  0.72 0.20 0.97
4 38 43 44 45  0.72 0.20 0.97
3 44 45 47  0.31 0.85 0.75
3 39 42 46   0.31 0.85 0.75
4 44 42 46 47  0.31 0.85 0.75
3 46 47 49  0.72 0.20 0.97
3 45 39 48  0.72 0.20 0.97
4 46 39 48 49  0.72 0.20 0.97
3 45 48 51  0.31 0.85 0.75
3 49 47 50   0.31 0.85 0.75
4 45 47 50 51  0.31 0.85 0.75



