OFF
52 73 124
-0.2 -0.2 -0.2
0.2 -0.2 -0.2
0.2 0.2 -0.2
-0.2 0.2 -0.2
0.2 0.2 0.2
0.2 -0.2 0.2
0.6 -0.2 0.2
0.6 0.2 0.2
0.6 0.2 0.6
0.6 -0.2 0.6
1 -0.2 0.2
1 -0.2 0.6
0.6 -0.6 0.6
1 -0.6 0.6
0.6 -0.2 1
1 -0.2 1
0.6 0.2 1
0.6 0.2 0.6
0.2 0.2 1
0.2 -0.2 1
0.2 -0.2 1.4
0.2 0.2 1.4
-0.2 0.2 1.4
-0.2 -0.2 1.4
0.2 -0.2 1.8
-0.2 -0.2 1.8
-0.2 -0.6 1.4
-0.2 -0.6 1.8
-0.6 -0.2 1.4
-0.6 -0.2 1.8
-0.6 0.2 1.4
-0.2 0.2 1.4
-0.6 0.2 1
-0.6 -0.2 1
-1 -0.2 1
-1 0.2 1
-1 0.2 0.6
-1 -0.2 0.6
-1.4 -0.2 1
-1.4 -0.2 0.6
-1 -0.6 0.6
-1.4 -0.6 0.6
-1 -0.2 0.2
-1.4 -0.2 0.2
-1 0.2 0.2
-1 0.2 0.6
-0.6 0.2 0.2
-0.6 -0.2 0.2
-0.6 -0.2 -0.2
-0.6 0.2 -0.2
-0.2 0.2 -0.2
-0.2 -0.2 -0.2
4 0 1 2 3  0.72 0.20 0.97
3 0 1 5  0.72 0.20 0.97
3 2 3 4  0.72 0.20 0.97
4 0 3 4 5  0.72 0.20 0.97
3 2 4 7  0.31 0.85 0.75
3 5 1 6   0.31 0.85 0.75
4 2 1 6 7  0.31 0.85 0.75
3 5 6 9  0.72 0.20 0.97
3 7 4 8  0.72 0.20 0.97
4 5 4 8 9  0.72 0.20 0.97
3 8 9 11  0.31 0.85 0.75
3 6 7 10   0.31 0.85 0.75
4 8 7 10 11  0.31 0.85 0.75
3 10 11 13  0.72 0.20 0.97
3 9 6 12  0.72 0.20 0.97
4 10 6 12 13  0.72 0.20 0.97
3 13 11 15  0.31 0.85 0.75
3 9 12 14   0.31 0.85 0.75
4 13 12 14 15  0.31 0.85 0.75
3 11 9 17  0.72 0.20 0.97
3 14 15 16  0.72 0.20 0.97
4 11 15 16 17  0.72 0.20 0.97
3 9 14 19  0.31 0.85 0.75
3 16 17 18   0.31 0.85 0.75
4 9 17 18 19  0.31 0.85 0.75
3 16 18 21  0.72 0.20 0.97
3 19 14 20  0.72 0.20 0.97
4 16 14 20 21  0.72 0.20 0.97
3 19 20 23  0.31 0.85 0.75
3 21 18 22   0.31 0.85 0.75
4 19 18 22 23  0.31 0.85 0.75
3 22 23 25  0.72 0.20 0.97
3 20 21 24  0.72 0.20 0.97
4 22 21 24 25  0.72 0.20 0.97
3 24 25 27  0.31 0.85 0.75
3 23 20 26   0.31 0.85 0.75
4 24 20 26 27  0.31 0.85 0.75
3 27 25 29  0.72 0.20 0.97
3 23 26 28  0.72 0.20 0.97
4 27 26 28 29  0.72 0.20 0.97
3 25 23 31  0.31 0.85 0.75
3 28 29 30   0.31 0.85 0.75
4 25 29 30 31  0.31 0.85 0.75
3 23 28 33  0.72 0.20 0.97
3 30 31 32  0.72 0.20 0.97
4 23 31 32 33  0.72 0.20 0.97
3 30 32 35  0.31 0.85 0.75
3 33 28 34   0.31 0.85 0.75
4 30 28 34 35  0.31 0.85 0.75
3 33 34 37  0.72 0.20 0.97
3 35 32 36  0.72 0.20 0.97
4 33 32 36 37  0.72 0.20 0.97
3 36 37 39  0.31 0.85 0.75
3 34 35 38   0.31 0.85 0.75
4 36 35 38 39  0.31 0.85 0.75
3 38 39 41  0.72 0.20 0.97
3 37 34 40  0.72 0.20 0.97
4 38 34 40 41  0.72 0.20 0.97
3 41 39 43  0.31 0.85 0.75
3 37 40 42   0.31 0.85 0.75
4 41 40 42 43  0.31 0.85 0.75
3 39 37 45  0.72 0.20 0.97
3 42 43 44  0.72 0.20 0.97
4 39 43 44 45  0.72 0.20 0.97
3 37 42 47  0.31 0.85 0.75
3 44 45 46   0.31 0.85 0.75
4 37 45 46 47  0.31 0.85 0.75
3 44 46 49  0.72 0.20 0.97
3 47 42 48  0.72 0.20 0.97
4 44 42 48 49  0.72 0.20 0.97
3 47 48 51  0.31 0.85 0.75
3 49 46 50   0.31 0.85 0.75
4 47 46 50 51  0.31 0.85 0.75



