OFF
52 73 124
-0.2 -0.2 -0.2
0.2 -0.2 -0.2
0.2 0.2 -0.2
-0.2 0.2 -0.2
0.2 0.2 0.2
0.2 -0.2 0.2
0.6 0.2 -0.2
0.6 -0.2 -0.2
0.6 -0.2 -0.6
0.6 0.2 -0.6
1 -0.2 -0.2
1 0.2 -0.2
1 0.2 0.2
1 -0.2 0.2
1.4 -0.2 0.2
1.4 0.2 0.2
1 -0.2 0.6
1 0.2 0.6
0.6 -0.2 0.2
0.6 0.2 0.2
0.6 0.2 -0.2
0.6 -0.2 -0.2
0.2 0.2 0.2
0.2 -0.2 0.2
0.2 -0.2 0.6
0.2 0.2 0.6
-0.2 0.2 0.6
-0.2 -0.2 0.6
0.2 0.2 1
0.2 -0.2 1
0.6 -0.2 1
0.6 0.2 1
0.6 0.2 1.4
0.6 -0.2 1.4
1 0.2 1
1 -0.2 1
1 -0.2 0.6
1 0.2 0.6
1.4 -0.2 1
1.4 0.2 1
1 -0.2 1.4
1 0.2 1.4
0.6 0.2 1.4
0.6 -0.2 1.4
0.6 -0.2 1.8
0.6 0.2 1.8
0.2 -0.2 1.4
0.2 0.2 1.4
0.2 0.2 1
0.2 -0.2 1
-0.2 0.2 1.4
-0.2 -0.2 1.4
4 0 1 2 3  0.72 0.20 0.97
3 0 1 5  0.72 0.20 0.97
3 2 3 4  0.72 0.20 0.97
4 0 3 4 5  0.72 0.20 0.97
3 5 1 7  0.31 0.85 0.75
3 2 4 6   0.31 0.85 0.75
4 5 4 6 7  0.31 0.85 0.75
3 2 6 9  0.72 0.20 0.97
3 7 1 8  0.72 0.20 0.97
4 2 1 8 9  0.72 0.20 0.97
3 9 6 11  0.31 0.85 0.75
3 7 8 10   0.31 0.85 0.75
4 9 8 10 11  0.31 0.85 0.75
3 7 10 13  0.72 0.20 0.97
3 11 6 12  0.72 0.20 0.97
4 7 6 12 13  0.72 0.20 0.97
3 11 12 15  0.31 0.85 0.75
3 13 10 14   0.31 0.85 0.75
4 11 10 14 15  0.31 0.85 0.75
3 15 12 17  0.72 0.20 0.97
3 13 14 16  0.72 0.20 0.97
4 15 14 16 17  0.72 0.20 0.97
3 17 12 19  0.31 0.85 0.75
3 13 16 18   0.31 0.85 0.75
4 17 16 18 19  0.31 0.85 0.75
3 13 18 21  0.72 0.20 0.97
3 19 12 20  0.72 0.20 0.97
4 13 12 20 21  0.72 0.20 0.97
3 21 18 23  0.31 0.85 0.75
3 19 20 22   0.31 0.85 0.75
4 21 20 22 23  0.31 0.85 0.75
3 19 22 25  0.72 0.20 0.97
3 23 18 24  0.72 0.20 0.97
4 19 18 24 25  0.72 0.20 0.97
3 23 24 27  0.31 0.85 0.75
3 25 22 26   0.31 0.85 0.75
4 23 22 26 27  0.31 0.85 0.75
3 27 24 29  0.72 0.20 0.97
3 25 26 28  0.72 0.20 0.97
4 27 26 28 29  0.72 0.20 0.97
3 25 28 31  0.31 0.85 0.75
3 29 24 30   0.31 0.85 0.75
4 25 24 30 31  0.31 0.85 0.75
3 29 30 33  0.72 0.20 0.97
3 31 28 32  0.72 0.20 0.97
4 29 28 32 33  0.72 0.20 0.97
3 33 30 35  0.31 0.85 0.75
3 31 32 34   0.31 0.85 0.75
4 33 32 34 35  0.31 0.85 0.75
3 31 34 37  0.72 0.20 0.97
3 35 30 36  0.72 0.20 0.97
4 31 30 36 37  0.72 0.20 0.97
3 37 34 39  0.31 0.85 0.75
3 35 36 38   0.31 0.85 0.75
4 37 36 38 39  0.31 0.85 0.75
3 39 34 41  0.72 0.20 0.97
3 35 38 40  0.72 0.20 0.97
4 39 38 40 41  0.72 0.20 0.97
3 35 40 43  0.31 0.85 0.75
3 41 34 42   0.31 0.85 0.75
4 35 34 42 43  0.31 0.85 0.75
3 41 42 45  0.72 0.20 0.97
3 43 40 44  0.72 0.20 0.97
4 41 40 44 45  0.72 0.20 0.97
3 45 42 47  0.31 0.85 0.75
3 43 44 46   0.31 0.85 0.75
4 45 44 46 47  0.31 0.85 0.75
3 43 46 49  0.72 0.20 0.97
3 47 42 48  0.72 0.20 0.97
4 43 42 48 49  0.72 0.20 0.97
3 49 46 51  0.31 0.85 0.75
3 47 48 50   0.31 0.85 0.75
4 49 48 50 51  0.31 0.85 0.75



