OFF
52 73 124
-0.3 -0.3 -0.3
0.3 -0.3 -0.3
0.3 0.3 -0.3
-0.3 0.3 -0.3
0.3 0.3 0.3
0.3 -0.3 0.3
0.9 0.3 0.3
0.9 0.3 -0.3
0.9 0.9 -0.3
0.9 0.9 0.3
1.5 0.3 0.3
1.5 0.9 0.3
0.9 0.3 0.9
0.9 0.9 0.9
0.3 0.9 0.3
0.3 0.9 0.9
0.3 1.5 0.3
0.9 1.5 0.3
0.3 0.9 -0.3
0.9 0.9 -0.3
0.3 0.3 -0.3
0.3 0.3 0.3
-0.3 0.9 0.3
-0.3 0.3 0.3
-0.3 0.9 0.9
0.3 0.9 0.9
-0.3 1.5 0.3
0.3 1.5 0.3
-0.3 1.5 -0.3
-0.3 0.9 -0.3
-0.9 0.9 0.3
-0.9 0.9 -0.3
-0.3 0.3 0.3
-0.3 0.3 -0.3
0.3 0.9 -0.3
0.3 0.3 -0.3
0.3 0.9 -0.9
-0.3 0.9 -0.9
-0.3 1.5 -0.3
-0.3 1.5 -0.9
-0.9 0.9 -0.3
-0.9 0.9 -0.9
-0.3 0.3 -0.9
-0.9 0.3 -0.9
-0.3 0.3 -1.5
-0.3 0.9 -1.5
0.3 0.3 -0.9
0.3 0.9 -0.9
0.3 0.3 -0.3
-0.3 0.3 -0.3
-0.3 -0.3 -0.3
0.3 -0.3 -0.3
4 0 1 2 3  0.72 0.20 0.97
3 0 1 5  0.72 0.20 0.97
3 2 3 4  0.72 0.20 0.97
4 0 3 4 5  0.72 0.20 0.97
3 1 2 7  0.31 0.85 0.75
3 4 5 6   0.31 0.85 0.75
4 1 5 6 7  0.31 0.85 0.75
3 4 6 9  0.72 0.20 0.97
3 7 2 8  0.72 0.20 0.97
4 4 2 8 9  0.72 0.20 0.97
3 8 9 11  0.31 0.85 0.75
3 6 7 10   0.31 0.85 0.75
4 8 7 10 11  0.31 0.85 0.75
3 11 9 13  0.72 0.20 0.97
3 6 10 12  0.72 0.20 0.97
4 11 10 12 13  0.72 0.20 0.97
3 12 13 15  0.31 0.85 0.75
3 9 6 14   0.31 0.85 0.75
4 12 6 14 15  0.31 0.85 0.75
3 13 9 17  0.72 0.20 0.97
3 14 15 16  0.72 0.20 0.97
4 13 15 16 17  0.72 0.20 0.97
3 17 9 19  0.31 0.85 0.75
3 14 16 18   0.31 0.85 0.75
4 17 16 18 19  0.31 0.85 0.75
3 9 14 21  0.72 0.20 0.97
3 18 19 20  0.72 0.20 0.97
4 9 19 20 21  0.72 0.20 0.97
3 20 21 23  0.31 0.85 0.75
3 14 18 22   0.31 0.85 0.75
4 20 18 22 23  0.31 0.85 0.75
3 21 14 25  0.72 0.20 0.97
3 22 23 24  0.72 0.20 0.97
4 21 23 24 25  0.72 0.20 0.97
3 25 14 27  0.31 0.85 0.75
3 22 24 26   0.31 0.85 0.75
4 25 24 26 27  0.31 0.85 0.75
3 14 22 29  0.72 0.20 0.97
3 26 27 28  0.72 0.20 0.97
4 14 27 28 29  0.72 0.20 0.97
3 28 29 31  0.31 0.85 0.75
3 22 26 30   0.31 0.85 0.75
4 28 26 30 31  0.31 0.85 0.75
3 31 29 33  0.72 0.20 0.97
3 22 30 32  0.72 0.20 0.97
4 31 30 32 33  0.72 0.20 0.97
3 32 33 35  0.31 0.85 0.75
3 29 22 34   0.31 0.85 0.75
4 32 22 34 35  0.31 0.85 0.75
3 33 29 37  0.72 0.20 0.97
3 34 35 36  0.72 0.20 0.97
4 33 35 36 37  0.72 0.20 0.97
3 36 37 39  0.31 0.85 0.75
3 29 34 38   0.31 0.85 0.75
4 36 34 38 39  0.31 0.85 0.75
3 39 37 41  0.72 0.20 0.97
3 29 38 40  0.72 0.20 0.97
4 39 38 40 41  0.72 0.20 0.97
3 40 41 43  0.31 0.85 0.75
3 37 29 42   0.31 0.85 0.75
4 40 29 42 43  0.31 0.85 0.75
3 41 37 45  0.72 0.20 0.97
3 42 43 44  0.72 0.20 0.97
4 41 43 44 45  0.72 0.20 0.97
3 45 37 47  0.31 0.85 0.75
3 42 44 46   0.31 0.85 0.75
4 45 44 46 47  0.31 0.85 0.75
3 37 42 49  0.72 0.20 0.97
3 46 47 48  0.72 0.20 0.97
4 37 47 48 49  0.72 0.20 0.97
3 46 48 51  0.31 0.85 0.75
3 49 42 50   0.31 0.85 0.75
4 46 42 50 51  0.31 0.85 0.75



