OFF
52 73 124
-0.1 -0.1 -0.1
0.1 -0.1 -0.1
0.1 0.1 -0.1
-0.1 0.1 -0.1
0.1 0.1 0.1
0.1 -0.1 0.1
0.3 0.1 -0.1
0.3 -0.1 -0.1
0.3 -0.1 -0.3
0.3 0.1 -0.3
0.5 -0.1 -0.1
0.5 0.1 -0.1
0.5 0.1 0.1
0.5 -0.1 0.1
0.7 0.1 -0.1
0.7 -0.1 -0.1
0.7 -0.1 -0.3
0.7 0.1 -0.3
0.9 -0.1 -0.1
0.9 0.1 -0.1
0.8999999 0.1 0.1
0.8999999 -0.1 0.1
1.1 0.1 -0.1
1.1 -0.1 -0.1
1.1 -0.1 -0.3
1.1 0.1 -0.3
1.3 -0.1 -0.1
1.3 0.1 -0.1
1.3 0.1 0.1
1.3 -0.1 0.1
1.5 0.1 -0.1
1.5 -0.1 -0.1
1.5 -0.1 -0.3
1.5 0.1 -0.3
1.7 -0.1 -0.1
1.7 0.1 -0.1
1.699999 0.1 0.1
1.699999 -0.1 0.1
1.9 0.1 -0.1
1.9 -0.1 -0.1
1.9 -0.1 -0.3
1.9 0.1 -0.3
2.099999 -0.1 -0.1
2.099999 0.1 -0.1
2.099999 0.1 0.1
2.099999 -0.1 0.1
2.299999 0.1 -0.1
2.299999 -0.1 -0.1
2.3 -0.1 -0.3
2.3 0.1 -0.3
2.499999 -0.1 -0.1
2.499999 0.1 -0.1
4 0 1 2 3 0.72 0.20 0.97
3 0 1 5 0.72 0.20 0.97
3 2 3 4 0.72 0.20 0.97
4 0 3 4 5 0.72 0.20 0.97
3 5 1 7  0.31 0.85 0.75
3 2 4 6  0.31 0.85 0.75
4 5 4 6 7  0.31 0.85 0.75
3 2 6 9  0.72 0.20 0.97
3 7 1 8  0.72 0.20 0.97
4 2 1 8 9  0.72 0.20 0.97
3 9 6 11  0.31 0.85 0.75
3 7 8 10  0.31 0.85 0.75
4 9 8 10 11  0.31 0.85 0.75
3 7 10 13  0.72 0.20 0.97
3 11 6 12  0.72 0.20 0.97
4 7 6 12 13  0.72 0.20 0.97
3 13 10 15  0.31 0.85 0.75
3 11 12 14  0.31 0.85 0.75
4 13 12 14 15  0.31 0.85 0.75
3 11 14 17  0.72 0.20 0.97
3 15 10 16  0.72 0.20 0.97
4 11 10 16 17  0.72 0.20 0.97
3 17 14 19  0.31 0.85 0.75
3 15 16 18  0.31 0.85 0.75
4 17 16 18 19  0.31 0.85 0.75
3 15 18 21  0.72 0.20 0.97
3 19 14 20  0.72 0.20 0.97
4 15 14 20 21  0.72 0.20 0.97
3 21 18 23  0.31 0.85 0.75
3 19 20 22  0.31 0.85 0.75
4 21 20 22 23  0.31 0.85 0.75
3 19 22 25  0.72 0.20 0.97
3 23 18 24  0.72 0.20 0.97
4 19 18 24 25  0.72 0.20 0.97
3 25 22 27  0.31 0.85 0.75
3 23 24 26  0.31 0.85 0.75
4 25 24 26 27  0.31 0.85 0.75
3 23 26 29  0.72 0.20 0.97
3 27 22 28  0.72 0.20 0.97
4 23 22 28 29  0.72 0.20 0.97
3 29 26 31  0.31 0.85 0.75
3 27 28 30  0.31 0.85 0.75
4 29 28 30 31  0.31 0.85 0.75
3 27 30 33  0.72 0.20 0.97
3 31 26 32  0.72 0.20 0.97
4 27 26 32 33  0.72 0.20 0.97
3 33 30 35  0.31 0.85 0.75
3 31 32 34  0.31 0.85 0.75
4 33 32 34 35  0.31 0.85 0.75
3 31 34 37  0.72 0.20 0.97
3 35 30 36  0.72 0.20 0.97
4 31 30 36 37  0.72 0.20 0.97
3 37 34 39  0.31 0.85 0.75
3 35 36 38  0.31 0.85 0.75
4 37 36 38 39  0.31 0.85 0.75
3 35 38 41  0.72 0.20 0.97
3 39 34 40  0.72 0.20 0.97
4 35 34 40 41  0.72 0.20 0.97
3 41 38 43  0.31 0.85 0.75
3 39 40 42  0.31 0.85 0.75
4 41 40 42 43  0.31 0.85 0.75
3 39 42 45  0.72 0.20 0.97
3 43 38 44  0.72 0.20 0.97
4 39 38 44 45  0.72 0.20 0.97
3 45 42 47  0.31 0.85 0.75
3 43 44 46  0.31 0.85 0.75
4 45 44 46 47  0.31 0.85 0.75
3 43 46 49  0.72 0.20 0.97
3 47 42 48  0.72 0.20 0.97
4 43 42 48 49  0.72 0.20 0.97
3 49 46 51  0.31 0.85 0.75
3 47 48 50  0.31 0.85 0.75
4 49 48 50 51  0.31 0.85 0.75
 
 
 
