OFF
52 73 124
-0.1 -0.1 -0.1
0.1 -0.1 -0.1
0.1 0.1 -0.1
-0.1 0.1 -0.1
0.1 0.1 0.1
0.1 -0.1 0.1
0.3 -0.1 0.1
0.3 0.1 0.1
0.1 -0.1 0.3
0.1 0.1 0.3
-0.1 0.1 0.3
-0.1 -0.1 0.3
0.1 0.1 0.5
0.1 -0.1 0.5
0.3 -0.1 0.5
0.3 0.1 0.5
0.1 -0.1 0.7
0.1 0.1 0.7
-0.1 0.1 0.7
-0.1 -0.1 0.7
0.1 0.1 0.9
0.1 -0.1 0.9
0.3 -0.1 0.9
0.3 0.1 0.9
0.1 -0.1 1.1
0.1 0.1 1.1
-0.1 0.1 1.1
-0.1 -0.1 1.1
0.1 0.1 1.3
0.1 -0.1 1.3
0.3 -0.1 1.3
0.3 0.1 1.3
0.1 -0.1 1.5
0.1 0.1 1.5
-0.1 0.1 1.5
-0.1 -0.1 1.5
0.1 0.1 1.7
0.1 -0.1 1.7
0.3 -0.1 1.7
0.3 0.1 1.7
0.1 -0.1 1.9
0.1 0.1 1.9
-0.1 0.1 1.9
-0.1 -0.1 1.9
0.1 0.1 2.1
0.1 -0.1 2.1
0.3 -0.1 2.1
0.3 0.1 2.1
0.1 -0.1 2.3
0.1 0.1 2.3
-0.1 0.1 2.3
-0.1 -0.1 2.3
4 0 1 2 3  0.72 0.20 0.97
3 0 1 5  0.72 0.20 0.97
3 2 3 4  0.72 0.20 0.97
4 0 3 4 5  0.72 0.20 0.97
3 2 4 7  0.31 0.85 0.75
3 5 1 6   0.31 0.85 0.75
4 2 1 6 7  0.31 0.85 0.75
3 7 4 9  0.72 0.20 0.97
3 5 6 8  0.72 0.20 0.97
4 7 6 8 9  0.72 0.20 0.97
3 5 8 11  0.31 0.85 0.75
3 9 4 10   0.31 0.85 0.75
4 5 4 10 11  0.31 0.85 0.75
3 11 8 13  0.72 0.20 0.97
3 9 10 12  0.72 0.20 0.97
4 11 10 12 13  0.72 0.20 0.97
3 9 12 15  0.31 0.85 0.75
3 13 8 14   0.31 0.85 0.75
4 9 8 14 15  0.31 0.85 0.75
3 15 12 17  0.72 0.20 0.97
3 13 14 16  0.72 0.20 0.97
4 15 14 16 17  0.72 0.20 0.97
3 13 16 19  0.31 0.85 0.75
3 17 12 18   0.31 0.85 0.75
4 13 12 18 19  0.31 0.85 0.75
3 19 16 21  0.72 0.20 0.97
3 17 18 20  0.72 0.20 0.97
4 19 18 20 21  0.72 0.20 0.97
3 17 20 23  0.31 0.85 0.75
3 21 16 22   0.31 0.85 0.75
4 17 16 22 23  0.31 0.85 0.75
3 23 20 25  0.72 0.20 0.97
3 21 22 24  0.72 0.20 0.97
4 23 22 24 25  0.72 0.20 0.97
3 21 24 27  0.31 0.85 0.75
3 25 20 26   0.31 0.85 0.75
4 21 20 26 27  0.31 0.85 0.75
3 27 24 29  0.72 0.20 0.97
3 25 26 28  0.72 0.20 0.97
4 27 26 28 29  0.72 0.20 0.97
3 25 28 31  0.31 0.85 0.75
3 29 24 30   0.31 0.85 0.75
4 25 24 30 31  0.31 0.85 0.75
3 31 28 33  0.72 0.20 0.97
3 29 30 32  0.72 0.20 0.97
4 31 30 32 33  0.72 0.20 0.97
3 29 32 35  0.31 0.85 0.75
3 33 28 34   0.31 0.85 0.75
4 29 28 34 35  0.31 0.85 0.75
3 35 32 37  0.72 0.20 0.97
3 33 34 36  0.72 0.20 0.97
4 35 34 36 37  0.72 0.20 0.97
3 33 36 39  0.31 0.85 0.75
3 37 32 38   0.31 0.85 0.75
4 33 32 38 39  0.31 0.85 0.75
3 39 36 41  0.72 0.20 0.97
3 37 38 40  0.72 0.20 0.97
4 39 38 40 41  0.72 0.20 0.97
3 37 40 43  0.31 0.85 0.75
3 41 36 42   0.31 0.85 0.75
4 37 36 42 43  0.31 0.85 0.75
3 43 40 45  0.72 0.20 0.97
3 41 42 44  0.72 0.20 0.97
4 43 42 44 45  0.72 0.20 0.97
3 41 44 47  0.31 0.85 0.75
3 45 40 46   0.31 0.85 0.75
4 41 40 46 47  0.31 0.85 0.75
3 47 44 49  0.72 0.20 0.97
3 45 46 48  0.72 0.20 0.97
4 47 46 48 49  0.72 0.20 0.97
3 45 48 51  0.31 0.85 0.75
3 49 44 50   0.31 0.85 0.75
4 45 44 50 51  0.31 0.85 0.75



