OFF
52 73 124
-0.4 -0.4 -0.4
0.4 -0.4 -0.4
0.4 0.4 -0.4
-0.4 0.4 -0.4
0.4 0.4 0.4
0.4 -0.4 0.4
1.2 0.4 -0.4
1.2 -0.4 -0.4
0.4 -0.4 -1.2
1.2 -0.4 -1.2
1.2 -1.2 -1.2
0.4 -1.2 -1.2
1.2 -1.2 -2
1.2 -0.4 -2
2 -1.2 -1.2
2 -0.4 -1.2
1.2 -0.4 -0.4000001
2 -0.4 -0.4000001
2 0.4 -0.4000001
1.2 0.4 -0.4000001
2 0.4 0.3999999
2 -0.4 0.3999999
2.8 0.4 -0.4000001
2.8 -0.4 -0.4000001
2 -0.4 -1.2
2.8 -0.4 -1.2
2 -1.2 -0.4000001
2.8 -1.2 -0.4000001
2 -1.2 0.3999999
2 -0.4 0.3999999
1.2 -1.2 -0.4000001
1.2 -0.4 -0.4000001
1.2 -1.2 -1.2
2 -1.2 -1.2
2 -2 -1.2
1.2 -2 -1.2
1.2 -1.2 -2
1.2 -2 -2
0.4000001 -1.2 -1.2
0.4000001 -2 -1.2
0.4000001 -1.2 -0.4000001
1.2 -1.2 -0.4000001
1.2 -0.4000001 -0.4000001
0.4000001 -0.4000001 -0.4000001
0.4000001 -1.2 0.3999999
0.4000001 -0.4000001 0.3999999
-0.3999999 -1.2 -0.4000001
-0.3999999 -0.4000001 -0.4000001
0.4000001 -0.4000001 -1.2
-0.3999999 -0.4000001 -1.2
0.4000001 0.3999999 -0.4000001
-0.3999999 0.3999999 -0.4000001
4 0 1 2 3 0.72 0.20 0.97
3 0 1 5 0.72 0.20 0.97
3 2 3 4 0.72 0.20 0.97
4 0 3 4 5 0.72 0.20 0.97
3 5 1 7  0.31 0.85 0.75
3 2 4 6  0.31 0.85 0.75
4 5 4 6 7  0.31 0.85 0.75
3 6 7 9  0.72 0.20 0.97
3 1 2 8  0.72 0.20 0.97
4 6 2 8 9  0.72 0.20 0.97
3 1 8 11  0.31 0.85 0.75
3 9 7 10  0.31 0.85 0.75
4 1 7 10 11  0.31 0.85 0.75
3 8 9 13  0.72 0.20 0.97
3 10 11 12  0.72 0.20 0.97
4 8 11 12 13  0.72 0.20 0.97
3 13 9 15  0.31 0.85 0.75
3 10 12 14  0.31 0.85 0.75
4 13 12 14 15  0.31 0.85 0.75
3 14 15 17  0.72 0.20 0.97
3 9 10 16  0.72 0.20 0.97
4 14 10 16 17  0.72 0.20 0.97
3 9 16 19  0.31 0.85 0.75
3 17 15 18  0.31 0.85 0.75
4 9 15 18 19  0.31 0.85 0.75
3 16 17 21  0.72 0.20 0.97
3 18 19 20  0.72 0.20 0.97
4 16 19 20 21  0.72 0.20 0.97
3 21 17 23  0.31 0.85 0.75
3 18 20 22  0.31 0.85 0.75
4 21 20 22 23  0.31 0.85 0.75
3 22 23 25  0.72 0.20 0.97
3 17 18 24  0.72 0.20 0.97
4 22 18 24 25  0.72 0.20 0.97
3 25 23 27  0.31 0.85 0.75
3 17 24 26  0.31 0.85 0.75
4 25 24 26 27  0.31 0.85 0.75
3 23 17 29  0.72 0.20 0.97
3 26 27 28  0.72 0.20 0.97
4 23 27 28 29  0.72 0.20 0.97
3 29 17 31  0.31 0.85 0.75
3 26 28 30  0.31 0.85 0.75
4 29 28 30 31  0.31 0.85 0.75
3 17 26 33  0.72 0.20 0.97
3 30 31 32  0.72 0.20 0.97
4 17 31 32 33  0.72 0.20 0.97
3 30 32 35  0.31 0.85 0.75
3 33 26 34  0.31 0.85 0.75
4 30 26 34 35  0.31 0.85 0.75
3 34 35 37  0.72 0.20 0.97
3 32 33 36  0.72 0.20 0.97
4 34 33 36 37  0.72 0.20 0.97
3 37 35 39  0.31 0.85 0.75
3 32 36 38  0.31 0.85 0.75
4 37 36 38 39  0.31 0.85 0.75
3 35 32 41  0.72 0.20 0.97
3 38 39 40  0.72 0.20 0.97
4 35 39 40 41  0.72 0.20 0.97
3 38 40 43  0.31 0.85 0.75
3 41 32 42  0.31 0.85 0.75
4 38 32 42 43  0.31 0.85 0.75
3 42 43 45  0.72 0.20 0.97
3 40 41 44  0.72 0.20 0.97
4 42 41 44 45  0.72 0.20 0.97
3 45 43 47  0.31 0.85 0.75
3 40 44 46  0.31 0.85 0.75
4 45 44 46 47  0.31 0.85 0.75
3 46 47 49  0.72 0.20 0.97
3 43 40 48  0.72 0.20 0.97
4 46 40 48 49  0.72 0.20 0.97
3 49 47 51  0.31 0.85 0.75
3 43 48 50  0.31 0.85 0.75
4 49 48 50 51  0.31 0.85 0.75
 
 
 
