OFF
52 73 124
-0.3 -0.3 -0.3
0.3 -0.3 -0.3
0.3 0.3 -0.3
-0.3 0.3 -0.3
0.3 0.3 0.3
0.3 -0.3 0.3
0.9 -0.3 -0.3
0.9 -0.3 0.3
0.3 -0.9 -0.3
0.3 -0.9 0.3
-0.3 -0.3 0.3
-0.3 -0.9 0.3
0.3 -0.3 0.9
0.3 -0.9 0.9
0.9 -0.3 0.9
0.9 -0.3 0.3
0.3 0.3 0.9
0.3 0.3 0.3
-0.3 -0.3 0.3
-0.3 0.3 0.3
-0.3 0.3 -0.3
-0.3 -0.3 -0.3
-0.9 -0.3 0.3
-0.9 -0.3 -0.3
-0.3 -0.9 0.3
-0.3 -0.9 -0.3
0.3 -0.3 -0.3
0.3 -0.9 -0.3
0.3 -0.9 -0.9
0.3 -0.3 -0.9
0.9 -0.3 -0.3
0.9 -0.3 -0.9
0.3 0.3 -0.3
0.3 0.3 -0.9
-0.3 -0.3 -0.9
-0.3 0.3 -0.9
-0.3 0.3 -1.5
-0.3 -0.3 -1.5
-0.9 -0.3 -0.9
-0.9 -0.3 -1.5
-0.3 -0.9 -0.9
-0.3 -0.9 -1.5
0.3 -0.9 -0.9
0.3 -0.3 -0.9
-0.3 -0.9 -0.3000001
-0.3 -0.3 -0.3000001
-0.9 -0.3 -0.9
-0.9 -0.3 -0.3000001
-0.3 0.3 -0.9
-0.3 0.3 -0.3000001
0.3 -0.3 -0.3000001
0.3 0.3 -0.3000001
4 0 1 2 3 0.72 0.20 0.97
3 0 1 5 0.72 0.20 0.97
3 2 3 4 0.72 0.20 0.97
4 0 3 4 5 0.72 0.20 0.97
3 4 5 7  0.31 0.85 0.75
3 1 2 6  0.31 0.85 0.75
4 4 2 6 7  0.31 0.85 0.75
3 7 5 9  0.72 0.20 0.97
3 1 6 8  0.72 0.20 0.97
4 7 6 8 9  0.72 0.20 0.97
3 8 9 11  0.31 0.85 0.75
3 5 1 10  0.31 0.85 0.75
4 8 1 10 11  0.31 0.85 0.75
3 11 9 13  0.72 0.20 0.97
3 5 10 12  0.72 0.20 0.97
4 11 10 12 13  0.72 0.20 0.97
3 9 5 15  0.31 0.85 0.75
3 12 13 14  0.31 0.85 0.75
4 9 13 14 15  0.31 0.85 0.75
3 15 5 17  0.72 0.20 0.97
3 12 14 16  0.72 0.20 0.97
4 15 14 16 17  0.72 0.20 0.97
3 16 17 19  0.31 0.85 0.75
3 5 12 18  0.31 0.85 0.75
4 16 12 18 19  0.31 0.85 0.75
3 5 18 21  0.72 0.20 0.97
3 19 17 20  0.72 0.20 0.97
4 5 17 20 21  0.72 0.20 0.97
3 20 21 23  0.31 0.85 0.75
3 18 19 22  0.31 0.85 0.75
4 20 19 22 23  0.31 0.85 0.75
3 23 21 25  0.72 0.20 0.97
3 18 22 24  0.72 0.20 0.97
4 23 22 24 25  0.72 0.20 0.97
3 24 25 27  0.31 0.85 0.75
3 21 18 26  0.31 0.85 0.75
4 24 18 26 27  0.31 0.85 0.75
3 21 26 29  0.72 0.20 0.97
3 27 25 28  0.72 0.20 0.97
4 21 25 28 29  0.72 0.20 0.97
3 28 29 31  0.31 0.85 0.75
3 26 27 30  0.31 0.85 0.75
4 28 27 30 31  0.31 0.85 0.75
3 31 29 33  0.72 0.20 0.97
3 26 30 32  0.72 0.20 0.97
4 31 30 32 33  0.72 0.20 0.97
3 32 33 35  0.31 0.85 0.75
3 29 26 34  0.31 0.85 0.75
4 32 26 34 35  0.31 0.85 0.75
3 29 34 37  0.72 0.20 0.97
3 35 33 36  0.72 0.20 0.97
4 29 33 36 37  0.72 0.20 0.97
3 36 37 39  0.31 0.85 0.75
3 34 35 38  0.31 0.85 0.75
4 36 35 38 39  0.31 0.85 0.75
3 39 37 41  0.72 0.20 0.97
3 34 38 40  0.72 0.20 0.97
4 39 38 40 41  0.72 0.20 0.97
3 37 34 43  0.31 0.85 0.75
3 40 41 42  0.31 0.85 0.75
4 37 41 42 43  0.31 0.85 0.75
3 43 34 45  0.72 0.20 0.97
3 40 42 44  0.72 0.20 0.97
4 43 42 44 45  0.72 0.20 0.97
3 44 45 47  0.31 0.85 0.75
3 34 40 46  0.31 0.85 0.75
4 44 40 46 47  0.31 0.85 0.75
3 47 45 49  0.72 0.20 0.97
3 34 46 48  0.72 0.20 0.97
4 47 46 48 49  0.72 0.20 0.97
3 48 49 51  0.31 0.85 0.75
3 45 34 50  0.31 0.85 0.75
4 48 34 50 51  0.31 0.85 0.75
 
 
 
