OFF
52 73 124
-0.3 -0.3 -0.3
0.3 -0.3 -0.3
0.3 0.3 -0.3
-0.3 0.3 -0.3
0.3 0.3 0.3
0.3 -0.3 0.3
0.9 -0.3 0.3
0.9 0.3 0.3
0.3 -0.3 0.9
0.3 0.3 0.9
-0.3 0.3 0.9
-0.3 -0.3 0.9
0.3 0.3 1.5
0.3 -0.3 1.5
0.9 -0.3 0.9
0.9 -0.3 1.5
0.3 -0.9 1.5
0.9 -0.9 1.5
0.3 -0.3 2.1
0.9 -0.3 2.1
0.9 0.3 1.5
0.9 0.3 2.1
1.5 -0.3 1.5
1.5 -0.3 2.1
1.5 -0.9 1.5
0.9 -0.9 1.5
1.5 -0.3 0.9
0.9 -0.3 0.9
1.5 0.3 0.9
1.5 0.3 1.5
2.1 -0.3 1.5
2.1 0.3 1.5
1.5 -0.3 2.1
1.5 0.3 2.1
0.9 0.3 1.5
0.9 0.3 2.1
0.9 0.9 1.5
1.5 0.9 1.5
0.9 0.3 0.9
1.5 0.3 0.9
0.9 -0.3 0.9
0.9 -0.3 1.5
0.3 0.3 0.9
0.3 0.3 1.5
0.9 0.9 1.5
0.3 0.9 1.5
0.9 0.3 2.1
0.3 0.3 2.1
0.3 -0.3 1.5
0.3 -0.3 2.1
-0.3 -0.3 1.5
-0.3 0.3 1.5
4 0 1 2 3  0.72 0.20 0.97
3 0 1 5  0.72 0.20 0.97
3 2 3 4  0.72 0.20 0.97
4 0 3 4 5  0.72 0.20 0.97
3 2 4 7  0.31 0.85 0.75
3 5 1 6   0.31 0.85 0.75
4 2 1 6 7  0.31 0.85 0.75
3 7 4 9  0.72 0.20 0.97
3 5 6 8  0.72 0.20 0.97
4 7 6 8 9  0.72 0.20 0.97
3 5 8 11  0.31 0.85 0.75
3 9 4 10   0.31 0.85 0.75
4 5 4 10 11  0.31 0.85 0.75
3 11 8 13  0.72 0.20 0.97
3 9 10 12  0.72 0.20 0.97
4 11 10 12 13  0.72 0.20 0.97
3 12 13 15  0.31 0.85 0.75
3 8 9 14   0.31 0.85 0.75
4 12 9 14 15  0.31 0.85 0.75
3 14 15 17  0.72 0.20 0.97
3 13 8 16  0.72 0.20 0.97
4 14 8 16 17  0.72 0.20 0.97
3 17 15 19  0.31 0.85 0.75
3 13 16 18   0.31 0.85 0.75
4 17 16 18 19  0.31 0.85 0.75
3 18 19 21  0.72 0.20 0.97
3 15 13 20  0.72 0.20 0.97
4 18 13 20 21  0.72 0.20 0.97
3 21 19 23  0.31 0.85 0.75
3 15 20 22   0.31 0.85 0.75
4 21 20 22 23  0.31 0.85 0.75
3 19 15 25  0.72 0.20 0.97
3 22 23 24  0.72 0.20 0.97
4 19 23 24 25  0.72 0.20 0.97
3 25 15 27  0.31 0.85 0.75
3 22 24 26   0.31 0.85 0.75
4 25 24 26 27  0.31 0.85 0.75
3 15 22 29  0.72 0.20 0.97
3 26 27 28  0.72 0.20 0.97
4 15 27 28 29  0.72 0.20 0.97
3 28 29 31  0.31 0.85 0.75
3 22 26 30   0.31 0.85 0.75
4 28 26 30 31  0.31 0.85 0.75
3 31 29 33  0.72 0.20 0.97
3 22 30 32  0.72 0.20 0.97
4 31 30 32 33  0.72 0.20 0.97
3 32 33 35  0.31 0.85 0.75
3 29 22 34   0.31 0.85 0.75
4 32 22 34 35  0.31 0.85 0.75
3 33 29 37  0.72 0.20 0.97
3 34 35 36  0.72 0.20 0.97
4 33 35 36 37  0.72 0.20 0.97
3 37 29 39  0.31 0.85 0.75
3 34 36 38   0.31 0.85 0.75
4 37 36 38 39  0.31 0.85 0.75
3 29 34 41  0.72 0.20 0.97
3 38 39 40  0.72 0.20 0.97
4 29 39 40 41  0.72 0.20 0.97
3 41 34 43  0.31 0.85 0.75
3 38 40 42   0.31 0.85 0.75
4 41 40 42 43  0.31 0.85 0.75
3 42 43 45  0.72 0.20 0.97
3 34 38 44  0.72 0.20 0.97
4 42 38 44 45  0.72 0.20 0.97
3 45 43 47  0.31 0.85 0.75
3 34 44 46   0.31 0.85 0.75
4 45 44 46 47  0.31 0.85 0.75
3 46 47 49  0.72 0.20 0.97
3 43 34 48  0.72 0.20 0.97
4 46 34 48 49  0.72 0.20 0.97
3 47 43 51  0.31 0.85 0.75
3 48 49 50   0.31 0.85 0.75
4 47 49 50 51  0.31 0.85 0.75



