OFF
52 73 124
-0.2 -0.2 -0.2
0.2 -0.2 -0.2
0.2 0.2 -0.2
-0.2 0.2 -0.2
0.2 0.2 0.2
0.2 -0.2 0.2
0.6 0.2 -0.2
0.6 -0.2 -0.2
0.6 -0.2 -0.6
0.6 0.2 -0.6
1 -0.2 -0.2
1 0.2 -0.2
1 -0.2 0.2
0.6 -0.2 0.2
1 -0.6 0.2
1 -0.6 -0.2
1.4 -0.6 0.2
1.4 -0.2 0.2
1 -0.2 0.6
1.4 -0.2 0.6
1 0.2 0.6
1 0.2 0.2
0.6 -0.2 0.2
0.6 0.2 0.2
1 0.2 -0.2
0.6 0.2 -0.2
1 0.6 -0.2
1 0.6 0.2
1.4 0.2 0.2
1.4 0.6 0.2
1.4 0.2 0.6
1 0.2 0.6
1.4 -0.2 0.6
1.4 -0.2 0.2
1.8 -0.2 0.6
1.8 0.2 0.6
1.4 -0.2 1
1.4 0.2 1
1 0.2 1
1 -0.2 1
1.000001 -0.2 1.4
1 0.2 1.4
0.6000003 0.2 1.4
0.6000007 -0.2 1.4
0.6000011 -0.2 1.8
0.6000006 0.2 1.8
0.2000005 0.2 1.8
0.200001 -0.2 1.8
0.600001 0.2 2.2
0.6000015 -0.2 2.2
1.000001 0.2 1.8
1.000001 -0.2 1.8
4 0 1 2 3 0.72 0.20 0.97
3 0 1 5 0.72 0.20 0.97
3 2 3 4 0.72 0.20 0.97
4 0 3 4 5 0.72 0.20 0.97
3 5 1 7  0.31 0.85 0.75
3 2 4 6  0.31 0.85 0.75
4 5 4 6 7  0.31 0.85 0.75
3 2 6 9  0.72 0.20 0.97
3 7 1 8  0.72 0.20 0.97
4 2 1 8 9  0.72 0.20 0.97
3 9 6 11  0.31 0.85 0.75
3 7 8 10  0.31 0.85 0.75
4 9 8 10 11  0.31 0.85 0.75
3 6 7 13  0.72 0.20 0.97
3 10 11 12  0.72 0.20 0.97
4 6 11 12 13  0.72 0.20 0.97
3 7 10 15  0.31 0.85 0.75
3 12 13 14  0.31 0.85 0.75
4 7 13 14 15  0.31 0.85 0.75
3 10 12 17  0.72 0.20 0.97
3 14 15 16  0.72 0.20 0.97
4 10 15 16 17  0.72 0.20 0.97
3 16 17 19  0.31 0.85 0.75
3 12 14 18  0.31 0.85 0.75
4 16 14 18 19  0.31 0.85 0.75
3 17 12 21  0.72 0.20 0.97
3 18 19 20  0.72 0.20 0.97
4 17 19 20 21  0.72 0.20 0.97
3 20 21 23  0.31 0.85 0.75
3 12 18 22  0.31 0.85 0.75
4 20 18 22 23  0.31 0.85 0.75
3 22 23 25  0.72 0.20 0.97
3 21 12 24  0.72 0.20 0.97
4 22 12 24 25  0.72 0.20 0.97
3 23 21 27  0.31 0.85 0.75
3 24 25 26  0.31 0.85 0.75
4 23 25 26 27  0.31 0.85 0.75
3 26 27 29  0.72 0.20 0.97
3 21 24 28  0.72 0.20 0.97
4 26 24 28 29  0.72 0.20 0.97
3 27 21 31  0.31 0.85 0.75
3 28 29 30  0.31 0.85 0.75
4 27 29 30 31  0.31 0.85 0.75
3 21 28 33  0.72 0.20 0.97
3 30 31 32  0.72 0.20 0.97
4 21 31 32 33  0.72 0.20 0.97
3 28 30 35  0.31 0.85 0.75
3 32 33 34  0.31 0.85 0.75
4 28 33 34 35  0.31 0.85 0.75
3 35 30 37  0.72 0.20 0.97
3 32 34 36  0.72 0.20 0.97
4 35 34 36 37  0.72 0.20 0.97
3 32 36 39  0.31 0.85 0.75
3 37 30 38  0.31 0.85 0.75
4 32 30 38 39  0.31 0.85 0.75
3 37 38 41  0.72 0.20 0.97
3 39 36 40  0.72 0.20 0.97
4 37 36 40 41  0.72 0.20 0.97
3 39 40 43  0.31 0.85 0.75
3 41 38 42  0.31 0.85 0.75
4 39 38 42 43  0.31 0.85 0.75
3 41 42 45  0.72 0.20 0.97
3 43 40 44  0.72 0.20 0.97
4 41 40 44 45  0.72 0.20 0.97
3 43 44 47  0.31 0.85 0.75
3 45 42 46  0.31 0.85 0.75
4 43 42 46 47  0.31 0.85 0.75
3 47 44 49  0.72 0.20 0.97
3 45 46 48  0.72 0.20 0.97
4 47 46 48 49  0.72 0.20 0.97
3 49 44 51  0.31 0.85 0.75
3 45 48 50  0.31 0.85 0.75
4 49 48 50 51  0.31 0.85 0.75
 
 
 
