OFF
52 73 124
-0.3 -0.3 -0.3
0.3 -0.3 -0.3
0.3 0.3 -0.3
-0.3 0.3 -0.3
0.3 0.3 0.3
0.3 -0.3 0.3
0.9 0.3 -0.3
0.9 -0.3 -0.3
0.3 0.3 -0.9
0.3 -0.3 -0.9
-0.3 -0.3 -0.9
-0.3 0.3 -0.9
0.3 -0.3 -1.5
0.3 0.3 -1.5
0.9 -0.3 -1.5
0.9 -0.3 -0.9
0.3 -0.9 -0.9
0.9 -0.9 -0.9
0.9 -0.9 -0.3000001
0.3 -0.9 -0.3000001
0.9 -1.5 -0.3000001
0.9 -1.5 -0.9
1.5 -0.9 -0.3000001
1.5 -0.9 -0.9
0.9 -0.3000001 -0.9
1.5 -0.3000001 -0.9
1.5 -0.3 -1.5
0.9000001 -0.3 -1.5
0.9 0.2999999 -0.9
0.9000002 0.3 -1.5
0.3000002 0.3 -1.5
0.3000002 0.2999999 -0.9
0.9 0.8999999 -0.9
0.3000003 0.8999999 -0.9
0.3000003 0.8999999 -0.3000001
0.9000001 0.8999999 -0.3000001
0.9 1.5 -0.9
0.9000002 1.5 -0.3000001
1.5 0.8999999 -0.9
1.5 0.8999999 -0.3000001
1.5 0.3 -0.9
0.9 0.3 -0.9
0.9 0.3 -1.5
1.5 0.3 -1.5
1.5 -0.3 -0.9
1.5 -0.3 -1.5
2.099999 -0.3 -0.9
2.099999 0.3 -0.9
1.5 -0.3 -0.3000001
1.5 0.3 -0.3000001
0.9000001 -0.3 -0.9
0.9000001 0.3 -0.9
4 0 1 2 3 0.72 0.20 0.97
3 0 1 5 0.72 0.20 0.97
3 2 3 4 0.72 0.20 0.97
4 0 3 4 5 0.72 0.20 0.97
3 5 1 7  0.31 0.85 0.75
3 2 4 6  0.31 0.85 0.75
4 5 4 6 7  0.31 0.85 0.75
3 7 1 9  0.72 0.20 0.97
3 2 6 8  0.72 0.20 0.97
4 7 6 8 9  0.72 0.20 0.97
3 2 8 11  0.31 0.85 0.75
3 9 1 10  0.31 0.85 0.75
4 2 1 10 11  0.31 0.85 0.75
3 11 8 13  0.72 0.20 0.97
3 9 10 12  0.72 0.20 0.97
4 11 10 12 13  0.72 0.20 0.97
3 8 9 15  0.31 0.85 0.75
3 12 13 14  0.31 0.85 0.75
4 8 13 14 15  0.31 0.85 0.75
3 14 15 17  0.72 0.20 0.97
3 9 12 16  0.72 0.20 0.97
4 14 12 16 17  0.72 0.20 0.97
3 9 16 19  0.31 0.85 0.75
3 17 15 18  0.31 0.85 0.75
4 9 15 18 19  0.31 0.85 0.75
3 16 17 21  0.72 0.20 0.97
3 18 19 20  0.72 0.20 0.97
4 16 19 20 21  0.72 0.20 0.97
3 21 17 23  0.31 0.85 0.75
3 18 20 22  0.31 0.85 0.75
4 21 20 22 23  0.31 0.85 0.75
3 22 23 25  0.72 0.20 0.97
3 17 18 24  0.72 0.20 0.97
4 22 18 24 25  0.72 0.20 0.97
3 17 24 27  0.31 0.85 0.75
3 25 23 26  0.31 0.85 0.75
4 17 23 26 27  0.31 0.85 0.75
3 26 27 29  0.72 0.20 0.97
3 24 25 28  0.72 0.20 0.97
4 26 25 28 29  0.72 0.20 0.97
3 24 28 31  0.31 0.85 0.75
3 29 27 30  0.31 0.85 0.75
4 24 27 30 31  0.31 0.85 0.75
3 30 31 33  0.72 0.20 0.97
3 28 29 32  0.72 0.20 0.97
4 30 29 32 33  0.72 0.20 0.97
3 28 32 35  0.31 0.85 0.75
3 33 31 34  0.31 0.85 0.75
4 28 31 34 35  0.31 0.85 0.75
3 34 35 37  0.72 0.20 0.97
3 32 33 36  0.72 0.20 0.97
4 34 33 36 37  0.72 0.20 0.97
3 37 35 39  0.31 0.85 0.75
3 32 36 38  0.31 0.85 0.75
4 37 36 38 39  0.31 0.85 0.75
3 35 32 41  0.72 0.20 0.97
3 38 39 40  0.72 0.20 0.97
4 35 39 40 41  0.72 0.20 0.97
3 38 40 43  0.31 0.85 0.75
3 41 32 42  0.31 0.85 0.75
4 38 32 42 43  0.31 0.85 0.75
3 42 43 45  0.72 0.20 0.97
3 40 41 44  0.72 0.20 0.97
4 42 41 44 45  0.72 0.20 0.97
3 43 40 47  0.31 0.85 0.75
3 44 45 46  0.31 0.85 0.75
4 43 45 46 47  0.31 0.85 0.75
3 47 40 49  0.72 0.20 0.97
3 44 46 48  0.72 0.20 0.97
4 47 46 48 49  0.72 0.20 0.97
3 49 40 51  0.31 0.85 0.75
3 44 48 50  0.31 0.85 0.75
4 49 48 50 51  0.31 0.85 0.75
 
 
 
