OFF
52 73 124
-0.4 -0.4 -0.4
0.4 -0.4 -0.4
0.4 0.4 -0.4
-0.4 0.4 -0.4
0.4 0.4 0.4
0.4 -0.4 0.4
1.2 0.4 0.4
1.2 0.4 -0.4
1.2 1.2 -0.4
1.2 1.2 0.4
2 0.4 0.4
2 1.2 0.4
2 0.4 1.2
1.2 0.4 1.2
1.2 -0.4 0.4
1.2 -0.4 1.2
0.4 -0.4 1.2
0.4 -0.4 0.4
1.2 -1.2 0.4
0.4 -1.2 0.4
1.2 -1.2 -0.4
1.2 -0.4 -0.4
2 -0.4 0.4
2 -0.4 -0.4
2 0.4 -0.4
2 0.4 0.4
2.8 0.4 -0.4
2.8 -0.4 -0.4
2 0.4 -1.2
2 -0.4 -1.2
1.2 -0.4 -0.4
1.2 -0.4 -1.2
1.2 -1.2 -1.2
1.2 -1.2 -0.4
0.4 -1.2 -1.2
0.4 -0.4 -1.2
1.2 -0.4 -2
0.4 -0.4 -2
1.2 0.4 -2
1.2 0.4 -1.2
2 0.4 -1.2
2 0.4 -2
2 1.2 -1.2
1.2 1.2 -1.2
1.2 0.4 -0.4
1.2 1.2 -0.4
0.4 0.4 -0.4
0.4 0.4 -1.2
0.4 -0.4 -1.2
0.4 -0.4 -0.4
-0.4 0.4 -0.4
-0.4 -0.4 -0.4
4 0 1 2 3  0.72 0.20 0.97
3 0 1 5  0.72 0.20 0.97
3 2 3 4  0.72 0.20 0.97
4 0 3 4 5  0.72 0.20 0.97
3 1 2 7  0.31 0.85 0.75
3 4 5 6   0.31 0.85 0.75
4 1 5 6 7  0.31 0.85 0.75
3 4 6 9  0.72 0.20 0.97
3 7 2 8  0.72 0.20 0.97
4 4 2 8 9  0.72 0.20 0.97
3 8 9 11  0.31 0.85 0.75
3 6 7 10   0.31 0.85 0.75
4 8 7 10 11  0.31 0.85 0.75
3 9 6 13  0.72 0.20 0.97
3 10 11 12  0.72 0.20 0.97
4 9 11 12 13  0.72 0.20 0.97
3 12 13 15  0.31 0.85 0.75
3 6 10 14   0.31 0.85 0.75
4 12 10 14 15  0.31 0.85 0.75
3 6 14 17  0.72 0.20 0.97
3 15 13 16  0.72 0.20 0.97
4 6 13 16 17  0.72 0.20 0.97
3 16 17 19  0.31 0.85 0.75
3 14 15 18   0.31 0.85 0.75
4 16 15 18 19  0.31 0.85 0.75
3 17 14 21  0.72 0.20 0.97
3 18 19 20  0.72 0.20 0.97
4 17 19 20 21  0.72 0.20 0.97
3 20 21 23  0.31 0.85 0.75
3 14 18 22   0.31 0.85 0.75
4 20 18 22 23  0.31 0.85 0.75
3 14 22 25  0.72 0.20 0.97
3 23 21 24  0.72 0.20 0.97
4 14 21 24 25  0.72 0.20 0.97
3 22 23 27  0.31 0.85 0.75
3 24 25 26   0.31 0.85 0.75
4 22 25 26 27  0.31 0.85 0.75
3 27 23 29  0.72 0.20 0.97
3 24 26 28  0.72 0.20 0.97
4 27 26 28 29  0.72 0.20 0.97
3 28 29 31  0.31 0.85 0.75
3 23 24 30   0.31 0.85 0.75
4 28 24 30 31  0.31 0.85 0.75
3 23 30 33  0.72 0.20 0.97
3 31 29 32  0.72 0.20 0.97
4 23 29 32 33  0.72 0.20 0.97
3 30 31 35  0.31 0.85 0.75
3 32 33 34   0.31 0.85 0.75
4 30 33 34 35  0.31 0.85 0.75
3 34 35 37  0.72 0.20 0.97
3 31 32 36  0.72 0.20 0.97
4 34 32 36 37  0.72 0.20 0.97
3 35 31 39  0.31 0.85 0.75
3 36 37 38   0.31 0.85 0.75
4 35 37 38 39  0.31 0.85 0.75
3 36 38 41  0.72 0.20 0.97
3 39 31 40  0.72 0.20 0.97
4 36 31 40 41  0.72 0.20 0.97
3 38 39 43  0.31 0.85 0.75
3 40 41 42   0.31 0.85 0.75
4 38 41 42 43  0.31 0.85 0.75
3 42 43 45  0.72 0.20 0.97
3 39 40 44  0.72 0.20 0.97
4 42 40 44 45  0.72 0.20 0.97
3 43 39 47  0.31 0.85 0.75
3 44 45 46   0.31 0.85 0.75
4 43 45 46 47  0.31 0.85 0.75
3 44 46 49  0.72 0.20 0.97
3 47 39 48  0.72 0.20 0.97
4 44 39 48 49  0.72 0.20 0.97
3 48 49 51  0.31 0.85 0.75
3 46 47 50   0.31 0.85 0.75
4 48 47 50 51  0.31 0.85 0.75



