OFF
52 73 124
-0.4 -0.4 -0.4
0.4 -0.4 -0.4
0.4 0.4 -0.4
-0.4 0.4 -0.4
0.4 0.4 0.4
0.4 -0.4 0.4
1.2 -0.4 0.4
1.2 0.4 0.4
0.4 -0.4 1.2
0.4 0.4 1.2
-0.4 0.4 0.4
-0.4 0.4 1.2
0.4 1.2 1.2
-0.4 1.2 1.2
0.4 0.4 2
-0.4 0.4 2
-0.4 -0.4 2
0.4 -0.4 2
0.4 -0.4 2.8
-0.4 -0.4 2.8
-0.4 -1.2 2
-0.4 -1.2 2.8
-1.2 -0.4 2
-1.2 -0.4 2.8
-1.2 0.4 2
-0.4 0.4 2
-1.2 -0.4 1.2
-0.4 -0.4 1.2
-0.4 -1.2 2
-0.4 -1.2 1.2
0.4 -0.4 1.2
0.4 -1.2 1.2
-0.4 -0.4 0.4
-0.4 -1.2 0.4
-1.2 -0.4 0.4
-1.2 -0.4 1.2
-1.2 0.4 0.4
-0.4 0.4 0.4
-1.2 -0.4 -0.4
-0.4 -0.4 -0.4
-0.4 -1.2 0.4
-0.4 -1.2 -0.4
0.4 -0.4 -0.4
0.4 -1.2 -0.4
-0.4 -0.4 -1.2
-0.4 -1.2 -1.2
-1.2 -0.4 -1.2
-1.2 -0.4 -0.4
-0.4 0.4 -1.2
-0.4 0.4 -0.4
0.4 -0.4 -0.4
0.4 0.4 -0.4
4 0 1 2 3  0.72 0.20 0.97
3 0 1 5  0.72 0.20 0.97
3 2 3 4  0.72 0.20 0.97
4 0 3 4 5  0.72 0.20 0.97
3 2 4 7  0.31 0.85 0.75
3 5 1 6   0.31 0.85 0.75
4 2 1 6 7  0.31 0.85 0.75
3 7 4 9  0.72 0.20 0.97
3 5 6 8  0.72 0.20 0.97
4 7 6 8 9  0.72 0.20 0.97
3 8 9 11  0.31 0.85 0.75
3 4 5 10   0.31 0.85 0.75
4 8 5 10 11  0.31 0.85 0.75
3 10 11 13  0.72 0.20 0.97
3 9 4 12  0.72 0.20 0.97
4 10 4 12 13  0.72 0.20 0.97
3 13 11 15  0.31 0.85 0.75
3 9 12 14   0.31 0.85 0.75
4 13 12 14 15  0.31 0.85 0.75
3 9 14 17  0.72 0.20 0.97
3 15 11 16  0.72 0.20 0.97
4 9 11 16 17  0.72 0.20 0.97
3 15 16 19  0.31 0.85 0.75
3 17 14 18   0.31 0.85 0.75
4 15 14 18 19  0.31 0.85 0.75
3 18 19 21  0.72 0.20 0.97
3 16 17 20  0.72 0.20 0.97
4 18 17 20 21  0.72 0.20 0.97
3 21 19 23  0.31 0.85 0.75
3 16 20 22   0.31 0.85 0.75
4 21 20 22 23  0.31 0.85 0.75
3 19 16 25  0.72 0.20 0.97
3 22 23 24  0.72 0.20 0.97
4 19 23 24 25  0.72 0.20 0.97
3 25 16 27  0.31 0.85 0.75
3 22 24 26   0.31 0.85 0.75
4 25 24 26 27  0.31 0.85 0.75
3 26 27 29  0.72 0.20 0.97
3 16 22 28  0.72 0.20 0.97
4 26 22 28 29  0.72 0.20 0.97
3 28 29 31  0.31 0.85 0.75
3 27 16 30   0.31 0.85 0.75
4 28 16 30 31  0.31 0.85 0.75
3 31 29 33  0.72 0.20 0.97
3 27 30 32  0.72 0.20 0.97
4 31 30 32 33  0.72 0.20 0.97
3 29 27 35  0.31 0.85 0.75
3 32 33 34   0.31 0.85 0.75
4 29 33 34 35  0.31 0.85 0.75
3 27 32 37  0.72 0.20 0.97
3 34 35 36  0.72 0.20 0.97
4 27 35 36 37  0.72 0.20 0.97
3 37 32 39  0.31 0.85 0.75
3 34 36 38   0.31 0.85 0.75
4 37 36 38 39  0.31 0.85 0.75
3 38 39 41  0.72 0.20 0.97
3 32 34 40  0.72 0.20 0.97
4 38 34 40 41  0.72 0.20 0.97
3 40 41 43  0.31 0.85 0.75
3 39 32 42   0.31 0.85 0.75
4 40 32 42 43  0.31 0.85 0.75
3 43 41 45  0.72 0.20 0.97
3 39 42 44  0.72 0.20 0.97
4 43 42 44 45  0.72 0.20 0.97
3 41 39 47  0.31 0.85 0.75
3 44 45 46   0.31 0.85 0.75
4 41 45 46 47  0.31 0.85 0.75
3 47 39 49  0.72 0.20 0.97
3 44 46 48  0.72 0.20 0.97
4 47 46 48 49  0.72 0.20 0.97
3 48 49 51  0.31 0.85 0.75
3 39 44 50   0.31 0.85 0.75
4 48 44 50 51  0.31 0.85 0.75



