OFF
52 73 124
-0.3 -0.3 -0.3
0.3 -0.3 -0.3
0.3 0.3 -0.3
-0.3 0.3 -0.3
0.3 0.3 0.3
0.3 -0.3 0.3
0.9 -0.3 0.3
0.9 0.3 0.3
0.9 -0.3 0.9
0.3 -0.3 0.9
0.3 -0.9 0.3
0.3 -0.9 0.9
-0.3 -0.3 0.3
-0.3 -0.3 0.9
-0.3 0.3 0.3
0.3 0.3 0.3
-0.3 0.3 -0.3
-0.3 -0.3 -0.3
-0.9 0.3 -0.3
-0.9 0.3 0.3
-0.3 0.9 -0.3
-0.3 0.9 0.3
0.3 0.3 0.3
0.3 0.9 0.3
0.3 0.3 0.9
-0.3 0.3 0.9
-0.3 -0.3 0.9
0.3 -0.3 0.9
-0.3 -0.3 1.5
-0.3 0.3 1.5
-0.9 0.3 0.9
-0.9 0.3 1.5
-0.3 0.9 0.9
-0.3 0.9 1.5
0.3 0.9 0.9
0.3 0.3 0.9
0.3 0.9 0.3
-0.3 0.9 0.3
0.3 1.5 0.3
0.3 1.5 0.9
0.9 0.9 0.3
0.9 0.9 0.9
0.9 0.3 0.3
0.3 0.3 0.3
0.3 0.9 -0.3
0.3 0.3 -0.3
-0.3 0.3 -0.3
-0.3 0.9 -0.3
-0.3 0.3 -0.9
0.3 0.3 -0.9
-0.3 -0.3 -0.3
0.3 -0.3 -0.3
4 0 1 2 3  0.72 0.20 0.97
3 0 1 5  0.72 0.20 0.97
3 2 3 4  0.72 0.20 0.97
4 0 3 4 5  0.72 0.20 0.97
3 2 4 7  0.31 0.85 0.75
3 5 1 6   0.31 0.85 0.75
4 2 1 6 7  0.31 0.85 0.75
3 4 5 9  0.72 0.20 0.97
3 6 7 8  0.72 0.20 0.97
4 4 7 8 9  0.72 0.20 0.97
3 8 9 11  0.31 0.85 0.75
3 5 6 10   0.31 0.85 0.75
4 8 6 10 11  0.31 0.85 0.75
3 11 9 13  0.72 0.20 0.97
3 5 10 12  0.72 0.20 0.97
4 11 10 12 13  0.72 0.20 0.97
3 9 5 15  0.31 0.85 0.75
3 12 13 14   0.31 0.85 0.75
4 9 13 14 15  0.31 0.85 0.75
3 5 12 17  0.72 0.20 0.97
3 14 15 16  0.72 0.20 0.97
4 5 15 16 17  0.72 0.20 0.97
3 12 14 19  0.31 0.85 0.75
3 16 17 18   0.31 0.85 0.75
4 12 17 18 19  0.31 0.85 0.75
3 19 14 21  0.72 0.20 0.97
3 16 18 20  0.72 0.20 0.97
4 19 18 20 21  0.72 0.20 0.97
3 20 21 23  0.31 0.85 0.75
3 14 16 22   0.31 0.85 0.75
4 20 16 22 23  0.31 0.85 0.75
3 21 14 25  0.72 0.20 0.97
3 22 23 24  0.72 0.20 0.97
4 21 23 24 25  0.72 0.20 0.97
3 22 24 27  0.31 0.85 0.75
3 25 14 26   0.31 0.85 0.75
4 22 14 26 27  0.31 0.85 0.75
3 24 25 29  0.72 0.20 0.97
3 26 27 28  0.72 0.20 0.97
4 24 27 28 29  0.72 0.20 0.97
3 28 29 31  0.31 0.85 0.75
3 25 26 30   0.31 0.85 0.75
4 28 26 30 31  0.31 0.85 0.75
3 31 29 33  0.72 0.20 0.97
3 25 30 32  0.72 0.20 0.97
4 31 30 32 33  0.72 0.20 0.97
3 29 25 35  0.31 0.85 0.75
3 32 33 34   0.31 0.85 0.75
4 29 33 34 35  0.31 0.85 0.75
3 25 32 37  0.72 0.20 0.97
3 34 35 36  0.72 0.20 0.97
4 25 35 36 37  0.72 0.20 0.97
3 32 34 39  0.31 0.85 0.75
3 36 37 38   0.31 0.85 0.75
4 32 37 38 39  0.31 0.85 0.75
3 39 34 41  0.72 0.20 0.97
3 36 38 40  0.72 0.20 0.97
4 39 38 40 41  0.72 0.20 0.97
3 34 36 43  0.31 0.85 0.75
3 40 41 42   0.31 0.85 0.75
4 34 41 42 43  0.31 0.85 0.75
3 42 43 45  0.72 0.20 0.97
3 36 40 44  0.72 0.20 0.97
4 42 40 44 45  0.72 0.20 0.97
3 36 44 47  0.31 0.85 0.75
3 45 43 46   0.31 0.85 0.75
4 36 43 46 47  0.31 0.85 0.75
3 44 45 49  0.72 0.20 0.97
3 46 47 48  0.72 0.20 0.97
4 44 47 48 49  0.72 0.20 0.97
3 49 45 51  0.31 0.85 0.75
3 46 48 50   0.31 0.85 0.75
4 49 48 50 51  0.31 0.85 0.75



