OFF
52 73 124
-0.3 -0.3 -0.3
0.3 -0.3 -0.3
0.3 0.3 -0.3
-0.3 0.3 -0.3
0.3 0.3 0.3
0.3 -0.3 0.3
0.9 0.3 0.3
0.9 0.3 -0.3
0.9 0.9 -0.3
0.9 0.9 0.3
1.5 0.3 -0.3
1.5 0.3 0.3
0.9 -0.3 -0.3
0.9 -0.3 0.3
0.3 -0.3 0.3
0.3 -0.3 -0.3
0.9 -0.9 -0.3
0.3 -0.9 -0.3
0.9 -0.9 -0.9
0.9 -0.3 -0.9
1.5 -0.9 -0.3
1.5 -0.3 -0.3
0.9 -0.3 0.3
1.5 -0.3 0.3
1.5 0.3 -0.3
1.5 0.3 0.3
2.1 0.3 -0.3
2.1 -0.3 -0.3
2.1 0.3 -0.9
1.5 0.3 -0.9
2.1 0.9 -0.3
1.5 0.9 -0.3
1.5 0.3 0.3
1.5 0.9 0.3
0.9 0.9 -0.3
0.9 0.9 0.3
0.9 1.5 -0.3
1.5 1.5 -0.3
0.9 1.5 -0.9
0.9 0.9 -0.9
0.3 1.5 -0.3
0.3 0.9 -0.3
0.9 0.9 0.3
0.3 0.9 0.3
0.3 0.3 -0.3
0.3 0.3 0.3
-0.3 0.3 -0.3
-0.3 0.9 -0.3
-0.3 0.3 -0.9
0.3 0.3 -0.9
-0.3 -0.3 -0.3
0.3 -0.3 -0.3
4 0 1 2 3  0.72 0.20 0.97
3 0 1 5  0.72 0.20 0.97
3 2 3 4  0.72 0.20 0.97
4 0 3 4 5  0.72 0.20 0.97
3 1 2 7  0.31 0.85 0.75
3 4 5 6   0.31 0.85 0.75
4 1 5 6 7  0.31 0.85 0.75
3 4 6 9  0.72 0.20 0.97
3 7 2 8  0.72 0.20 0.97
4 4 2 8 9  0.72 0.20 0.97
3 9 6 11  0.31 0.85 0.75
3 7 8 10   0.31 0.85 0.75
4 9 8 10 11  0.31 0.85 0.75
3 11 6 13  0.72 0.20 0.97
3 7 10 12  0.72 0.20 0.97
4 11 10 12 13  0.72 0.20 0.97
3 7 12 15  0.31 0.85 0.75
3 13 6 14   0.31 0.85 0.75
4 7 6 14 15  0.31 0.85 0.75
3 14 15 17  0.72 0.20 0.97
3 12 13 16  0.72 0.20 0.97
4 14 13 16 17  0.72 0.20 0.97
3 15 12 19  0.31 0.85 0.75
3 16 17 18   0.31 0.85 0.75
4 15 17 18 19  0.31 0.85 0.75
3 19 12 21  0.72 0.20 0.97
3 16 18 20  0.72 0.20 0.97
4 19 18 20 21  0.72 0.20 0.97
3 20 21 23  0.31 0.85 0.75
3 12 16 22   0.31 0.85 0.75
4 20 16 22 23  0.31 0.85 0.75
3 22 23 25  0.72 0.20 0.97
3 21 12 24  0.72 0.20 0.97
4 22 12 24 25  0.72 0.20 0.97
3 23 21 27  0.31 0.85 0.75
3 24 25 26   0.31 0.85 0.75
4 23 25 26 27  0.31 0.85 0.75
3 21 24 29  0.72 0.20 0.97
3 26 27 28  0.72 0.20 0.97
4 21 27 28 29  0.72 0.20 0.97
3 29 24 31  0.31 0.85 0.75
3 26 28 30   0.31 0.85 0.75
4 29 28 30 31  0.31 0.85 0.75
3 30 31 33  0.72 0.20 0.97
3 24 26 32  0.72 0.20 0.97
4 30 26 32 33  0.72 0.20 0.97
3 32 33 35  0.31 0.85 0.75
3 31 24 34   0.31 0.85 0.75
4 32 24 34 35  0.31 0.85 0.75
3 33 31 37  0.72 0.20 0.97
3 34 35 36  0.72 0.20 0.97
4 33 35 36 37  0.72 0.20 0.97
3 31 34 39  0.31 0.85 0.75
3 36 37 38   0.31 0.85 0.75
4 31 37 38 39  0.31 0.85 0.75
3 39 34 41  0.72 0.20 0.97
3 36 38 40  0.72 0.20 0.97
4 39 38 40 41  0.72 0.20 0.97
3 40 41 43  0.31 0.85 0.75
3 34 36 42   0.31 0.85 0.75
4 40 36 42 43  0.31 0.85 0.75
3 42 43 45  0.72 0.20 0.97
3 41 34 44  0.72 0.20 0.97
4 42 34 44 45  0.72 0.20 0.97
3 43 41 47  0.31 0.85 0.75
3 44 45 46   0.31 0.85 0.75
4 43 45 46 47  0.31 0.85 0.75
3 41 44 49  0.72 0.20 0.97
3 46 47 48  0.72 0.20 0.97
4 41 47 48 49  0.72 0.20 0.97
3 49 44 51  0.31 0.85 0.75
3 46 48 50   0.31 0.85 0.75
4 49 48 50 51  0.31 0.85 0.75



