OFF
52 73 124
-0.2 -0.2 -0.2
0.2 -0.2 -0.2
0.2 0.2 -0.2
-0.2 0.2 -0.2
0.2 0.2 0.2
0.2 -0.2 0.2
0.6 -0.2 0.2
0.6 0.2 0.2
0.6 0.2 0.6
0.6 -0.2 0.6
1 -0.2 0.6
1 0.2 0.6
1 0.2 1
1 -0.2 1
1.4 -0.2 1
1.4 0.2 1
1.4 0.2 1.4
1.4 -0.2 1.4
1.8 0.2 1.4
1.8 0.2 1
1.8 0.6 1.4
1.4 0.6 1.4
1.4 0.2 1.8
1.4 0.6 1.8
1 0.2 1.8
1 0.2 1.4
1.4 -0.2 1.4
1 -0.2 1.4
1 0.2 1
1 -0.2 1
0.5999999 -0.2 1
0.5999999 0.2 1
0.5999999 0.2 0.6
0.5999999 -0.2 0.6
0.1999998 -0.2 0.6
0.1999998 0.2 0.6
0.1999998 0.2 0.2
0.1999998 -0.2 0.2
-0.2000003 -0.2 0.2
-0.2000003 0.2 0.2
-0.2000003 0.2 -0.1999999
-0.2000003 -0.2 -0.1999999
-0.6000004 0.2 -0.1999999
-0.6000004 0.2 0.2
-0.6000004 0.6 -0.1999999
-0.2000003 0.6 -0.1999999
-0.2000003 0.2 -0.5999999
-0.2000003 0.6 -0.5999999
0.1999998 0.2 -0.5999999
0.1999998 0.2 -0.1999999
-0.2000003 -0.2 -0.1999999
0.1999998 -0.2 -0.1999999
4 0 1 2 3 0.72 0.20 0.97
3 0 1 5 0.72 0.20 0.97
3 2 3 4 0.72 0.20 0.97
4 0 3 4 5 0.72 0.20 0.97
3 2 4 7  0.31 0.85 0.75
3 5 1 6  0.31 0.85 0.75
4 2 1 6 7  0.31 0.85 0.75
3 5 6 9  0.72 0.20 0.97
3 7 4 8  0.72 0.20 0.97
4 5 4 8 9  0.72 0.20 0.97
3 7 8 11  0.31 0.85 0.75
3 9 6 10  0.31 0.85 0.75
4 7 6 10 11  0.31 0.85 0.75
3 9 10 13  0.72 0.20 0.97
3 11 8 12  0.72 0.20 0.97
4 9 8 12 13  0.72 0.20 0.97
3 11 12 15  0.31 0.85 0.75
3 13 10 14  0.31 0.85 0.75
4 11 10 14 15  0.31 0.85 0.75
3 13 14 17  0.72 0.20 0.97
3 15 12 16  0.72 0.20 0.97
4 13 12 16 17  0.72 0.20 0.97
3 14 15 19  0.31 0.85 0.75
3 16 17 18  0.31 0.85 0.75
4 14 17 18 19  0.31 0.85 0.75
3 15 16 21  0.72 0.20 0.97
3 18 19 20  0.72 0.20 0.97
4 15 19 20 21  0.72 0.20 0.97
3 20 21 23  0.31 0.85 0.75
3 16 18 22  0.31 0.85 0.75
4 20 18 22 23  0.31 0.85 0.75
3 21 16 25  0.72 0.20 0.97
3 22 23 24  0.72 0.20 0.97
4 21 23 24 25  0.72 0.20 0.97
3 24 25 27  0.31 0.85 0.75
3 16 22 26  0.31 0.85 0.75
4 24 22 26 27  0.31 0.85 0.75
3 26 27 29  0.72 0.20 0.97
3 25 16 28  0.72 0.20 0.97
4 26 16 28 29  0.72 0.20 0.97
3 25 28 31  0.31 0.85 0.75
3 29 27 30  0.31 0.85 0.75
4 25 27 30 31  0.31 0.85 0.75
3 29 30 33  0.72 0.20 0.97
3 31 28 32  0.72 0.20 0.97
4 29 28 32 33  0.72 0.20 0.97
3 31 32 35  0.31 0.85 0.75
3 33 30 34  0.31 0.85 0.75
4 31 30 34 35  0.31 0.85 0.75
3 33 34 37  0.72 0.20 0.97
3 35 32 36  0.72 0.20 0.97
4 33 32 36 37  0.72 0.20 0.97
3 35 36 39  0.31 0.85 0.75
3 37 34 38  0.31 0.85 0.75
4 35 34 38 39  0.31 0.85 0.75
3 37 38 41  0.72 0.20 0.97
3 39 36 40  0.72 0.20 0.97
4 37 36 40 41  0.72 0.20 0.97
3 38 39 43  0.31 0.85 0.75
3 40 41 42  0.31 0.85 0.75
4 38 41 42 43  0.31 0.85 0.75
3 39 40 45  0.72 0.20 0.97
3 42 43 44  0.72 0.20 0.97
4 39 43 44 45  0.72 0.20 0.97
3 44 45 47  0.31 0.85 0.75
3 40 42 46  0.31 0.85 0.75
4 44 42 46 47  0.31 0.85 0.75
3 45 40 49  0.72 0.20 0.97
3 46 47 48  0.72 0.20 0.97
4 45 47 48 49  0.72 0.20 0.97
3 48 49 51  0.31 0.85 0.75
3 40 46 50  0.31 0.85 0.75
4 48 46 50 51  0.31 0.85 0.75
 
 
 
