OFF
52 73 124
-0.4 -0.4 -0.4
0.4 -0.4 -0.4
0.4 0.4 -0.4
-0.4 0.4 -0.4
0.4 0.4 0.4
0.4 -0.4 0.4
1.2 0.4 0.4
1.2 0.4 -0.4
1.2 1.2 -0.4
1.2 1.2 0.4
2 1.2 0.4
2 1.2 -0.4
2 2 0.4
1.2 2 0.4
1.2 1.2 1.2
1.2 2 1.2
0.4 2 1.2
0.4 1.2 1.2
0.4 1.2 2
0.4 2 2
-0.4 1.2 2
-0.4 1.2 1.2
0.4 0.4 1.2
-0.4 0.4 1.2
-0.4 0.4 0.4
0.4 0.4 0.4
0.4 -0.4 0.4
-0.4 -0.4 0.4
-0.4 0.4 -0.4
-0.4 -0.4 -0.4
-1.2 0.4 -0.4
-1.2 0.4 0.4
-1.2 1.2 0.4
-1.2 1.2 -0.4
-2 1.2 -0.4
-2 1.2 0.4
-2 2 -0.4
-1.2 2 -0.4
-1.2 1.2 -1.2
-1.2 2 -1.2
-0.4 2 -1.2
-0.4 1.2 -1.2
-0.4 1.2 -2
-0.4 2 -2
0.4 1.2 -2
0.4 1.2 -1.2
-0.4 0.4 -1.2
0.4 0.4 -1.2
0.4 0.4 -0.4
-0.4 0.4 -0.4
-0.4 -0.4 -0.4
0.4 -0.4 -0.4
4 0 1 2 3  0.72 0.20 0.97
3 0 1 5  0.72 0.20 0.97
3 2 3 4  0.72 0.20 0.97
4 0 3 4 5  0.72 0.20 0.97
3 1 2 7  0.31 0.85 0.75
3 4 5 6   0.31 0.85 0.75
4 1 5 6 7  0.31 0.85 0.75
3 4 6 9  0.72 0.20 0.97
3 7 2 8  0.72 0.20 0.97
4 4 2 8 9  0.72 0.20 0.97
3 7 8 11  0.31 0.85 0.75
3 9 6 10   0.31 0.85 0.75
4 7 6 10 11  0.31 0.85 0.75
3 8 9 13  0.72 0.20 0.97
3 10 11 12  0.72 0.20 0.97
4 8 11 12 13  0.72 0.20 0.97
3 12 13 15  0.31 0.85 0.75
3 9 10 14   0.31 0.85 0.75
4 12 10 14 15  0.31 0.85 0.75
3 9 14 17  0.72 0.20 0.97
3 15 13 16  0.72 0.20 0.97
4 9 13 16 17  0.72 0.20 0.97
3 15 16 19  0.31 0.85 0.75
3 17 14 18   0.31 0.85 0.75
4 15 14 18 19  0.31 0.85 0.75
3 16 17 21  0.72 0.20 0.97
3 18 19 20  0.72 0.20 0.97
4 16 19 20 21  0.72 0.20 0.97
3 20 21 23  0.31 0.85 0.75
3 17 18 22   0.31 0.85 0.75
4 20 18 22 23  0.31 0.85 0.75
3 17 22 25  0.72 0.20 0.97
3 23 21 24  0.72 0.20 0.97
4 17 21 24 25  0.72 0.20 0.97
3 23 24 27  0.31 0.85 0.75
3 25 22 26   0.31 0.85 0.75
4 23 22 26 27  0.31 0.85 0.75
3 26 27 29  0.72 0.20 0.97
3 24 25 28  0.72 0.20 0.97
4 26 25 28 29  0.72 0.20 0.97
3 27 24 31  0.31 0.85 0.75
3 28 29 30   0.31 0.85 0.75
4 27 29 30 31  0.31 0.85 0.75
3 28 30 33  0.72 0.20 0.97
3 31 24 32  0.72 0.20 0.97
4 28 24 32 33  0.72 0.20 0.97
3 31 32 35  0.31 0.85 0.75
3 33 30 34   0.31 0.85 0.75
4 31 30 34 35  0.31 0.85 0.75
3 32 33 37  0.72 0.20 0.97
3 34 35 36  0.72 0.20 0.97
4 32 35 36 37  0.72 0.20 0.97
3 36 37 39  0.31 0.85 0.75
3 33 34 38   0.31 0.85 0.75
4 36 34 38 39  0.31 0.85 0.75
3 33 38 41  0.72 0.20 0.97
3 39 37 40  0.72 0.20 0.97
4 33 37 40 41  0.72 0.20 0.97
3 39 40 43  0.31 0.85 0.75
3 41 38 42   0.31 0.85 0.75
4 39 38 42 43  0.31 0.85 0.75
3 40 41 45  0.72 0.20 0.97
3 42 43 44  0.72 0.20 0.97
4 40 43 44 45  0.72 0.20 0.97
3 44 45 47  0.31 0.85 0.75
3 41 42 46   0.31 0.85 0.75
4 44 42 46 47  0.31 0.85 0.75
3 41 46 49  0.72 0.20 0.97
3 47 45 48  0.72 0.20 0.97
4 41 45 48 49  0.72 0.20 0.97
3 47 48 51  0.31 0.85 0.75
3 49 46 50   0.31 0.85 0.75
4 47 46 50 51  0.31 0.85 0.75



