OFF
52 73 124
-0.3 -0.3 -0.3
0.3 -0.3 -0.3
0.3 0.3 -0.3
-0.3 0.3 -0.3
0.3 0.3 0.3
0.3 -0.3 0.3
0.9 0.3 0.3
0.9 0.3 -0.3
0.3 0.9 -0.3
0.9 0.9 -0.3
0.9 0.9 -0.9
0.3 0.9 -0.9
0.9 1.5 -0.9
0.9 1.5 -0.3
1.5 0.9 -0.3
1.5 1.5 -0.3
0.9 0.9 0.3
0.9 1.5 0.3
0.3 1.5 -0.3
0.3 1.5 0.3
0.9 2.1 0.3
0.3 2.1 0.3
0.9 1.5 0.9
0.3 1.5 0.9
0.3 0.9 0.3
0.3 0.9 0.9
-0.3 0.9 0.3
-0.3 1.5 0.3
-0.3 0.9 -0.3
0.3 0.9 -0.3
-0.3 0.3 -0.3
-0.3 0.3 0.3
-0.9 0.9 0.3
-0.9 0.3 0.3
-0.3 0.3 0.9
-0.9 0.3 0.9
-0.9 -0.3 0.3
-0.9 -0.3 0.9
-1.5 -0.3 0.3
-1.5 0.3 0.3
-0.9 -0.3 -0.3
-0.9 0.3 -0.3
-0.3 -0.3 -0.3
-0.3 -0.3 0.3
-0.3 -0.9 -0.3
-0.9 -0.9 -0.3
-0.3 -0.3 -0.9
-0.9 -0.3 -0.9
-0.3 0.3 -0.9
-0.3 0.3 -0.3
0.3 -0.3 -0.3
0.3 0.3 -0.3
4 0 1 2 3  0.72 0.20 0.97
3 0 1 5  0.72 0.20 0.97
3 2 3 4  0.72 0.20 0.97
4 0 3 4 5  0.72 0.20 0.97
3 1 2 7  0.31 0.85 0.75
3 4 5 6   0.31 0.85 0.75
4 1 5 6 7  0.31 0.85 0.75
3 6 7 9  0.72 0.20 0.97
3 2 4 8  0.72 0.20 0.97
4 6 4 8 9  0.72 0.20 0.97
3 2 8 11  0.31 0.85 0.75
3 9 7 10   0.31 0.85 0.75
4 2 7 10 11  0.31 0.85 0.75
3 8 9 13  0.72 0.20 0.97
3 10 11 12  0.72 0.20 0.97
4 8 11 12 13  0.72 0.20 0.97
3 12 13 15  0.31 0.85 0.75
3 9 10 14   0.31 0.85 0.75
4 12 10 14 15  0.31 0.85 0.75
3 15 13 17  0.72 0.20 0.97
3 9 14 16  0.72 0.20 0.97
4 15 14 16 17  0.72 0.20 0.97
3 16 17 19  0.31 0.85 0.75
3 13 9 18   0.31 0.85 0.75
4 16 9 18 19  0.31 0.85 0.75
3 18 19 21  0.72 0.20 0.97
3 17 13 20  0.72 0.20 0.97
4 18 13 20 21  0.72 0.20 0.97
3 21 19 23  0.31 0.85 0.75
3 17 20 22   0.31 0.85 0.75
4 21 20 22 23  0.31 0.85 0.75
3 22 23 25  0.72 0.20 0.97
3 19 17 24  0.72 0.20 0.97
4 22 17 24 25  0.72 0.20 0.97
3 23 19 27  0.31 0.85 0.75
3 24 25 26   0.31 0.85 0.75
4 23 25 26 27  0.31 0.85 0.75
3 19 24 29  0.72 0.20 0.97
3 26 27 28  0.72 0.20 0.97
4 19 27 28 29  0.72 0.20 0.97
3 24 26 31  0.31 0.85 0.75
3 28 29 30   0.31 0.85 0.75
4 24 29 30 31  0.31 0.85 0.75
3 30 31 33  0.72 0.20 0.97
3 26 28 32  0.72 0.20 0.97
4 30 28 32 33  0.72 0.20 0.97
3 32 33 35  0.31 0.85 0.75
3 31 26 34   0.31 0.85 0.75
4 32 26 34 35  0.31 0.85 0.75
3 34 35 37  0.72 0.20 0.97
3 33 31 36  0.72 0.20 0.97
4 34 31 36 37  0.72 0.20 0.97
3 35 33 39  0.31 0.85 0.75
3 36 37 38   0.31 0.85 0.75
4 35 37 38 39  0.31 0.85 0.75
3 39 33 41  0.72 0.20 0.97
3 36 38 40  0.72 0.20 0.97
4 39 38 40 41  0.72 0.20 0.97
3 33 36 43  0.31 0.85 0.75
3 40 41 42   0.31 0.85 0.75
4 33 41 42 43  0.31 0.85 0.75
3 36 40 45  0.72 0.20 0.97
3 42 43 44  0.72 0.20 0.97
4 36 43 44 45  0.72 0.20 0.97
3 45 40 47  0.31 0.85 0.75
3 42 44 46   0.31 0.85 0.75
4 45 44 46 47  0.31 0.85 0.75
3 40 42 49  0.72 0.20 0.97
3 46 47 48  0.72 0.20 0.97
4 40 47 48 49  0.72 0.20 0.97
3 48 49 51  0.31 0.85 0.75
3 42 46 50   0.31 0.85 0.75
4 48 46 50 51  0.31 0.85 0.75



