OFF
52 73 124
-0.3 -0.3 -0.3
0.3 -0.3 -0.3
0.3 0.3 -0.3
-0.3 0.3 -0.3
0.3 0.3 0.3
0.3 -0.3 0.3
0.9 0.3 0.3
0.9 0.3 -0.3
0.9 0.9 -0.3
0.9 0.9 0.3
1.5 0.3 0.3
1.5 0.9 0.3
1.5 0.3 0.9
0.9 0.3 0.9
0.9 -0.3 0.9
1.5 -0.3 0.9
1.5 0.3 1.5
1.5 -0.3 1.5
2.1 0.3 0.9
2.1 -0.3 0.9
2.1 0.3 0.3
1.5 0.3 0.3
1.5 0.9 0.3
2.1 0.9 0.3
1.5 0.9 -0.3
1.5 0.3 -0.3
0.9 0.3 -0.3
0.9 0.9 -0.3
1.5 0.3 -0.9
1.5 0.9 -0.9
2.1 0.9 -0.9
2.1 0.3 -0.9
1.5 0.3 -1.5
2.1 0.3 -1.5
2.1 -0.3 -1.5
1.5 -0.3 -1.5
1.5 0.3 -2.1
1.5 -0.3 -2.1
0.9 0.3 -1.5
0.9 -0.3 -1.5
0.9 0.3 -0.9
1.5 0.3 -0.9
1.5 0.9 -0.9
0.9 0.9 -0.9
0.9 0.3 -0.3
0.9 0.9 -0.3
0.3 0.3 -0.3
0.3 0.3 -0.9
0.3 -0.3 -0.9
0.3 -0.3 -0.3
-0.3 0.3 -0.3
-0.3 -0.3 -0.3
4 0 1 2 3  0.72 0.20 0.97
3 0 1 5  0.72 0.20 0.97
3 2 3 4  0.72 0.20 0.97
4 0 3 4 5  0.72 0.20 0.97
3 1 2 7  0.31 0.85 0.75
3 4 5 6   0.31 0.85 0.75
4 1 5 6 7  0.31 0.85 0.75
3 4 6 9  0.72 0.20 0.97
3 7 2 8  0.72 0.20 0.97
4 4 2 8 9  0.72 0.20 0.97
3 8 9 11  0.31 0.85 0.75
3 6 7 10   0.31 0.85 0.75
4 8 7 10 11  0.31 0.85 0.75
3 9 6 13  0.72 0.20 0.97
3 10 11 12  0.72 0.20 0.97
4 9 11 12 13  0.72 0.20 0.97
3 10 12 15  0.31 0.85 0.75
3 13 6 14   0.31 0.85 0.75
4 10 6 14 15  0.31 0.85 0.75
3 14 15 17  0.72 0.20 0.97
3 12 13 16  0.72 0.20 0.97
4 14 13 16 17  0.72 0.20 0.97
3 17 15 19  0.31 0.85 0.75
3 12 16 18   0.31 0.85 0.75
4 17 16 18 19  0.31 0.85 0.75
3 15 12 21  0.72 0.20 0.97
3 18 19 20  0.72 0.20 0.97
4 15 19 20 21  0.72 0.20 0.97
3 18 20 23  0.31 0.85 0.75
3 21 12 22   0.31 0.85 0.75
4 18 12 22 23  0.31 0.85 0.75
3 20 21 25  0.72 0.20 0.97
3 22 23 24  0.72 0.20 0.97
4 20 23 24 25  0.72 0.20 0.97
3 22 24 27  0.31 0.85 0.75
3 25 21 26   0.31 0.85 0.75
4 22 21 26 27  0.31 0.85 0.75
3 27 24 29  0.72 0.20 0.97
3 25 26 28  0.72 0.20 0.97
4 27 26 28 29  0.72 0.20 0.97
3 25 28 31  0.31 0.85 0.75
3 29 24 30   0.31 0.85 0.75
4 25 24 30 31  0.31 0.85 0.75
3 30 31 33  0.72 0.20 0.97
3 28 29 32  0.72 0.20 0.97
4 30 29 32 33  0.72 0.20 0.97
3 28 32 35  0.31 0.85 0.75
3 33 31 34   0.31 0.85 0.75
4 28 31 34 35  0.31 0.85 0.75
3 34 35 37  0.72 0.20 0.97
3 32 33 36  0.72 0.20 0.97
4 34 33 36 37  0.72 0.20 0.97
3 37 35 39  0.31 0.85 0.75
3 32 36 38   0.31 0.85 0.75
4 37 36 38 39  0.31 0.85 0.75
3 35 32 41  0.72 0.20 0.97
3 38 39 40  0.72 0.20 0.97
4 35 39 40 41  0.72 0.20 0.97
3 38 40 43  0.31 0.85 0.75
3 41 32 42   0.31 0.85 0.75
4 38 32 42 43  0.31 0.85 0.75
3 42 43 45  0.72 0.20 0.97
3 40 41 44  0.72 0.20 0.97
4 42 41 44 45  0.72 0.20 0.97
3 43 40 47  0.31 0.85 0.75
3 44 45 46   0.31 0.85 0.75
4 43 45 46 47  0.31 0.85 0.75
3 44 46 49  0.72 0.20 0.97
3 47 40 48  0.72 0.20 0.97
4 44 40 48 49  0.72 0.20 0.97
3 48 49 51  0.31 0.85 0.75
3 46 47 50   0.31 0.85 0.75
4 48 47 50 51  0.31 0.85 0.75



