OFF
52 73 124
-0.3 -0.3 -0.3
0.3 -0.3 -0.3
0.3 0.3 -0.3
-0.3 0.3 -0.3
0.3 0.3 0.3
0.3 -0.3 0.3
0.9 0.3 0.3
0.9 0.3 -0.3
0.9 0.9 -0.3
0.9 0.9 0.3
1.5 0.9 0.3
1.5 0.9 -0.3
1.5 1.5 0.3
0.9 1.5 0.3
1.5 0.9 0.9
0.9 0.9 0.9
0.9 0.3 0.3
0.9 0.3 0.9
0.3 0.9 0.3
0.3 0.9 0.9
0.3 1.5 0.3
0.9 1.5 0.3
0.3 0.9 -0.3
0.9 0.9 -0.3
0.3 0.3 -0.3
0.3 0.3 0.3
-0.3 0.3 -0.3
-0.3 0.9 -0.3
0.3 0.3 -0.9
0.3 0.9 -0.9
0.9 0.9 -0.3
0.9 0.9 -0.9
0.3 1.5 -0.9
0.9 1.5 -0.9
0.3 0.9 -1.5
0.9 0.9 -1.5
0.9 0.3 -0.9
0.9 0.3 -1.5
1.5 0.9 -0.9
1.5 0.9 -1.5
1.5 1.5 -0.9
0.9 1.5 -0.9
1.5 0.9 -0.3
0.9 0.9 -0.3
0.9 0.3 -0.9
0.9 0.3 -0.3
0.3 0.3 -0.3
0.3 0.3 -0.9
0.3 -0.3 -0.9
0.3 -0.3 -0.3
-0.3 0.3 -0.3
-0.3 -0.3 -0.3
4 0 1 2 3  0.72 0.20 0.97
3 0 1 5  0.72 0.20 0.97
3 2 3 4  0.72 0.20 0.97
4 0 3 4 5  0.72 0.20 0.97
3 1 2 7  0.31 0.85 0.75
3 4 5 6   0.31 0.85 0.75
4 1 5 6 7  0.31 0.85 0.75
3 4 6 9  0.72 0.20 0.97
3 7 2 8  0.72 0.20 0.97
4 4 2 8 9  0.72 0.20 0.97
3 7 8 11  0.31 0.85 0.75
3 9 6 10   0.31 0.85 0.75
4 7 6 10 11  0.31 0.85 0.75
3 8 9 13  0.72 0.20 0.97
3 10 11 12  0.72 0.20 0.97
4 8 11 12 13  0.72 0.20 0.97
3 13 9 15  0.31 0.85 0.75
3 10 12 14   0.31 0.85 0.75
4 13 12 14 15  0.31 0.85 0.75
3 14 15 17  0.72 0.20 0.97
3 9 10 16  0.72 0.20 0.97
4 14 10 16 17  0.72 0.20 0.97
3 17 15 19  0.31 0.85 0.75
3 9 16 18   0.31 0.85 0.75
4 17 16 18 19  0.31 0.85 0.75
3 15 9 21  0.72 0.20 0.97
3 18 19 20  0.72 0.20 0.97
4 15 19 20 21  0.72 0.20 0.97
3 21 9 23  0.31 0.85 0.75
3 18 20 22   0.31 0.85 0.75
4 21 20 22 23  0.31 0.85 0.75
3 9 18 25  0.72 0.20 0.97
3 22 23 24  0.72 0.20 0.97
4 9 23 24 25  0.72 0.20 0.97
3 18 22 27  0.31 0.85 0.75
3 24 25 26   0.31 0.85 0.75
4 18 25 26 27  0.31 0.85 0.75
3 27 22 29  0.72 0.20 0.97
3 24 26 28  0.72 0.20 0.97
4 27 26 28 29  0.72 0.20 0.97
3 28 29 31  0.31 0.85 0.75
3 22 24 30   0.31 0.85 0.75
4 28 24 30 31  0.31 0.85 0.75
3 30 31 33  0.72 0.20 0.97
3 29 22 32  0.72 0.20 0.97
4 30 22 32 33  0.72 0.20 0.97
3 33 31 35  0.31 0.85 0.75
3 29 32 34   0.31 0.85 0.75
4 33 32 34 35  0.31 0.85 0.75
3 34 35 37  0.72 0.20 0.97
3 31 29 36  0.72 0.20 0.97
4 34 29 36 37  0.72 0.20 0.97
3 37 35 39  0.31 0.85 0.75
3 31 36 38   0.31 0.85 0.75
4 37 36 38 39  0.31 0.85 0.75
3 35 31 41  0.72 0.20 0.97
3 38 39 40  0.72 0.20 0.97
4 35 39 40 41  0.72 0.20 0.97
3 41 31 43  0.31 0.85 0.75
3 38 40 42   0.31 0.85 0.75
4 41 40 42 43  0.31 0.85 0.75
3 42 43 45  0.72 0.20 0.97
3 31 38 44  0.72 0.20 0.97
4 42 38 44 45  0.72 0.20 0.97
3 31 44 47  0.31 0.85 0.75
3 45 43 46   0.31 0.85 0.75
4 31 43 46 47  0.31 0.85 0.75
3 45 46 49  0.72 0.20 0.97
3 47 44 48  0.72 0.20 0.97
4 45 44 48 49  0.72 0.20 0.97
3 48 49 51  0.31 0.85 0.75
3 46 47 50   0.31 0.85 0.75
4 48 47 50 51  0.31 0.85 0.75



