OFF
52 73 124
-0.3 -0.3 -0.3
0.3 -0.3 -0.3
0.3 0.3 -0.3
-0.3 0.3 -0.3
0.3 0.3 0.3
0.3 -0.3 0.3
0.9 -0.3 0.3
0.9 0.3 0.3
0.3 -0.3 0.9
0.3 0.3 0.9
-0.3 0.3 0.3
-0.3 0.3 0.9
0.3 0.9 0.9
-0.3 0.9 0.9
0.3 0.3 1.5
-0.3 0.3 1.5
-0.3 -0.3 0.9
-0.3 -0.3 1.5
-0.9 -0.3 1.5
-0.9 -0.3 0.9
-0.3 -0.9 0.9
-0.9 -0.9 0.9
-0.3 -0.9 0.3000001
-0.3 -0.3 0.3000001
0.3 -0.3 0.9
0.3 -0.3 0.3000001
-0.3 0.3 0.9
-0.3 0.3 0.3000001
-0.9 -0.3 0.3000001
-0.9 0.3 0.3000001
-0.9 -0.3 -0.2999999
-0.3 -0.3 -0.2999999
-0.9 -0.9 0.3000001
-0.3 -0.9 0.3000001
-0.9 -0.9 0.9
-0.9 -0.3 0.9
-1.5 -0.3 0.3000001
-1.5 -0.3 0.9
-1.5 0.3 0.3000001
-0.9 0.3 0.3000001
-0.9 0.3 -0.2999999
-1.5 0.3 -0.2999999
-0.9 0.9 -0.2999999
-0.9 0.9 0.3000001
-0.3000001 0.3 -0.2999999
-0.3000001 0.3 0.3000001
-0.3 -0.3 -0.2999999
-0.9 -0.3 -0.2999999
-0.3 -0.3 -0.8999999
-0.3000001 0.3 -0.8999999
0.3 -0.3 -0.2999999
0.2999999 0.3 -0.2999999
4 0 1 2 3 0.72 0.20 0.97
3 0 1 5 0.72 0.20 0.97
3 2 3 4 0.72 0.20 0.97
4 0 3 4 5 0.72 0.20 0.97
3 2 4 7  0.31 0.85 0.75
3 5 1 6  0.31 0.85 0.75
4 2 1 6 7  0.31 0.85 0.75
3 7 4 9  0.72 0.20 0.97
3 5 6 8  0.72 0.20 0.97
4 7 6 8 9  0.72 0.20 0.97
3 8 9 11  0.31 0.85 0.75
3 4 5 10  0.31 0.85 0.75
4 8 5 10 11  0.31 0.85 0.75
3 10 11 13  0.72 0.20 0.97
3 9 4 12  0.72 0.20 0.97
4 10 4 12 13  0.72 0.20 0.97
3 13 11 15  0.31 0.85 0.75
3 9 12 14  0.31 0.85 0.75
4 13 12 14 15  0.31 0.85 0.75
3 14 15 17  0.72 0.20 0.97
3 11 9 16  0.72 0.20 0.97
4 14 9 16 17  0.72 0.20 0.97
3 11 16 19  0.31 0.85 0.75
3 17 15 18  0.31 0.85 0.75
4 11 15 18 19  0.31 0.85 0.75
3 18 19 21  0.72 0.20 0.97
3 16 17 20  0.72 0.20 0.97
4 18 17 20 21  0.72 0.20 0.97
3 19 16 23  0.31 0.85 0.75
3 20 21 22  0.31 0.85 0.75
4 19 21 22 23  0.31 0.85 0.75
3 22 23 25  0.72 0.20 0.97
3 16 20 24  0.72 0.20 0.97
4 22 20 24 25  0.72 0.20 0.97
3 25 23 27  0.31 0.85 0.75
3 16 24 26  0.31 0.85 0.75
4 25 24 26 27  0.31 0.85 0.75
3 26 27 29  0.72 0.20 0.97
3 23 16 28  0.72 0.20 0.97
4 26 16 28 29  0.72 0.20 0.97
3 27 23 31  0.31 0.85 0.75
3 28 29 30  0.31 0.85 0.75
4 27 29 30 31  0.31 0.85 0.75
3 31 23 33  0.72 0.20 0.97
3 28 30 32  0.72 0.20 0.97
4 31 30 32 33  0.72 0.20 0.97
3 23 28 35  0.31 0.85 0.75
3 32 33 34  0.31 0.85 0.75
4 23 33 34 35  0.31 0.85 0.75
3 34 35 37  0.72 0.20 0.97
3 28 32 36  0.72 0.20 0.97
4 34 32 36 37  0.72 0.20 0.97
3 35 28 39  0.31 0.85 0.75
3 36 37 38  0.31 0.85 0.75
4 35 37 38 39  0.31 0.85 0.75
3 36 38 41  0.72 0.20 0.97
3 39 28 40  0.72 0.20 0.97
4 36 28 40 41  0.72 0.20 0.97
3 38 39 43  0.31 0.85 0.75
3 40 41 42  0.31 0.85 0.75
4 38 41 42 43  0.31 0.85 0.75
3 43 39 45  0.72 0.20 0.97
3 40 42 44  0.72 0.20 0.97
4 43 42 44 45  0.72 0.20 0.97
3 39 40 47  0.31 0.85 0.75
3 44 45 46  0.31 0.85 0.75
4 39 45 46 47  0.31 0.85 0.75
3 40 44 49  0.72 0.20 0.97
3 46 47 48  0.72 0.20 0.97
4 40 47 48 49  0.72 0.20 0.97
3 49 44 51  0.31 0.85 0.75
3 46 48 50  0.31 0.85 0.75
4 49 48 50 51  0.31 0.85 0.75
 
 
 
