OFF
52 73 124
-0.3 -0.3 -0.3
0.3 -0.3 -0.3
0.3 0.3 -0.3
-0.3 0.3 -0.3
0.3 0.3 0.3
0.3 -0.3 0.3
0.9 -0.3 -0.3
0.9 -0.3 0.3
0.3 -0.9 -0.3
0.3 -0.9 0.3
-0.3 -0.9 0.3
-0.3 -0.9 -0.3
0.3 -1.5 0.3
0.3 -1.5 -0.3
0.9 -0.9 -0.3
0.9 -1.5 -0.3
0.3 -1.5 -0.9
0.9 -1.5 -0.9
0.3 -2.1 -0.3
0.9 -2.1 -0.3
0.3 -2.1 0.3
0.3 -1.5 0.3
-0.3 -1.5 0.3
-0.3 -2.1 0.3
0.3 -2.1 0.9
-0.3 -2.1 0.9
-0.3 -2.7 0.3
-0.3 -2.7 0.9
-0.9 -2.1 0.3
-0.9 -2.1 0.9
-0.9 -1.5 0.3
-0.3 -1.5 0.3
-0.9 -1.5 -0.3
-0.9 -2.1 -0.3
-1.5 -2.1 -0.3
-1.5 -1.5 -0.3
-0.9 -1.5 -0.9
-1.5 -1.5 -0.9
-0.9 -0.9000001 -0.3
-1.5 -0.9000001 -0.3
-0.9 -0.9000001 0.3
-0.9 -1.5 0.3
-0.3000001 -0.9000001 0.3
-0.3000001 -0.9000001 -0.3
-0.9 -0.3000002 0.3
-0.9 -0.3000002 -0.3
-1.5 -0.3000002 -0.3
-1.5 -0.3000002 0.3
-0.9 0.2999997 -0.3
-0.9 0.2999997 0.3
-0.3000001 0.2999997 -0.3
-0.3000001 -0.3000002 -0.3
4 0 1 2 3 0.72 0.20 0.97
3 0 1 5 0.72 0.20 0.97
3 2 3 4 0.72 0.20 0.97
4 0 3 4 5 0.72 0.20 0.97
3 4 5 7  0.31 0.85 0.75
3 1 2 6  0.31 0.85 0.75
4 4 2 6 7  0.31 0.85 0.75
3 7 5 9  0.72 0.20 0.97
3 1 6 8  0.72 0.20 0.97
4 7 6 8 9  0.72 0.20 0.97
3 1 8 11  0.31 0.85 0.75
3 9 5 10  0.31 0.85 0.75
4 1 5 10 11  0.31 0.85 0.75
3 11 8 13  0.72 0.20 0.97
3 9 10 12  0.72 0.20 0.97
4 11 10 12 13  0.72 0.20 0.97
3 12 13 15  0.31 0.85 0.75
3 8 9 14  0.31 0.85 0.75
4 12 9 14 15  0.31 0.85 0.75
3 14 15 17  0.72 0.20 0.97
3 13 8 16  0.72 0.20 0.97
4 14 8 16 17  0.72 0.20 0.97
3 17 15 19  0.31 0.85 0.75
3 13 16 18  0.31 0.85 0.75
4 17 16 18 19  0.31 0.85 0.75
3 15 13 21  0.72 0.20 0.97
3 18 19 20  0.72 0.20 0.97
4 15 19 20 21  0.72 0.20 0.97
3 18 20 23  0.31 0.85 0.75
3 21 13 22  0.31 0.85 0.75
4 18 13 22 23  0.31 0.85 0.75
3 22 23 25  0.72 0.20 0.97
3 20 21 24  0.72 0.20 0.97
4 22 21 24 25  0.72 0.20 0.97
3 24 25 27  0.31 0.85 0.75
3 23 20 26  0.31 0.85 0.75
4 24 20 26 27  0.31 0.85 0.75
3 27 25 29  0.72 0.20 0.97
3 23 26 28  0.72 0.20 0.97
4 27 26 28 29  0.72 0.20 0.97
3 25 23 31  0.31 0.85 0.75
3 28 29 30  0.31 0.85 0.75
4 25 29 30 31  0.31 0.85 0.75
3 23 28 33  0.72 0.20 0.97
3 30 31 32  0.72 0.20 0.97
4 23 31 32 33  0.72 0.20 0.97
3 30 32 35  0.31 0.85 0.75
3 33 28 34  0.31 0.85 0.75
4 30 28 34 35  0.31 0.85 0.75
3 34 35 37  0.72 0.20 0.97
3 32 33 36  0.72 0.20 0.97
4 34 33 36 37  0.72 0.20 0.97
3 37 35 39  0.31 0.85 0.75
3 32 36 38  0.31 0.85 0.75
4 37 36 38 39  0.31 0.85 0.75
3 35 32 41  0.72 0.20 0.97
3 38 39 40  0.72 0.20 0.97
4 35 39 40 41  0.72 0.20 0.97
3 32 38 43  0.31 0.85 0.75
3 40 41 42  0.31 0.85 0.75
4 32 41 42 43  0.31 0.85 0.75
3 43 38 45  0.72 0.20 0.97
3 40 42 44  0.72 0.20 0.97
4 43 42 44 45  0.72 0.20 0.97
3 40 44 47  0.31 0.85 0.75
3 45 38 46  0.31 0.85 0.75
4 40 38 46 47  0.31 0.85 0.75
3 47 44 49  0.72 0.20 0.97
3 45 46 48  0.72 0.20 0.97
4 47 46 48 49  0.72 0.20 0.97
3 44 45 51  0.31 0.85 0.75
3 48 49 50  0.31 0.85 0.75
4 44 49 50 51  0.31 0.85 0.75
 
 
 
