OFF
52 73 124
-0.3 -0.3 -0.3
0.3 -0.3 -0.3
0.3 0.3 -0.3
-0.3 0.3 -0.3
0.3 0.3 0.3
0.3 -0.3 0.3
0.9 -0.3 0.3
0.9 0.3 0.3
0.3 0.3 0.9
0.9 0.3 0.9
0.9 0.9 0.3
0.9 0.9 0.9
1.5 0.9 0.3
1.5 0.3 0.3
0.9 0.3 -0.3
1.5 0.3 -0.3
0.9 -0.3 -0.3
0.9 -0.3 0.3
0.3 -0.3 -0.3
0.3 0.3 -0.3
0.9 -0.3 -0.9
0.9 0.3 -0.9
1.5 0.3 -0.3
1.5 0.3 -0.9
1.5 0.9 -0.3
0.9 0.9 -0.3
0.9 0.9 0.3
1.5 0.9 0.3
1.5 1.5 0.3
0.9 1.5 0.3
0.9 0.9 0.9
0.9 1.5 0.9
0.3 0.9 0.9
0.3 0.9 0.3
0.3 0.3 0.3
0.3 0.3 0.9
-0.3 0.3 0.9
-0.3 0.3 0.3
0.3 -0.3 0.3
-0.3 -0.3 0.3
-0.3 0.3 -0.3
-0.3 -0.3 -0.3
-0.9 -0.3 -0.3
-0.9 0.3 -0.3
-0.3 0.3 -0.9
-0.9 0.3 -0.9
-0.9 0.9 -0.9
-0.3 0.9 -0.9
-0.3 0.9 -1.5
-0.9 0.9 -1.5
-0.3 1.5 -0.9
-0.9 1.5 -0.9
4 0 1 2 3  0.72 0.20 0.97
3 0 1 5  0.72 0.20 0.97
3 2 3 4  0.72 0.20 0.97
4 0 3 4 5  0.72 0.20 0.97
3 2 4 7  0.31 0.85 0.75
3 5 1 6   0.31 0.85 0.75
4 2 1 6 7  0.31 0.85 0.75
3 6 7 9  0.72 0.20 0.97
3 4 5 8  0.72 0.20 0.97
4 6 5 8 9  0.72 0.20 0.97
3 8 9 11  0.31 0.85 0.75
3 7 4 10   0.31 0.85 0.75
4 8 4 10 11  0.31 0.85 0.75
3 9 7 13  0.72 0.20 0.97
3 10 11 12  0.72 0.20 0.97
4 9 11 12 13  0.72 0.20 0.97
3 12 13 15  0.31 0.85 0.75
3 7 10 14   0.31 0.85 0.75
4 12 10 14 15  0.31 0.85 0.75
3 13 7 17  0.72 0.20 0.97
3 14 15 16  0.72 0.20 0.97
4 13 15 16 17  0.72 0.20 0.97
3 7 14 19  0.31 0.85 0.75
3 16 17 18   0.31 0.85 0.75
4 7 17 18 19  0.31 0.85 0.75
3 19 14 21  0.72 0.20 0.97
3 16 18 20  0.72 0.20 0.97
4 19 18 20 21  0.72 0.20 0.97
3 20 21 23  0.31 0.85 0.75
3 14 16 22   0.31 0.85 0.75
4 20 16 22 23  0.31 0.85 0.75
3 21 14 25  0.72 0.20 0.97
3 22 23 24  0.72 0.20 0.97
4 21 23 24 25  0.72 0.20 0.97
3 22 24 27  0.31 0.85 0.75
3 25 14 26   0.31 0.85 0.75
4 22 14 26 27  0.31 0.85 0.75
3 25 26 29  0.72 0.20 0.97
3 27 24 28  0.72 0.20 0.97
4 25 24 28 29  0.72 0.20 0.97
3 28 29 31  0.31 0.85 0.75
3 26 27 30   0.31 0.85 0.75
4 28 27 30 31  0.31 0.85 0.75
3 29 26 33  0.72 0.20 0.97
3 30 31 32  0.72 0.20 0.97
4 29 31 32 33  0.72 0.20 0.97
3 30 32 35  0.31 0.85 0.75
3 33 26 34   0.31 0.85 0.75
4 30 26 34 35  0.31 0.85 0.75
3 33 34 37  0.72 0.20 0.97
3 35 32 36  0.72 0.20 0.97
4 33 32 36 37  0.72 0.20 0.97
3 36 37 39  0.31 0.85 0.75
3 34 35 38   0.31 0.85 0.75
4 36 35 38 39  0.31 0.85 0.75
3 38 39 41  0.72 0.20 0.97
3 37 34 40  0.72 0.20 0.97
4 38 34 40 41  0.72 0.20 0.97
3 37 40 43  0.31 0.85 0.75
3 41 39 42   0.31 0.85 0.75
4 37 39 42 43  0.31 0.85 0.75
3 42 43 45  0.72 0.20 0.97
3 40 41 44  0.72 0.20 0.97
4 42 41 44 45  0.72 0.20 0.97
3 40 44 47  0.31 0.85 0.75
3 45 43 46   0.31 0.85 0.75
4 40 43 46 47  0.31 0.85 0.75
3 45 46 49  0.72 0.20 0.97
3 47 44 48  0.72 0.20 0.97
4 45 44 48 49  0.72 0.20 0.97
3 49 46 51  0.31 0.85 0.75
3 47 48 50   0.31 0.85 0.75
4 49 48 50 51  0.31 0.85 0.75



