OFF
52 73 124
-0.3 -0.3 -0.3
0.3 -0.3 -0.3
0.3 0.3 -0.3
-0.3 0.3 -0.3
0.3 0.3 0.3
0.3 -0.3 0.3
0.9 -0.3 0.3
0.9 0.3 0.3
0.3 -0.3 0.9
0.3 0.3 0.9
-0.3 -0.3 0.9
-0.3 -0.3 0.3
0.3 -0.9 0.3
-0.3 -0.9 0.3
-0.3 -0.3 -0.3
-0.3 -0.9 -0.3
-0.9 -0.9 0.3
-0.9 -0.9 -0.3
-0.3 -1.5 0.3
-0.3 -1.5 -0.3
0.3 -1.5 0.3
0.3 -0.9 0.3
-0.3 -0.9 0.9
0.3 -0.9 0.9
0.3 -0.3 0.9
-0.3 -0.3 0.9
0.3 -0.9 1.5
-0.3 -0.9 1.5
0.3 -1.5 0.9
-0.3 -1.5 0.9
-0.3 -1.5 0.3
0.3 -1.5 0.3
0.3 -2.1 0.9
0.3 -2.1 0.3
0.9 -1.5 0.3
0.9 -2.1 0.3
0.3 -1.5 -0.3
0.3 -2.1 -0.3
-0.3 -2.1 -0.3
-0.3 -1.5 -0.3
0.3 -1.5 -0.9
-0.3 -1.5 -0.9
0.3 -0.9 -0.9
0.3 -0.9 -0.3
0.9 -0.9 -0.3
0.9 -0.9 -0.9
0.3 -0.3 -0.3
0.3 -0.3 -0.9
-0.3 -0.3 -0.9
-0.3 -0.3 -0.3
0.3 0.3 -0.3
-0.3 0.3 -0.3
4 0 1 2 3  0.72 0.20 0.97
3 0 1 5  0.72 0.20 0.97
3 2 3 4  0.72 0.20 0.97
4 0 3 4 5  0.72 0.20 0.97
3 2 4 7  0.31 0.85 0.75
3 5 1 6   0.31 0.85 0.75
4 2 1 6 7  0.31 0.85 0.75
3 7 4 9  0.72 0.20 0.97
3 5 6 8  0.72 0.20 0.97
4 7 6 8 9  0.72 0.20 0.97
3 4 5 11  0.31 0.85 0.75
3 8 9 10   0.31 0.85 0.75
4 4 9 10 11  0.31 0.85 0.75
3 10 11 13  0.72 0.20 0.97
3 5 8 12  0.72 0.20 0.97
4 10 8 12 13  0.72 0.20 0.97
3 12 13 15  0.31 0.85 0.75
3 11 5 14   0.31 0.85 0.75
4 12 5 14 15  0.31 0.85 0.75
3 14 15 17  0.72 0.20 0.97
3 13 11 16  0.72 0.20 0.97
4 14 11 16 17  0.72 0.20 0.97
3 17 15 19  0.31 0.85 0.75
3 13 16 18   0.31 0.85 0.75
4 17 16 18 19  0.31 0.85 0.75
3 15 13 21  0.72 0.20 0.97
3 18 19 20  0.72 0.20 0.97
4 15 19 20 21  0.72 0.20 0.97
3 20 21 23  0.31 0.85 0.75
3 13 18 22   0.31 0.85 0.75
4 20 18 22 23  0.31 0.85 0.75
3 13 22 25  0.72 0.20 0.97
3 23 21 24  0.72 0.20 0.97
4 13 21 24 25  0.72 0.20 0.97
3 25 22 27  0.31 0.85 0.75
3 23 24 26   0.31 0.85 0.75
4 25 24 26 27  0.31 0.85 0.75
3 27 22 29  0.72 0.20 0.97
3 23 26 28  0.72 0.20 0.97
4 27 26 28 29  0.72 0.20 0.97
3 23 28 31  0.31 0.85 0.75
3 29 22 30   0.31 0.85 0.75
4 23 22 30 31  0.31 0.85 0.75
3 30 31 33  0.72 0.20 0.97
3 28 29 32  0.72 0.20 0.97
4 30 29 32 33  0.72 0.20 0.97
3 32 33 35  0.31 0.85 0.75
3 31 28 34   0.31 0.85 0.75
4 32 28 34 35  0.31 0.85 0.75
3 35 33 37  0.72 0.20 0.97
3 31 34 36  0.72 0.20 0.97
4 35 34 36 37  0.72 0.20 0.97
3 31 36 39  0.31 0.85 0.75
3 37 33 38   0.31 0.85 0.75
4 31 33 38 39  0.31 0.85 0.75
3 38 39 41  0.72 0.20 0.97
3 36 37 40  0.72 0.20 0.97
4 38 37 40 41  0.72 0.20 0.97
3 39 36 43  0.31 0.85 0.75
3 40 41 42   0.31 0.85 0.75
4 39 41 42 43  0.31 0.85 0.75
3 40 42 45  0.72 0.20 0.97
3 43 36 44  0.72 0.20 0.97
4 40 36 44 45  0.72 0.20 0.97
3 45 42 47  0.31 0.85 0.75
3 43 44 46   0.31 0.85 0.75
4 45 44 46 47  0.31 0.85 0.75
3 43 46 49  0.72 0.20 0.97
3 47 42 48  0.72 0.20 0.97
4 43 42 48 49  0.72 0.20 0.97
3 48 49 51  0.31 0.85 0.75
3 46 47 50   0.31 0.85 0.75
4 48 47 50 51  0.31 0.85 0.75



