OFF
52 73 124
-0.3 -0.3 -0.3
0.3 -0.3 -0.3
0.3 0.3 -0.3
-0.3 0.3 -0.3
0.3 0.3 0.3
0.3 -0.3 0.3
0.9 0.3 -0.3
0.9 -0.3 -0.3
0.9 -0.3 -0.9
0.9 0.3 -0.9
1.5 -0.3 -0.3
1.5 0.3 -0.3
0.9 0.3 0.3
1.5 0.3 0.3
0.9 0.9 -0.3
1.5 0.9 -0.3
0.9 0.9 -0.9
0.9 0.3 -0.9
0.3 0.9 -0.3
0.3 0.3 -0.3
0.3 0.9 0.3
0.9 0.9 0.3
0.3 1.5 -0.3
0.9 1.5 -0.3
0.9 1.5 -0.9
0.3 1.5 -0.9
0.9 2.1 -0.3
0.3 2.1 -0.3
0.3 1.5 0.3
0.3 2.1 0.3
-0.3 1.5 -0.3
-0.3 2.1 -0.3
-0.3 1.5 -0.9
0.3 1.5 -0.9
-0.3 0.9 -0.3
0.3 0.9 -0.3
0.3 0.9 0.3
-0.3 0.9 0.3
0.3 0.3 -0.3
-0.3 0.3 -0.3
-0.3 0.9 -0.9
-0.3 0.3 -0.9
-0.9 0.9 -0.3
-0.9 0.3 -0.3
-0.3 0.3 0.3
-0.9 0.3 0.3
-0.3 -0.3 -0.3
-0.9 -0.3 -0.3
-0.3 -0.3 -0.9
-0.3 0.3 -0.9
0.3 -0.3 -0.3
0.3 0.3 -0.3
4 0 1 2 3  0.72 0.20 0.97
3 0 1 5  0.72 0.20 0.97
3 2 3 4  0.72 0.20 0.97
4 0 3 4 5  0.72 0.20 0.97
3 5 1 7  0.31 0.85 0.75
3 2 4 6   0.31 0.85 0.75
4 5 4 6 7  0.31 0.85 0.75
3 2 6 9  0.72 0.20 0.97
3 7 1 8  0.72 0.20 0.97
4 2 1 8 9  0.72 0.20 0.97
3 9 6 11  0.31 0.85 0.75
3 7 8 10   0.31 0.85 0.75
4 9 8 10 11  0.31 0.85 0.75
3 10 11 13  0.72 0.20 0.97
3 6 7 12  0.72 0.20 0.97
4 10 7 12 13  0.72 0.20 0.97
3 13 11 15  0.31 0.85 0.75
3 6 12 14   0.31 0.85 0.75
4 13 12 14 15  0.31 0.85 0.75
3 11 6 17  0.72 0.20 0.97
3 14 15 16  0.72 0.20 0.97
4 11 15 16 17  0.72 0.20 0.97
3 17 6 19  0.31 0.85 0.75
3 14 16 18   0.31 0.85 0.75
4 17 16 18 19  0.31 0.85 0.75
3 6 14 21  0.72 0.20 0.97
3 18 19 20  0.72 0.20 0.97
4 6 19 20 21  0.72 0.20 0.97
3 21 14 23  0.31 0.85 0.75
3 18 20 22   0.31 0.85 0.75
4 21 20 22 23  0.31 0.85 0.75
3 18 22 25  0.72 0.20 0.97
3 23 14 24  0.72 0.20 0.97
4 18 14 24 25  0.72 0.20 0.97
3 25 22 27  0.31 0.85 0.75
3 23 24 26   0.31 0.85 0.75
4 25 24 26 27  0.31 0.85 0.75
3 26 27 29  0.72 0.20 0.97
3 22 23 28  0.72 0.20 0.97
4 26 23 28 29  0.72 0.20 0.97
3 29 27 31  0.31 0.85 0.75
3 22 28 30   0.31 0.85 0.75
4 29 28 30 31  0.31 0.85 0.75
3 27 22 33  0.72 0.20 0.97
3 30 31 32  0.72 0.20 0.97
4 27 31 32 33  0.72 0.20 0.97
3 33 22 35  0.31 0.85 0.75
3 30 32 34   0.31 0.85 0.75
4 33 32 34 35  0.31 0.85 0.75
3 30 34 37  0.72 0.20 0.97
3 35 22 36  0.72 0.20 0.97
4 30 22 36 37  0.72 0.20 0.97
3 37 34 39  0.31 0.85 0.75
3 35 36 38   0.31 0.85 0.75
4 37 36 38 39  0.31 0.85 0.75
3 38 39 41  0.72 0.20 0.97
3 34 35 40  0.72 0.20 0.97
4 38 35 40 41  0.72 0.20 0.97
3 41 39 43  0.31 0.85 0.75
3 34 40 42   0.31 0.85 0.75
4 41 40 42 43  0.31 0.85 0.75
3 42 43 45  0.72 0.20 0.97
3 39 34 44  0.72 0.20 0.97
4 42 34 44 45  0.72 0.20 0.97
3 45 43 47  0.31 0.85 0.75
3 39 44 46   0.31 0.85 0.75
4 45 44 46 47  0.31 0.85 0.75
3 43 39 49  0.72 0.20 0.97
3 46 47 48  0.72 0.20 0.97
4 43 47 48 49  0.72 0.20 0.97
3 49 39 51  0.31 0.85 0.75
3 46 48 50   0.31 0.85 0.75
4 49 48 50 51  0.31 0.85 0.75



