OFF
52 73 124
-0.2 -0.2 -0.2
0.2 -0.2 -0.2
0.2 0.2 -0.2
-0.2 0.2 -0.2
0.2 0.2 0.2
0.2 -0.2 0.2
0.6 0.2 -0.2
0.6 -0.2 -0.2
0.6 -0.2 -0.6
0.6 0.2 -0.6
1 0.2 -0.6
1 -0.2 -0.6
1 -0.2 -1
1 0.2 -1
1.4 0.2 -1
1.4 -0.2 -1
1.4 -0.2 -1.4
1.4 0.2 -1.4
1.8 0.2 -1.4
1.8 -0.2 -1.4
1.8 -0.2 -1.8
1.8 0.2 -1.8
2.2 -0.2 -1.4
2.2 0.2 -1.4
1.8 0.2 -1
2.2 0.2 -1
2.2 0.6 -1.4
2.2 0.6 -1
2.6 0.2 -1
2.6 0.6 -1
2.2 0.2 -0.6
2.2 0.6 -0.6
1.8 0.2 -0.6
1.8 0.2 -1
2.2 -0.2 -1
1.8 -0.2 -1
1.8 -0.2 -1.4
2.2 -0.2 -1.4
2.2 -0.6 -1
2.2 -0.6 -1.4
2.6 -0.6 -1
2.6 -0.2 -1
2.2 -0.6 -0.6
2.2 -0.2 -0.6
1.8 -0.2 -1
1.8 -0.2 -0.6
2.2 0.2 -0.6
1.8 0.2 -0.6
1.8 -0.2 -0.2
1.8 0.2 -0.2
1.4 0.2 -0.2
1.4 -0.2 -0.2
4 0 1 2 3 0.72 0.20 0.97
3 0 1 5 0.72 0.20 0.97
3 2 3 4 0.72 0.20 0.97
4 0 3 4 5 0.72 0.20 0.97
3 5 1 7  0.31 0.85 0.75
3 2 4 6  0.31 0.85 0.75
4 5 4 6 7  0.31 0.85 0.75
3 2 6 9  0.72 0.20 0.97
3 7 1 8  0.72 0.20 0.97
4 2 1 8 9  0.72 0.20 0.97
3 7 8 11  0.31 0.85 0.75
3 9 6 10  0.31 0.85 0.75
4 7 6 10 11  0.31 0.85 0.75
3 9 10 13  0.72 0.20 0.97
3 11 8 12  0.72 0.20 0.97
4 9 8 12 13  0.72 0.20 0.97
3 11 12 15  0.31 0.85 0.75
3 13 10 14  0.31 0.85 0.75
4 11 10 14 15  0.31 0.85 0.75
3 13 14 17  0.72 0.20 0.97
3 15 12 16  0.72 0.20 0.97
4 13 12 16 17  0.72 0.20 0.97
3 15 16 19  0.31 0.85 0.75
3 17 14 18  0.31 0.85 0.75
4 15 14 18 19  0.31 0.85 0.75
3 17 18 21  0.72 0.20 0.97
3 19 16 20  0.72 0.20 0.97
4 17 16 20 21  0.72 0.20 0.97
3 21 18 23  0.31 0.85 0.75
3 19 20 22  0.31 0.85 0.75
4 21 20 22 23  0.31 0.85 0.75
3 22 23 25  0.72 0.20 0.97
3 18 19 24  0.72 0.20 0.97
4 22 19 24 25  0.72 0.20 0.97
3 24 25 27  0.31 0.85 0.75
3 23 18 26  0.31 0.85 0.75
4 24 18 26 27  0.31 0.85 0.75
3 26 27 29  0.72 0.20 0.97
3 25 23 28  0.72 0.20 0.97
4 26 23 28 29  0.72 0.20 0.97
3 29 27 31  0.31 0.85 0.75
3 25 28 30  0.31 0.85 0.75
4 29 28 30 31  0.31 0.85 0.75
3 27 25 33  0.72 0.20 0.97
3 30 31 32  0.72 0.20 0.97
4 27 31 32 33  0.72 0.20 0.97
3 32 33 35  0.31 0.85 0.75
3 25 30 34  0.31 0.85 0.75
4 32 30 34 35  0.31 0.85 0.75
3 25 34 37  0.72 0.20 0.97
3 35 33 36  0.72 0.20 0.97
4 25 33 36 37  0.72 0.20 0.97
3 36 37 39  0.31 0.85 0.75
3 34 35 38  0.31 0.85 0.75
4 36 35 38 39  0.31 0.85 0.75
3 37 34 41  0.72 0.20 0.97
3 38 39 40  0.72 0.20 0.97
4 37 39 40 41  0.72 0.20 0.97
3 41 34 43  0.31 0.85 0.75
3 38 40 42  0.31 0.85 0.75
4 41 40 42 43  0.31 0.85 0.75
3 42 43 45  0.72 0.20 0.97
3 34 38 44  0.72 0.20 0.97
4 42 38 44 45  0.72 0.20 0.97
3 44 45 47  0.31 0.85 0.75
3 43 34 46  0.31 0.85 0.75
4 44 34 46 47  0.31 0.85 0.75
3 46 47 49  0.72 0.20 0.97
3 45 43 48  0.72 0.20 0.97
4 46 43 48 49  0.72 0.20 0.97
3 45 48 51  0.31 0.85 0.75
3 49 47 50  0.31 0.85 0.75
4 45 47 50 51  0.31 0.85 0.75
 
 
 
