OFF
52 73 124
-0.3 -0.3 -0.3
0.3 -0.3 -0.3
0.3 0.3 -0.3
-0.3 0.3 -0.3
0.3 0.3 0.3
0.3 -0.3 0.3
0.9 -0.3 -0.3
0.9 -0.3 0.3
0.9 -0.9 -0.3
0.3 -0.9 -0.3
0.3 -0.3 -0.9
0.3 -0.9 -0.9
-0.3 -0.3 -0.9
-0.3 -0.3 -0.3
-0.3 0.3 -0.9
0.3 0.3 -0.9
0.3 -0.3 -1.5
0.3 0.3 -1.5
0.9 -0.3 -1.5
0.9 -0.3 -0.9
0.3 -0.9 -0.9
0.9 -0.9 -0.9
0.9 -0.3 -0.3000001
0.9 -0.9 -0.3000001
1.5 -0.3 -0.9
1.5 -0.9 -0.9
1.5 -0.3 -1.5
0.9 -0.3 -1.5
1.5 0.3 -1.5
1.5 0.3 -0.9
2.1 -0.3 -1.5
2.1 -0.3 -0.9
1.5 -0.9 -0.9
2.1 -0.9 -0.9
1.5 -0.9 -0.3000001
1.5 -0.3 -0.3000001
0.9000001 -0.3 -0.3000001
0.9000001 -0.9 -0.3000001
0.9000001 -0.3 0.2999999
1.5 -0.3 0.2999999
1.5 0.3 -0.3000001
1.5 0.3 0.2999999
2.1 -0.3 -0.3000001
2.1 -0.3 0.2999999
2.1 -0.9 -0.3000001
1.5 -0.9 -0.3000001
2.1 -0.9 -0.9
2.1 -0.3 -0.9
2.7 -0.9 -0.9
2.7 -0.9 -0.3000001
2.7 -1.5 -0.3000001
2.7 -1.5 -0.9
4 0 1 2 3 0.72 0.20 0.97
3 0 1 5 0.72 0.20 0.97
3 2 3 4 0.72 0.20 0.97
4 0 3 4 5 0.72 0.20 0.97
3 4 5 7  0.31 0.85 0.75
3 1 2 6  0.31 0.85 0.75
4 4 2 6 7  0.31 0.85 0.75
3 5 1 9  0.72 0.20 0.97
3 6 7 8  0.72 0.20 0.97
4 5 7 8 9  0.72 0.20 0.97
3 8 9 11  0.31 0.85 0.75
3 1 6 10  0.31 0.85 0.75
4 8 6 10 11  0.31 0.85 0.75
3 9 1 13  0.72 0.20 0.97
3 10 11 12  0.72 0.20 0.97
4 9 11 12 13  0.72 0.20 0.97
3 1 10 15  0.31 0.85 0.75
3 12 13 14  0.31 0.85 0.75
4 1 13 14 15  0.31 0.85 0.75
3 14 15 17  0.72 0.20 0.97
3 10 12 16  0.72 0.20 0.97
4 14 12 16 17  0.72 0.20 0.97
3 15 10 19  0.31 0.85 0.75
3 16 17 18  0.31 0.85 0.75
4 15 17 18 19  0.31 0.85 0.75
3 18 19 21  0.72 0.20 0.97
3 10 16 20  0.72 0.20 0.97
4 18 16 20 21  0.72 0.20 0.97
3 20 21 23  0.31 0.85 0.75
3 19 10 22  0.31 0.85 0.75
4 20 10 22 23  0.31 0.85 0.75
3 23 21 25  0.72 0.20 0.97
3 19 22 24  0.72 0.20 0.97
4 23 22 24 25  0.72 0.20 0.97
3 21 19 27  0.31 0.85 0.75
3 24 25 26  0.31 0.85 0.75
4 21 25 26 27  0.31 0.85 0.75
3 19 24 29  0.72 0.20 0.97
3 26 27 28  0.72 0.20 0.97
4 19 27 28 29  0.72 0.20 0.97
3 29 24 31  0.31 0.85 0.75
3 26 28 30  0.31 0.85 0.75
4 29 28 30 31  0.31 0.85 0.75
3 30 31 33  0.72 0.20 0.97
3 24 26 32  0.72 0.20 0.97
4 30 26 32 33  0.72 0.20 0.97
3 31 24 35  0.31 0.85 0.75
3 32 33 34  0.31 0.85 0.75
4 31 33 34 35  0.31 0.85 0.75
3 32 34 37  0.72 0.20 0.97
3 35 24 36  0.72 0.20 0.97
4 32 24 36 37  0.72 0.20 0.97
3 34 35 39  0.31 0.85 0.75
3 36 37 38  0.31 0.85 0.75
4 34 37 38 39  0.31 0.85 0.75
3 38 39 41  0.72 0.20 0.97
3 35 36 40  0.72 0.20 0.97
4 38 36 40 41  0.72 0.20 0.97
3 41 39 43  0.31 0.85 0.75
3 35 40 42  0.31 0.85 0.75
4 41 40 42 43  0.31 0.85 0.75
3 39 35 45  0.72 0.20 0.97
3 42 43 44  0.72 0.20 0.97
4 39 43 44 45  0.72 0.20 0.97
3 35 42 47  0.31 0.85 0.75
3 44 45 46  0.31 0.85 0.75
4 35 45 46 47  0.31 0.85 0.75
3 42 44 49  0.72 0.20 0.97
3 46 47 48  0.72 0.20 0.97
4 42 47 48 49  0.72 0.20 0.97
3 46 48 51  0.31 0.85 0.75
3 49 44 50  0.31 0.85 0.75
4 46 44 50 51  0.31 0.85 0.75
 
 
 
