OFF
52 73 124
-0.4 -0.4 -0.4
0.4 -0.4 -0.4
0.4 0.4 -0.4
-0.4 0.4 -0.4
0.4 0.4 0.4
0.4 -0.4 0.4
1.2 0.4 0.4
1.2 0.4 -0.4
1.2 1.2 0.4
0.4 1.2 0.4
1.2 1.2 1.2
1.2 0.4 1.2
2 0.4 0.4
2 0.4 1.2
2 -0.4 0.4
1.2 -0.4 0.4
1.2 0.4 -0.4
1.2 -0.4 -0.4
0.4 -0.4 0.4
0.4 -0.4 -0.4
1.2 -1.2 -0.4
0.4 -1.2 -0.4
1.2 -0.4 -1.2
0.4 -0.4 -1.2
0.4 0.4 -0.4
0.4 0.4 -1.2
-0.4 -0.4 -1.2
-0.4 0.4 -1.2
-0.4 -0.4 -2
0.4 -0.4 -2
0.4 -1.2 -1.2
0.4 -1.2 -2
1.2 -1.2 -1.2
1.2 -0.4 -1.2
1.2 -1.2 -0.4
0.4 -1.2 -0.4
1.2 -2 -1.2
0.4 -2 -1.2
0.4 -1.2 -2
0.4 -2 -2
-0.4 -1.2 -2
-0.4 -1.2 -1.2
-0.4 -0.4 -1.2
-0.4 -0.4 -2
-1.2 -0.4 -2
-1.2 -0.4 -1.2
-0.4 0.4 -1.2
-1.2 0.4 -1.2
-0.4 0.4 -0.4
-0.4 -0.4 -0.4
0.4 -0.4 -0.4
0.4 0.4 -0.4
4 0 1 2 3  0.72 0.20 0.97
3 0 1 5  0.72 0.20 0.97
3 2 3 4  0.72 0.20 0.97
4 0 3 4 5  0.72 0.20 0.97
3 1 2 7  0.31 0.85 0.75
3 4 5 6   0.31 0.85 0.75
4 1 5 6 7  0.31 0.85 0.75
3 2 4 9  0.72 0.20 0.97
3 6 7 8  0.72 0.20 0.97
4 2 7 8 9  0.72 0.20 0.97
3 4 6 11  0.31 0.85 0.75
3 8 9 10   0.31 0.85 0.75
4 4 9 10 11  0.31 0.85 0.75
3 10 11 13  0.72 0.20 0.97
3 6 8 12  0.72 0.20 0.97
4 10 8 12 13  0.72 0.20 0.97
3 11 6 15  0.31 0.85 0.75
3 12 13 14   0.31 0.85 0.75
4 11 13 14 15  0.31 0.85 0.75
3 14 15 17  0.72 0.20 0.97
3 6 12 16  0.72 0.20 0.97
4 14 12 16 17  0.72 0.20 0.97
3 16 17 19  0.31 0.85 0.75
3 15 6 18   0.31 0.85 0.75
4 16 6 18 19  0.31 0.85 0.75
3 18 19 21  0.72 0.20 0.97
3 17 15 20  0.72 0.20 0.97
4 18 15 20 21  0.72 0.20 0.97
3 21 19 23  0.31 0.85 0.75
3 17 20 22   0.31 0.85 0.75
4 21 20 22 23  0.31 0.85 0.75
3 22 23 25  0.72 0.20 0.97
3 19 17 24  0.72 0.20 0.97
4 22 17 24 25  0.72 0.20 0.97
3 24 25 27  0.31 0.85 0.75
3 23 19 26   0.31 0.85 0.75
4 24 19 26 27  0.31 0.85 0.75
3 25 23 29  0.72 0.20 0.97
3 26 27 28  0.72 0.20 0.97
4 25 27 28 29  0.72 0.20 0.97
3 28 29 31  0.31 0.85 0.75
3 23 26 30   0.31 0.85 0.75
4 28 26 30 31  0.31 0.85 0.75
3 29 23 33  0.72 0.20 0.97
3 30 31 32  0.72 0.20 0.97
4 29 31 32 33  0.72 0.20 0.97
3 23 30 35  0.31 0.85 0.75
3 32 33 34   0.31 0.85 0.75
4 23 33 34 35  0.31 0.85 0.75
3 35 30 37  0.72 0.20 0.97
3 32 34 36  0.72 0.20 0.97
4 35 34 36 37  0.72 0.20 0.97
3 36 37 39  0.31 0.85 0.75
3 30 32 38   0.31 0.85 0.75
4 36 32 38 39  0.31 0.85 0.75
3 37 30 41  0.72 0.20 0.97
3 38 39 40  0.72 0.20 0.97
4 37 39 40 41  0.72 0.20 0.97
3 38 40 43  0.31 0.85 0.75
3 41 30 42   0.31 0.85 0.75
4 38 30 42 43  0.31 0.85 0.75
3 41 42 45  0.72 0.20 0.97
3 43 40 44  0.72 0.20 0.97
4 41 40 44 45  0.72 0.20 0.97
3 44 45 47  0.31 0.85 0.75
3 42 43 46   0.31 0.85 0.75
4 44 43 46 47  0.31 0.85 0.75
3 45 42 49  0.72 0.20 0.97
3 46 47 48  0.72 0.20 0.97
4 45 47 48 49  0.72 0.20 0.97
3 46 48 51  0.31 0.85 0.75
3 49 42 50   0.31 0.85 0.75
4 46 42 50 51  0.31 0.85 0.75



