OFF
52 73 124
-0.3 -0.3 -0.3
0.3 -0.3 -0.3
0.3 0.3 -0.3
-0.3 0.3 -0.3
0.3 0.3 0.3
0.3 -0.3 0.3
0.9 -0.3 0.3
0.9 0.3 0.3
0.3 -0.3 0.9
0.3 0.3 0.9
-0.3 0.3 0.9
-0.3 -0.3 0.9
0.3 -0.3 1.5
-0.3 -0.3 1.5
0.3 -0.9 0.9
-0.3 -0.9 0.9
-0.3 -0.3 0.3
-0.3 -0.9 0.3
-0.9 -0.3 0.3
-0.9 -0.3 0.9
-0.3 0.3 0.3
-0.3 0.3 0.9
0.3 0.3 0.3
0.3 -0.3 0.3
-0.3 0.3 -0.3
-0.3 -0.3 -0.3
-0.9 -0.3 -0.3
-0.9 0.3 -0.3
-0.9 0.3 -0.9
-0.9 -0.3 -0.9
-1.5 0.3 -0.3
-1.5 -0.3 -0.3
-0.9 -0.3 0.3
-1.5 -0.3 0.3
-0.9 -0.9 -0.3
-1.5 -0.9 -0.3
-1.5 -0.3 -0.9
-1.5 -0.9 -0.9
-2.1 -0.3 -0.9
-2.1 -0.3 -0.3
-1.5 0.3 -0.9
-1.5 0.3 -0.3
-0.9 0.3 -0.9
-0.9 -0.3 -0.9
-0.9 -0.3 -1.5
-0.9 0.3 -1.5
-0.3 -0.3 -0.9
-0.3 0.3 -0.9
-0.3 0.3 -0.3
-0.3 -0.3 -0.3
0.3 -0.3 -0.3
0.3 0.3 -0.3
4 0 1 2 3  0.72 0.20 0.97
3 0 1 5  0.72 0.20 0.97
3 2 3 4  0.72 0.20 0.97
4 0 3 4 5  0.72 0.20 0.97
3 2 4 7  0.31 0.85 0.75
3 5 1 6   0.31 0.85 0.75
4 2 1 6 7  0.31 0.85 0.75
3 7 4 9  0.72 0.20 0.97
3 5 6 8  0.72 0.20 0.97
4 7 6 8 9  0.72 0.20 0.97
3 5 8 11  0.31 0.85 0.75
3 9 4 10   0.31 0.85 0.75
4 5 4 10 11  0.31 0.85 0.75
3 10 11 13  0.72 0.20 0.97
3 8 9 12  0.72 0.20 0.97
4 10 9 12 13  0.72 0.20 0.97
3 13 11 15  0.31 0.85 0.75
3 8 12 14   0.31 0.85 0.75
4 13 12 14 15  0.31 0.85 0.75
3 14 15 17  0.72 0.20 0.97
3 11 8 16  0.72 0.20 0.97
4 14 8 16 17  0.72 0.20 0.97
3 15 11 19  0.31 0.85 0.75
3 16 17 18   0.31 0.85 0.75
4 15 17 18 19  0.31 0.85 0.75
3 19 11 21  0.72 0.20 0.97
3 16 18 20  0.72 0.20 0.97
4 19 18 20 21  0.72 0.20 0.97
3 11 16 23  0.31 0.85 0.75
3 20 21 22   0.31 0.85 0.75
4 11 21 22 23  0.31 0.85 0.75
3 23 16 25  0.72 0.20 0.97
3 20 22 24  0.72 0.20 0.97
4 23 22 24 25  0.72 0.20 0.97
3 20 24 27  0.31 0.85 0.75
3 25 16 26   0.31 0.85 0.75
4 20 16 26 27  0.31 0.85 0.75
3 25 26 29  0.72 0.20 0.97
3 27 24 28  0.72 0.20 0.97
4 25 24 28 29  0.72 0.20 0.97
3 29 26 31  0.31 0.85 0.75
3 27 28 30   0.31 0.85 0.75
4 29 28 30 31  0.31 0.85 0.75
3 30 31 33  0.72 0.20 0.97
3 26 27 32  0.72 0.20 0.97
4 30 27 32 33  0.72 0.20 0.97
3 33 31 35  0.31 0.85 0.75
3 26 32 34   0.31 0.85 0.75
4 33 32 34 35  0.31 0.85 0.75
3 34 35 37  0.72 0.20 0.97
3 31 26 36  0.72 0.20 0.97
4 34 26 36 37  0.72 0.20 0.97
3 35 31 39  0.31 0.85 0.75
3 36 37 38   0.31 0.85 0.75
4 35 37 38 39  0.31 0.85 0.75
3 39 31 41  0.72 0.20 0.97
3 36 38 40  0.72 0.20 0.97
4 39 38 40 41  0.72 0.20 0.97
3 31 36 43  0.31 0.85 0.75
3 40 41 42   0.31 0.85 0.75
4 31 41 42 43  0.31 0.85 0.75
3 40 42 45  0.72 0.20 0.97
3 43 36 44  0.72 0.20 0.97
4 40 36 44 45  0.72 0.20 0.97
3 45 42 47  0.31 0.85 0.75
3 43 44 46   0.31 0.85 0.75
4 45 44 46 47  0.31 0.85 0.75
3 43 46 49  0.72 0.20 0.97
3 47 42 48  0.72 0.20 0.97
4 43 42 48 49  0.72 0.20 0.97
3 47 48 51  0.31 0.85 0.75
3 49 46 50   0.31 0.85 0.75
4 47 46 50 51  0.31 0.85 0.75



