OFF
52 73 124
-0.3 -0.3 -0.3
0.3 -0.3 -0.3
0.3 0.3 -0.3
-0.3 0.3 -0.3
0.3 0.3 0.3
0.3 -0.3 0.3
0.9 -0.3 0.3
0.9 0.3 0.3
0.3 -0.3 0.9
0.3 0.3 0.9
-0.3 0.3 0.9
-0.3 -0.3 0.9
-0.3 -0.3 1.5
-0.3 0.3 1.5
-0.9 -0.3 0.9
-0.9 0.3 0.9
-0.3 -0.3 0.3
-0.3 0.3 0.3
0.3 0.3 0.3
0.3 -0.3 0.3
-0.3 0.3 -0.3
-0.3 -0.3 -0.3
-0.9 -0.3 -0.3
-0.9 0.3 -0.3
-0.9 -0.3 -0.9
-0.3 -0.3 -0.9
-0.9 -0.9 -0.3
-0.3 -0.9 -0.3
-0.9 -0.9 0.3
-0.9 -0.3 0.3
-1.5 -0.3 -0.3
-1.5 -0.3 0.3
-0.9 0.3 -0.3
-0.9 0.3 0.3
-0.3 -0.3 0.3
-0.3 0.3 0.3
-0.9 -0.3 0.9
-0.9 0.3 0.9
-1.5 -0.3 0.9
-1.5 -0.3 0.3
-0.9 -0.9 0.9
-0.9 -0.9 0.3
-0.3 -0.3 0.3
-0.3 -0.9 0.3
-0.3 -0.9 -0.3
-0.3 -0.3 -0.3
0.3 -0.3 -0.3
0.3 -0.9 -0.3
0.3 -0.3 -0.9
-0.3 -0.3 -0.9
0.3 0.3 -0.3
-0.3 0.3 -0.3
4 0 1 2 3  0.72 0.20 0.97
3 0 1 5  0.72 0.20 0.97
3 2 3 4  0.72 0.20 0.97
4 0 3 4 5  0.72 0.20 0.97
3 2 4 7  0.31 0.85 0.75
3 5 1 6   0.31 0.85 0.75
4 2 1 6 7  0.31 0.85 0.75
3 7 4 9  0.72 0.20 0.97
3 5 6 8  0.72 0.20 0.97
4 7 6 8 9  0.72 0.20 0.97
3 5 8 11  0.31 0.85 0.75
3 9 4 10   0.31 0.85 0.75
4 5 4 10 11  0.31 0.85 0.75
3 9 10 13  0.72 0.20 0.97
3 11 8 12  0.72 0.20 0.97
4 9 8 12 13  0.72 0.20 0.97
3 13 10 15  0.31 0.85 0.75
3 11 12 14   0.31 0.85 0.75
4 13 12 14 15  0.31 0.85 0.75
3 15 10 17  0.72 0.20 0.97
3 11 14 16  0.72 0.20 0.97
4 15 14 16 17  0.72 0.20 0.97
3 11 16 19  0.31 0.85 0.75
3 17 10 18   0.31 0.85 0.75
4 11 10 18 19  0.31 0.85 0.75
3 19 16 21  0.72 0.20 0.97
3 17 18 20  0.72 0.20 0.97
4 19 18 20 21  0.72 0.20 0.97
3 17 20 23  0.31 0.85 0.75
3 21 16 22   0.31 0.85 0.75
4 17 16 22 23  0.31 0.85 0.75
3 20 21 25  0.72 0.20 0.97
3 22 23 24  0.72 0.20 0.97
4 20 23 24 25  0.72 0.20 0.97
3 25 21 27  0.31 0.85 0.75
3 22 24 26   0.31 0.85 0.75
4 25 24 26 27  0.31 0.85 0.75
3 21 22 29  0.72 0.20 0.97
3 26 27 28  0.72 0.20 0.97
4 21 27 28 29  0.72 0.20 0.97
3 28 29 31  0.31 0.85 0.75
3 22 26 30   0.31 0.85 0.75
4 28 26 30 31  0.31 0.85 0.75
3 31 29 33  0.72 0.20 0.97
3 22 30 32  0.72 0.20 0.97
4 31 30 32 33  0.72 0.20 0.97
3 32 33 35  0.31 0.85 0.75
3 29 22 34   0.31 0.85 0.75
4 32 22 34 35  0.31 0.85 0.75
3 35 33 37  0.72 0.20 0.97
3 29 34 36  0.72 0.20 0.97
4 35 34 36 37  0.72 0.20 0.97
3 33 29 39  0.31 0.85 0.75
3 36 37 38   0.31 0.85 0.75
4 33 37 38 39  0.31 0.85 0.75
3 39 29 41  0.72 0.20 0.97
3 36 38 40  0.72 0.20 0.97
4 39 38 40 41  0.72 0.20 0.97
3 40 41 43  0.31 0.85 0.75
3 29 36 42   0.31 0.85 0.75
4 40 36 42 43  0.31 0.85 0.75
3 29 42 45  0.72 0.20 0.97
3 43 41 44  0.72 0.20 0.97
4 29 41 44 45  0.72 0.20 0.97
3 43 44 47  0.31 0.85 0.75
3 45 42 46   0.31 0.85 0.75
4 43 42 46 47  0.31 0.85 0.75
3 44 45 49  0.72 0.20 0.97
3 46 47 48  0.72 0.20 0.97
4 44 47 48 49  0.72 0.20 0.97
3 49 45 51  0.31 0.85 0.75
3 46 48 50   0.31 0.85 0.75
4 49 48 50 51  0.31 0.85 0.75



