OFF
52 73 124
-0.3 -0.3 -0.3
0.3 -0.3 -0.3
0.3 0.3 -0.3
-0.3 0.3 -0.3
0.3 0.3 0.3
0.3 -0.3 0.3
0.9 0.3 -0.3
0.9 -0.3 -0.3
0.3 -0.3 -0.9
0.9 -0.3 -0.9
0.9 -0.9 -0.9
0.3 -0.9 -0.9
0.9 -0.9 -1.5
0.9 -0.3 -1.5
1.5 -0.3 -1.5
1.5 -0.9 -1.5
0.9 -0.3 -2.1
0.9 -0.9 -2.1
0.3 -0.3 -1.5
0.3 -0.9 -1.5
0.3 -0.9 -0.9
0.3 -0.3 -0.9
-0.3 -0.9 -1.5
-0.3 -0.3 -1.5
0.3 -0.9 -2.1
0.3 -0.3 -2.1
0.9 -0.3 -2.1
0.9 -0.9 -2.1
0.3 -0.3 -2.7
0.3 -0.9 -2.7
-0.3 -0.3 -2.1
-0.3 -0.9 -2.1
-0.3 -0.9 -1.5
-0.3 -0.3 -1.5
-0.9 -0.3 -2.1
-0.9 -0.3 -1.5
-0.9 0.3 -1.5
-0.9 0.3 -2.1
-1.5 0.3 -1.5
-1.5 -0.3 -1.5
-0.9 0.3 -0.9
-0.9 -0.3 -0.9
-0.3 -0.3 -1.5
-0.3 -0.3 -0.9
-0.3 -0.9 -0.9
-0.3 -0.9 -1.5
0.3 -0.9 -0.9
0.3 -0.3 -0.9
-0.3 -0.3 -0.3
0.3 -0.3 -0.3
0.3 0.3 -0.3
-0.3 0.3 -0.3
4 0 1 2 3  0.72 0.20 0.97
3 0 1 5  0.72 0.20 0.97
3 2 3 4  0.72 0.20 0.97
4 0 3 4 5  0.72 0.20 0.97
3 5 1 7  0.31 0.85 0.75
3 2 4 6   0.31 0.85 0.75
4 5 4 6 7  0.31 0.85 0.75
3 6 7 9  0.72 0.20 0.97
3 1 2 8  0.72 0.20 0.97
4 6 2 8 9  0.72 0.20 0.97
3 1 8 11  0.31 0.85 0.75
3 9 7 10   0.31 0.85 0.75
4 1 7 10 11  0.31 0.85 0.75
3 8 9 13  0.72 0.20 0.97
3 10 11 12  0.72 0.20 0.97
4 8 11 12 13  0.72 0.20 0.97
3 10 12 15  0.31 0.85 0.75
3 13 9 14   0.31 0.85 0.75
4 10 9 14 15  0.31 0.85 0.75
3 15 12 17  0.72 0.20 0.97
3 13 14 16  0.72 0.20 0.97
4 15 14 16 17  0.72 0.20 0.97
3 17 12 19  0.31 0.85 0.75
3 13 16 18   0.31 0.85 0.75
4 17 16 18 19  0.31 0.85 0.75
3 13 18 21  0.72 0.20 0.97
3 19 12 20  0.72 0.20 0.97
4 13 12 20 21  0.72 0.20 0.97
3 21 18 23  0.31 0.85 0.75
3 19 20 22   0.31 0.85 0.75
4 21 20 22 23  0.31 0.85 0.75
3 23 18 25  0.72 0.20 0.97
3 19 22 24  0.72 0.20 0.97
4 23 22 24 25  0.72 0.20 0.97
3 19 24 27  0.31 0.85 0.75
3 25 18 26   0.31 0.85 0.75
4 19 18 26 27  0.31 0.85 0.75
3 27 24 29  0.72 0.20 0.97
3 25 26 28  0.72 0.20 0.97
4 27 26 28 29  0.72 0.20 0.97
3 29 24 31  0.31 0.85 0.75
3 25 28 30   0.31 0.85 0.75
4 29 28 30 31  0.31 0.85 0.75
3 25 30 33  0.72 0.20 0.97
3 31 24 32  0.72 0.20 0.97
4 25 24 32 33  0.72 0.20 0.97
3 32 33 35  0.31 0.85 0.75
3 30 31 34   0.31 0.85 0.75
4 32 31 34 35  0.31 0.85 0.75
3 30 34 37  0.72 0.20 0.97
3 35 33 36  0.72 0.20 0.97
4 30 33 36 37  0.72 0.20 0.97
3 34 35 39  0.31 0.85 0.75
3 36 37 38   0.31 0.85 0.75
4 34 37 38 39  0.31 0.85 0.75
3 39 35 41  0.72 0.20 0.97
3 36 38 40  0.72 0.20 0.97
4 39 38 40 41  0.72 0.20 0.97
3 40 41 43  0.31 0.85 0.75
3 35 36 42   0.31 0.85 0.75
4 40 36 42 43  0.31 0.85 0.75
3 35 42 45  0.72 0.20 0.97
3 43 41 44  0.72 0.20 0.97
4 35 41 44 45  0.72 0.20 0.97
3 42 43 47  0.31 0.85 0.75
3 44 45 46   0.31 0.85 0.75
4 42 45 46 47  0.31 0.85 0.75
3 46 47 49  0.72 0.20 0.97
3 43 44 48  0.72 0.20 0.97
4 46 44 48 49  0.72 0.20 0.97
3 43 48 51  0.31 0.85 0.75
3 49 47 50   0.31 0.85 0.75
4 43 47 50 51  0.31 0.85 0.75



