OFF
52 73 124
-0.4 -0.4 -0.4
0.4 -0.4 -0.4
0.4 0.4 -0.4
-0.4 0.4 -0.4
0.4 0.4 0.4
0.4 -0.4 0.4
1.2 -0.4 -0.4
1.2 -0.4 0.4
0.4 -1.2 0.4
1.2 -1.2 0.4
0.4 -1.2 1.2
0.4 -0.4 1.2
-0.4 -0.4 0.4
-0.4 -0.4 1.2
-0.4 0.4 0.4
0.4 0.4 0.4
-0.4 0.4 -0.4
-0.4 -0.4 -0.4
-1.2 -0.4 0.4
-1.2 -0.4 -0.4
-1.2 -1.2 0.4
-0.4 -1.2 0.4
-0.4 -0.4 1.2
-0.4 -1.2 1.2
0.4 -1.2 0.4
0.4 -1.2 1.2
-0.4 -2 1.2
0.4 -2 1.2
-0.4 -1.2 2
0.4 -1.2 2
0.4 -0.4 1.2
0.4 -0.4 2
1.2 -1.2 2
1.2 -0.4 2
0.4 -0.4 2.8
1.2 -0.4 2.8
0.4 0.4 2.8
0.4 0.4 2
-0.4 -0.4 2
-0.4 0.4 2
-0.4 -0.4 1.2
0.4 -0.4 1.2
-0.4 -1.2 1.2
-0.4 -1.2 2
-1.2 -0.4 2
-1.2 -1.2 2
-1.2 -0.4 2.8
-0.4 -0.4 2.8
-0.4 0.4 2
-0.4 0.4 2.8
0.4 -0.4 2.8
0.4 0.4 2.8
4 0 1 2 3  0.72 0.20 0.97
3 0 1 5  0.72 0.20 0.97
3 2 3 4  0.72 0.20 0.97
4 0 3 4 5  0.72 0.20 0.97
3 4 5 7  0.31 0.85 0.75
3 1 2 6   0.31 0.85 0.75
4 4 2 6 7  0.31 0.85 0.75
3 6 7 9  0.72 0.20 0.97
3 5 1 8  0.72 0.20 0.97
4 6 1 8 9  0.72 0.20 0.97
3 7 5 11  0.31 0.85 0.75
3 8 9 10   0.31 0.85 0.75
4 7 9 10 11  0.31 0.85 0.75
3 10 11 13  0.72 0.20 0.97
3 5 8 12  0.72 0.20 0.97
4 10 8 12 13  0.72 0.20 0.97
3 11 5 15  0.31 0.85 0.75
3 12 13 14   0.31 0.85 0.75
4 11 13 14 15  0.31 0.85 0.75
3 5 12 17  0.72 0.20 0.97
3 14 15 16  0.72 0.20 0.97
4 5 15 16 17  0.72 0.20 0.97
3 16 17 19  0.31 0.85 0.75
3 12 14 18   0.31 0.85 0.75
4 16 14 18 19  0.31 0.85 0.75
3 17 12 21  0.72 0.20 0.97
3 18 19 20  0.72 0.20 0.97
4 17 19 20 21  0.72 0.20 0.97
3 20 21 23  0.31 0.85 0.75
3 12 18 22   0.31 0.85 0.75
4 20 18 22 23  0.31 0.85 0.75
3 22 23 25  0.72 0.20 0.97
3 21 12 24  0.72 0.20 0.97
4 22 12 24 25  0.72 0.20 0.97
3 24 25 27  0.31 0.85 0.75
3 23 21 26   0.31 0.85 0.75
4 24 21 26 27  0.31 0.85 0.75
3 27 25 29  0.72 0.20 0.97
3 23 26 28  0.72 0.20 0.97
4 27 26 28 29  0.72 0.20 0.97
3 28 29 31  0.31 0.85 0.75
3 25 23 30   0.31 0.85 0.75
4 28 23 30 31  0.31 0.85 0.75
3 30 31 33  0.72 0.20 0.97
3 29 25 32  0.72 0.20 0.97
4 30 25 32 33  0.72 0.20 0.97
3 32 33 35  0.31 0.85 0.75
3 31 29 34   0.31 0.85 0.75
4 32 29 34 35  0.31 0.85 0.75
3 33 31 37  0.72 0.20 0.97
3 34 35 36  0.72 0.20 0.97
4 33 35 36 37  0.72 0.20 0.97
3 36 37 39  0.31 0.85 0.75
3 31 34 38   0.31 0.85 0.75
4 36 34 38 39  0.31 0.85 0.75
3 37 31 41  0.72 0.20 0.97
3 38 39 40  0.72 0.20 0.97
4 37 39 40 41  0.72 0.20 0.97
3 31 38 43  0.31 0.85 0.75
3 40 41 42   0.31 0.85 0.75
4 31 41 42 43  0.31 0.85 0.75
3 42 43 45  0.72 0.20 0.97
3 38 40 44  0.72 0.20 0.97
4 42 40 44 45  0.72 0.20 0.97
3 43 38 47  0.31 0.85 0.75
3 44 45 46   0.31 0.85 0.75
4 43 45 46 47  0.31 0.85 0.75
3 46 47 49  0.72 0.20 0.97
3 38 44 48  0.72 0.20 0.97
4 46 44 48 49  0.72 0.20 0.97
3 48 49 51  0.31 0.85 0.75
3 47 38 50   0.31 0.85 0.75
4 48 38 50 51  0.31 0.85 0.75



