OFF
52 73 124
-0.3 -0.3 -0.3
0.3 -0.3 -0.3
0.3 0.3 -0.3
-0.3 0.3 -0.3
0.3 0.3 0.3
0.3 -0.3 0.3
0.9 -0.3 0.3
0.9 0.3 0.3
0.9 -0.3 0.9
0.3 -0.3 0.9
0.9 -0.9 0.9
0.9 -0.9 0.3
1.5 -0.3 0.3
1.5 -0.9 0.3
1.5 -0.3 -0.3
0.9 -0.3 -0.3
0.9 0.3 0.3
0.9 0.3 -0.3
0.3 -0.3 -0.3
0.3 0.3 -0.3
0.9 -0.3 -0.9
0.9 0.3 -0.9
1.5 0.3 -0.9
1.5 -0.3 -0.9
1.5 -0.3 -1.5
1.5 0.3 -1.5
2.1 0.3 -0.9
2.1 0.3 -1.5
1.5 0.9 -0.9
1.5 0.9 -1.5
0.9 0.9 -0.9
0.9 0.3 -0.9
0.9 0.3 -0.3
0.9 0.9 -0.3
0.3 0.9 -0.3
0.3 0.3 -0.3
0.9 0.9 0.3
0.9 0.3 0.3
1.5 0.9 0.3
1.5 0.9 -0.3
1.5 1.5 0.3
0.9 1.5 0.3
0.9 0.9 0.9
0.9 1.5 0.9
0.3 0.9 0.9
0.3 0.9 0.3
0.9 0.3 0.3
0.3 0.3 0.3
0.3 0.9 -0.3
0.3 0.3 -0.3
-0.3 0.3 -0.3
-0.3 0.9 -0.3
4 0 1 2 3  0.72 0.20 0.97
3 0 1 5  0.72 0.20 0.97
3 2 3 4  0.72 0.20 0.97
4 0 3 4 5  0.72 0.20 0.97
3 2 4 7  0.31 0.85 0.75
3 5 1 6   0.31 0.85 0.75
4 2 1 6 7  0.31 0.85 0.75
3 4 5 9  0.72 0.20 0.97
3 6 7 8  0.72 0.20 0.97
4 4 7 8 9  0.72 0.20 0.97
3 5 6 11  0.31 0.85 0.75
3 8 9 10   0.31 0.85 0.75
4 5 9 10 11  0.31 0.85 0.75
3 10 11 13  0.72 0.20 0.97
3 6 8 12  0.72 0.20 0.97
4 10 8 12 13  0.72 0.20 0.97
3 11 6 15  0.31 0.85 0.75
3 12 13 14   0.31 0.85 0.75
4 11 13 14 15  0.31 0.85 0.75
3 14 15 17  0.72 0.20 0.97
3 6 12 16  0.72 0.20 0.97
4 14 12 16 17  0.72 0.20 0.97
3 16 17 19  0.31 0.85 0.75
3 15 6 18   0.31 0.85 0.75
4 16 6 18 19  0.31 0.85 0.75
3 19 17 21  0.72 0.20 0.97
3 15 18 20  0.72 0.20 0.97
4 19 18 20 21  0.72 0.20 0.97
3 15 20 23  0.31 0.85 0.75
3 21 17 22   0.31 0.85 0.75
4 15 17 22 23  0.31 0.85 0.75
3 21 22 25  0.72 0.20 0.97
3 23 20 24  0.72 0.20 0.97
4 21 20 24 25  0.72 0.20 0.97
3 24 25 27  0.31 0.85 0.75
3 22 23 26   0.31 0.85 0.75
4 24 23 26 27  0.31 0.85 0.75
3 27 25 29  0.72 0.20 0.97
3 22 26 28  0.72 0.20 0.97
4 27 26 28 29  0.72 0.20 0.97
3 25 22 31  0.31 0.85 0.75
3 28 29 30   0.31 0.85 0.75
4 25 29 30 31  0.31 0.85 0.75
3 28 30 33  0.72 0.20 0.97
3 31 22 32  0.72 0.20 0.97
4 28 22 32 33  0.72 0.20 0.97
3 31 32 35  0.31 0.85 0.75
3 33 30 34   0.31 0.85 0.75
4 31 30 34 35  0.31 0.85 0.75
3 35 32 37  0.72 0.20 0.97
3 33 34 36  0.72 0.20 0.97
4 35 34 36 37  0.72 0.20 0.97
3 32 33 39  0.31 0.85 0.75
3 36 37 38   0.31 0.85 0.75
4 32 37 38 39  0.31 0.85 0.75
3 33 36 41  0.72 0.20 0.97
3 38 39 40  0.72 0.20 0.97
4 33 39 40 41  0.72 0.20 0.97
3 40 41 43  0.31 0.85 0.75
3 36 38 42   0.31 0.85 0.75
4 40 38 42 43  0.31 0.85 0.75
3 41 36 45  0.72 0.20 0.97
3 42 43 44  0.72 0.20 0.97
4 41 43 44 45  0.72 0.20 0.97
3 44 45 47  0.31 0.85 0.75
3 36 42 46   0.31 0.85 0.75
4 44 42 46 47  0.31 0.85 0.75
3 46 47 49  0.72 0.20 0.97
3 45 36 48  0.72 0.20 0.97
4 46 36 48 49  0.72 0.20 0.97
3 45 48 51  0.31 0.85 0.75
3 49 47 50   0.31 0.85 0.75
4 45 47 50 51  0.31 0.85 0.75



