OFF
52 73 124
-0.4 -0.4 -0.4
0.4 -0.4 -0.4
0.4 0.4 -0.4
-0.4 0.4 -0.4
0.4 0.4 0.4
0.4 -0.4 0.4
1.2 0.4 -0.4
1.2 -0.4 -0.4
1.2 -0.4 -1.2
1.2 0.4 -1.2
2 0.4 -1.2
2 -0.4 -1.2
2 -0.4 -2
2 0.4 -2
2.8 -0.4 -1.2
2.8 0.4 -1.2
2 -0.4 -0.4
2 0.4 -0.4
1.2 0.4 -0.4
1.2 -0.4 -0.4
1.2 0.4 0.4
2 0.4 0.4
1.2 1.2 0.4
1.2 1.2 -0.4
0.4 0.4 -0.4
0.4 1.2 -0.4
1.2 1.2 -1.2
0.4 1.2 -1.2
1.2 2 -0.4
0.4 2 -0.4
1.2 2 0.4
1.2 1.2 0.4
2 2 0.4
2 2 -0.4
1.2 2.8 -0.4
2 2.8 -0.4
2 2 -1.2
2 2.8 -1.2
2.8 2.8 -1.2
2.8 2 -1.2
2 2.8 -2
2 2 -2
1.2 2.8 -1.2
1.2 2 -1.2
1.2 2 -0.4
1.2 2.8 -0.4
0.4 2.8 -0.4
0.4 2 -0.4
0.4 2 0.4
0.4 2.8 0.4
-0.4 2 -0.4
-0.4 2.8 -0.4
4 0 1 2 3  0.72 0.20 0.97
3 0 1 5  0.72 0.20 0.97
3 2 3 4  0.72 0.20 0.97
4 0 3 4 5  0.72 0.20 0.97
3 5 1 7  0.31 0.85 0.75
3 2 4 6   0.31 0.85 0.75
4 5 4 6 7  0.31 0.85 0.75
3 2 6 9  0.72 0.20 0.97
3 7 1 8  0.72 0.20 0.97
4 2 1 8 9  0.72 0.20 0.97
3 7 8 11  0.31 0.85 0.75
3 9 6 10   0.31 0.85 0.75
4 7 6 10 11  0.31 0.85 0.75
3 9 10 13  0.72 0.20 0.97
3 11 8 12  0.72 0.20 0.97
4 9 8 12 13  0.72 0.20 0.97
3 13 10 15  0.31 0.85 0.75
3 11 12 14   0.31 0.85 0.75
4 13 12 14 15  0.31 0.85 0.75
3 15 10 17  0.72 0.20 0.97
3 11 14 16  0.72 0.20 0.97
4 15 14 16 17  0.72 0.20 0.97
3 11 16 19  0.31 0.85 0.75
3 17 10 18   0.31 0.85 0.75
4 11 10 18 19  0.31 0.85 0.75
3 16 17 21  0.72 0.20 0.97
3 18 19 20  0.72 0.20 0.97
4 16 19 20 21  0.72 0.20 0.97
3 17 18 23  0.31 0.85 0.75
3 20 21 22   0.31 0.85 0.75
4 17 21 22 23  0.31 0.85 0.75
3 22 23 25  0.72 0.20 0.97
3 18 20 24  0.72 0.20 0.97
4 22 20 24 25  0.72 0.20 0.97
3 24 25 27  0.31 0.85 0.75
3 23 18 26   0.31 0.85 0.75
4 24 18 26 27  0.31 0.85 0.75
3 27 25 29  0.72 0.20 0.97
3 23 26 28  0.72 0.20 0.97
4 27 26 28 29  0.72 0.20 0.97
3 25 23 31  0.31 0.85 0.75
3 28 29 30   0.31 0.85 0.75
4 25 29 30 31  0.31 0.85 0.75
3 23 28 33  0.72 0.20 0.97
3 30 31 32  0.72 0.20 0.97
4 23 31 32 33  0.72 0.20 0.97
3 32 33 35  0.31 0.85 0.75
3 28 30 34   0.31 0.85 0.75
4 32 30 34 35  0.31 0.85 0.75
3 34 35 37  0.72 0.20 0.97
3 33 28 36  0.72 0.20 0.97
4 34 28 36 37  0.72 0.20 0.97
3 33 36 39  0.31 0.85 0.75
3 37 35 38   0.31 0.85 0.75
4 33 35 38 39  0.31 0.85 0.75
3 39 36 41  0.72 0.20 0.97
3 37 38 40  0.72 0.20 0.97
4 39 38 40 41  0.72 0.20 0.97
3 41 36 43  0.31 0.85 0.75
3 37 40 42   0.31 0.85 0.75
4 41 40 42 43  0.31 0.85 0.75
3 37 42 45  0.72 0.20 0.97
3 43 36 44  0.72 0.20 0.97
4 37 36 44 45  0.72 0.20 0.97
3 43 44 47  0.31 0.85 0.75
3 45 42 46   0.31 0.85 0.75
4 43 42 46 47  0.31 0.85 0.75
3 45 46 49  0.72 0.20 0.97
3 47 44 48  0.72 0.20 0.97
4 45 44 48 49  0.72 0.20 0.97
3 49 46 51  0.31 0.85 0.75
3 47 48 50   0.31 0.85 0.75
4 49 48 50 51  0.31 0.85 0.75



