OFF
52 73 124
-0.3 -0.3 -0.3
0.3 -0.3 -0.3
0.3 0.3 -0.3
-0.3 0.3 -0.3
0.3 0.3 0.3
0.3 -0.3 0.3
0.9 -0.3 0.3
0.9 0.3 0.3
0.9 -0.3 0.9
0.3 -0.3 0.9
0.9 -0.9 0.3
0.3 -0.9 0.3
0.3 -0.3 -0.3
0.3 -0.9 -0.3
-0.3 -0.3 0.3
-0.3 -0.9 0.3
-0.3 -0.3 0.9
0.3 -0.3 0.9
0.3 0.3 0.9
-0.3 0.3 0.9
-0.3 0.3 1.5
0.3 0.3 1.5
-0.3 0.9 0.9
0.3 0.9 0.9
-0.3 0.3 0.3000001
0.3 0.3 0.3000001
0.3 -0.3 0.3000001
-0.3 -0.3 0.3000001
-0.3 0.3 -0.2999999
-0.3 -0.3 -0.2999999
-0.9 0.3 -0.2999999
-0.9 0.3 0.3000001
-0.9 0.9 0.3000001
-0.9 0.9 -0.2999999
-1.5 0.3 0.3000001
-1.5 0.3 -0.2999999
-0.9 -0.3 0.3000001
-0.9 -0.3 -0.2999999
-0.3000001 -0.3 -0.2999999
-0.3000001 -0.3 0.3000001
-0.3 -0.9 0.3000001
-0.3 -0.9 -0.2999999
0.2999999 -0.3 -0.2999999
0.3 -0.9 -0.2999999
-0.3000001 -0.3 -0.8999999
-0.3 -0.9 -0.8999999
-0.9 -0.3 -0.8999999
-0.9 -0.3 -0.2999999
-0.3000001 0.3 -0.8999999
-0.3000001 0.3 -0.2999999
0.2999999 -0.3 -0.2999999
0.2999998 0.3 -0.2999999
4 0 1 2 3 0.72 0.20 0.97
3 0 1 5 0.72 0.20 0.97
3 2 3 4 0.72 0.20 0.97
4 0 3 4 5 0.72 0.20 0.97
3 2 4 7  0.31 0.85 0.75
3 5 1 6  0.31 0.85 0.75
4 2 1 6 7  0.31 0.85 0.75
3 4 5 9  0.72 0.20 0.97
3 6 7 8  0.72 0.20 0.97
4 4 7 8 9  0.72 0.20 0.97
3 9 5 11  0.31 0.85 0.75
3 6 8 10  0.31 0.85 0.75
4 9 8 10 11  0.31 0.85 0.75
3 10 11 13  0.72 0.20 0.97
3 5 6 12  0.72 0.20 0.97
4 10 6 12 13  0.72 0.20 0.97
3 13 11 15  0.31 0.85 0.75
3 5 12 14  0.31 0.85 0.75
4 13 12 14 15  0.31 0.85 0.75
3 11 5 17  0.72 0.20 0.97
3 14 15 16  0.72 0.20 0.97
4 11 15 16 17  0.72 0.20 0.97
3 14 16 19  0.31 0.85 0.75
3 17 5 18  0.31 0.85 0.75
4 14 5 18 19  0.31 0.85 0.75
3 17 18 21  0.72 0.20 0.97
3 19 16 20  0.72 0.20 0.97
4 17 16 20 21  0.72 0.20 0.97
3 21 18 23  0.31 0.85 0.75
3 19 20 22  0.31 0.85 0.75
4 21 20 22 23  0.31 0.85 0.75
3 23 18 25  0.72 0.20 0.97
3 19 22 24  0.72 0.20 0.97
4 23 22 24 25  0.72 0.20 0.97
3 19 24 27  0.31 0.85 0.75
3 25 18 26  0.31 0.85 0.75
4 19 18 26 27  0.31 0.85 0.75
3 26 27 29  0.72 0.20 0.97
3 24 25 28  0.72 0.20 0.97
4 26 25 28 29  0.72 0.20 0.97
3 27 24 31  0.31 0.85 0.75
3 28 29 30  0.31 0.85 0.75
4 27 29 30 31  0.31 0.85 0.75
3 28 30 33  0.72 0.20 0.97
3 31 24 32  0.72 0.20 0.97
4 28 24 32 33  0.72 0.20 0.97
3 33 30 35  0.31 0.85 0.75
3 31 32 34  0.31 0.85 0.75
4 33 32 34 35  0.31 0.85 0.75
3 35 30 37  0.72 0.20 0.97
3 31 34 36  0.72 0.20 0.97
4 35 34 36 37  0.72 0.20 0.97
3 31 36 39  0.31 0.85 0.75
3 37 30 38  0.31 0.85 0.75
4 31 30 38 39  0.31 0.85 0.75
3 37 38 41  0.72 0.20 0.97
3 39 36 40  0.72 0.20 0.97
4 37 36 40 41  0.72 0.20 0.97
3 40 41 43  0.31 0.85 0.75
3 38 39 42  0.31 0.85 0.75
4 40 39 42 43  0.31 0.85 0.75
3 43 41 45  0.72 0.20 0.97
3 38 42 44  0.72 0.20 0.97
4 43 42 44 45  0.72 0.20 0.97
3 41 38 47  0.31 0.85 0.75
3 44 45 46  0.31 0.85 0.75
4 41 45 46 47  0.31 0.85 0.75
3 47 38 49  0.72 0.20 0.97
3 44 46 48  0.72 0.20 0.97
4 47 46 48 49  0.72 0.20 0.97
3 48 49 51  0.31 0.85 0.75
3 38 44 50  0.31 0.85 0.75
4 48 44 50 51  0.31 0.85 0.75
 
 
 
