OFF
52 73 124
-0.3 -0.3 -0.3
0.3 -0.3 -0.3
0.3 0.3 -0.3
-0.3 0.3 -0.3
0.3 0.3 0.3
0.3 -0.3 0.3
0.9 -0.3 -0.3
0.9 -0.3 0.3
0.3 -0.9 -0.3
0.3 -0.9 0.3
-0.3 -0.9 -0.3
-0.3 -0.3 -0.3
0.3 -0.9 -0.9
0.3 -0.3 -0.9
0.9 -0.9 -0.9
0.9 -0.9 -0.3
0.3 -1.5 -0.3
0.9 -1.5 -0.3
0.9 -1.5 0.3
0.3 -1.5 0.3
0.9 -2.1 -0.3
0.3 -2.1 -0.3
0.9 -1.5 -0.9
0.3 -1.5 -0.9
0.3 -0.9 -0.9
0.9 -0.9 -0.9
0.3 -0.9 -1.5
0.3 -1.5 -1.5
-0.3 -1.5 -0.9
-0.3 -1.5 -1.5
-0.3 -2.1 -1.5
-0.3 -2.1 -0.9
-0.9 -1.5 -1.5
-0.9 -1.5 -0.9
-0.3 -0.9 -1.5
-0.3 -0.9 -0.9
0.3 -0.9 -0.9
0.3 -0.9 -1.5
0.3 -0.3 -0.9
-0.3 -0.3 -0.9
-0.3 -0.9 -0.3
-0.3 -0.3 -0.3
-0.9 -0.9 -0.9
-0.9 -0.3 -0.9
-0.3 -0.3 -1.5
-0.9 -0.3 -1.5
-0.3 0.3 -0.9
-0.9 0.3 -0.9
-0.3 0.3 -0.3
-0.3 -0.3 -0.3
0.3 -0.3 -0.3
0.3 0.3 -0.3
4 0 1 2 3  0.72 0.20 0.97
3 0 1 5  0.72 0.20 0.97
3 2 3 4  0.72 0.20 0.97
4 0 3 4 5  0.72 0.20 0.97
3 4 5 7  0.31 0.85 0.75
3 1 2 6   0.31 0.85 0.75
4 4 2 6 7  0.31 0.85 0.75
3 7 5 9  0.72 0.20 0.97
3 1 6 8  0.72 0.20 0.97
4 7 6 8 9  0.72 0.20 0.97
3 5 1 11  0.31 0.85 0.75
3 8 9 10   0.31 0.85 0.75
4 5 9 10 11  0.31 0.85 0.75
3 11 1 13  0.72 0.20 0.97
3 8 10 12  0.72 0.20 0.97
4 11 10 12 13  0.72 0.20 0.97
3 1 8 15  0.31 0.85 0.75
3 12 13 14   0.31 0.85 0.75
4 1 13 14 15  0.31 0.85 0.75
3 14 15 17  0.72 0.20 0.97
3 8 12 16  0.72 0.20 0.97
4 14 12 16 17  0.72 0.20 0.97
3 8 16 19  0.31 0.85 0.75
3 17 15 18   0.31 0.85 0.75
4 8 15 18 19  0.31 0.85 0.75
3 19 16 21  0.72 0.20 0.97
3 17 18 20  0.72 0.20 0.97
4 19 18 20 21  0.72 0.20 0.97
3 21 16 23  0.31 0.85 0.75
3 17 20 22   0.31 0.85 0.75
4 21 20 22 23  0.31 0.85 0.75
3 17 22 25  0.72 0.20 0.97
3 23 16 24  0.72 0.20 0.97
4 17 16 24 25  0.72 0.20 0.97
3 22 23 27  0.31 0.85 0.75
3 24 25 26   0.31 0.85 0.75
4 22 25 26 27  0.31 0.85 0.75
3 26 27 29  0.72 0.20 0.97
3 23 24 28  0.72 0.20 0.97
4 26 24 28 29  0.72 0.20 0.97
3 23 28 31  0.31 0.85 0.75
3 29 27 30   0.31 0.85 0.75
4 23 27 30 31  0.31 0.85 0.75
3 31 28 33  0.72 0.20 0.97
3 29 30 32  0.72 0.20 0.97
4 31 30 32 33  0.72 0.20 0.97
3 33 28 35  0.31 0.85 0.75
3 29 32 34   0.31 0.85 0.75
4 33 32 34 35  0.31 0.85 0.75
3 29 34 37  0.72 0.20 0.97
3 35 28 36  0.72 0.20 0.97
4 29 28 36 37  0.72 0.20 0.97
3 34 35 39  0.31 0.85 0.75
3 36 37 38   0.31 0.85 0.75
4 34 37 38 39  0.31 0.85 0.75
3 38 39 41  0.72 0.20 0.97
3 35 36 40  0.72 0.20 0.97
4 38 36 40 41  0.72 0.20 0.97
3 41 39 43  0.31 0.85 0.75
3 35 40 42   0.31 0.85 0.75
4 41 40 42 43  0.31 0.85 0.75
3 42 43 45  0.72 0.20 0.97
3 39 35 44  0.72 0.20 0.97
4 42 35 44 45  0.72 0.20 0.97
3 45 43 47  0.31 0.85 0.75
3 39 44 46   0.31 0.85 0.75
4 45 44 46 47  0.31 0.85 0.75
3 43 39 49  0.72 0.20 0.97
3 46 47 48  0.72 0.20 0.97
4 43 47 48 49  0.72 0.20 0.97
3 46 48 51  0.31 0.85 0.75
3 49 39 50   0.31 0.85 0.75
4 46 39 50 51  0.31 0.85 0.75



