OFF
52 73 124
-0.3 -0.3 -0.3
0.3 -0.3 -0.3
0.3 0.3 -0.3
-0.3 0.3 -0.3
0.3 0.3 0.3
0.3 -0.3 0.3
0.9 -0.3 0.3
0.9 0.3 0.3
0.9 -0.3 0.9
0.3 -0.3 0.9
0.9 -0.9 0.3
0.3 -0.9 0.3
0.3 -0.3 -0.3
0.3 -0.9 -0.3
-0.3 -0.3 0.3
-0.3 -0.9 0.3
-0.3 -0.3 0.9
0.3 -0.3 0.9
-0.3 0.3 0.3
0.3 0.3 0.3
-0.3 0.3 -0.3
-0.3 -0.3 -0.3
-0.9 -0.3 0.3
-0.9 -0.3 -0.3
-0.9 -0.9 0.3
-0.3 -0.9 0.3
-0.3 -0.9 0.9
-0.9 -0.9 0.9
-0.3 -1.5 0.3
-0.9 -1.5 0.3
-0.9 -1.5 -0.3
-0.3 -1.5 -0.3
-0.3 -2.1 0.3
-0.3 -2.1 -0.3
0.3 -2.1 0.3
0.3 -1.5 0.3
-0.3 -1.5 0.9
0.3 -1.5 0.9
-0.3 -0.9 0.3
0.3 -0.9 0.3
0.3 -1.5 -0.3
0.3 -0.9 -0.3
0.9 -1.5 0.3
0.9 -0.9 0.3
0.9 -1.5 0.9
0.3 -1.5 0.9
0.9 -2.1 0.3
0.3 -2.1 0.3
0.3 -1.5 -0.3
0.3 -2.1 -0.3
-0.3 -2.1 -0.3
-0.3 -1.5 -0.3
4 0 1 2 3  0.72 0.20 0.97
3 0 1 5  0.72 0.20 0.97
3 2 3 4  0.72 0.20 0.97
4 0 3 4 5  0.72 0.20 0.97
3 2 4 7  0.31 0.85 0.75
3 5 1 6   0.31 0.85 0.75
4 2 1 6 7  0.31 0.85 0.75
3 4 5 9  0.72 0.20 0.97
3 6 7 8  0.72 0.20 0.97
4 4 7 8 9  0.72 0.20 0.97
3 9 5 11  0.31 0.85 0.75
3 6 8 10   0.31 0.85 0.75
4 9 8 10 11  0.31 0.85 0.75
3 10 11 13  0.72 0.20 0.97
3 5 6 12  0.72 0.20 0.97
4 10 6 12 13  0.72 0.20 0.97
3 13 11 15  0.31 0.85 0.75
3 5 12 14   0.31 0.85 0.75
4 13 12 14 15  0.31 0.85 0.75
3 11 5 17  0.72 0.20 0.97
3 14 15 16  0.72 0.20 0.97
4 11 15 16 17  0.72 0.20 0.97
3 17 5 19  0.31 0.85 0.75
3 14 16 18   0.31 0.85 0.75
4 17 16 18 19  0.31 0.85 0.75
3 5 14 21  0.72 0.20 0.97
3 18 19 20  0.72 0.20 0.97
4 5 19 20 21  0.72 0.20 0.97
3 20 21 23  0.31 0.85 0.75
3 14 18 22   0.31 0.85 0.75
4 20 18 22 23  0.31 0.85 0.75
3 21 14 25  0.72 0.20 0.97
3 22 23 24  0.72 0.20 0.97
4 21 23 24 25  0.72 0.20 0.97
3 22 24 27  0.31 0.85 0.75
3 25 14 26   0.31 0.85 0.75
4 22 14 26 27  0.31 0.85 0.75
3 27 24 29  0.72 0.20 0.97
3 25 26 28  0.72 0.20 0.97
4 27 26 28 29  0.72 0.20 0.97
3 25 28 31  0.31 0.85 0.75
3 29 24 30   0.31 0.85 0.75
4 25 24 30 31  0.31 0.85 0.75
3 30 31 33  0.72 0.20 0.97
3 28 29 32  0.72 0.20 0.97
4 30 29 32 33  0.72 0.20 0.97
3 31 28 35  0.31 0.85 0.75
3 32 33 34   0.31 0.85 0.75
4 31 33 34 35  0.31 0.85 0.75
3 34 35 37  0.72 0.20 0.97
3 28 32 36  0.72 0.20 0.97
4 34 32 36 37  0.72 0.20 0.97
3 37 35 39  0.31 0.85 0.75
3 28 36 38   0.31 0.85 0.75
4 37 36 38 39  0.31 0.85 0.75
3 38 39 41  0.72 0.20 0.97
3 35 28 40  0.72 0.20 0.97
4 38 28 40 41  0.72 0.20 0.97
3 41 39 43  0.31 0.85 0.75
3 35 40 42   0.31 0.85 0.75
4 41 40 42 43  0.31 0.85 0.75
3 39 35 45  0.72 0.20 0.97
3 42 43 44  0.72 0.20 0.97
4 39 43 44 45  0.72 0.20 0.97
3 45 35 47  0.31 0.85 0.75
3 42 44 46   0.31 0.85 0.75
4 45 44 46 47  0.31 0.85 0.75
3 46 47 49  0.72 0.20 0.97
3 35 42 48  0.72 0.20 0.97
4 46 42 48 49  0.72 0.20 0.97
3 35 48 51  0.31 0.85 0.75
3 49 47 50   0.31 0.85 0.75
4 35 47 50 51  0.31 0.85 0.75



