OFF
52 73 124
-0.5 -0.5 -0.5
0.5 -0.5 -0.5
0.5 0.5 -0.5
-0.5 0.5 -0.5
0.5 0.5 0.5
0.5 -0.5 0.5
1.5 0.5 -0.5
1.5 -0.5 -0.5
1.5 0.5 -1.5
0.5 0.5 -1.5
1.5 1.5 -0.5
0.5 1.5 -0.5
0.5 0.5 0.5
0.5 1.5 0.5
-0.5 0.5 -0.5
-0.5 1.5 -0.5
-0.5 1.5 -1.5
-0.5 0.5 -1.5
-1.5 0.5 -1.5
-1.5 1.5 -1.5
-0.5 0.5 -2.5
-0.5 1.5 -2.5
0.5 0.5 -2.5
0.5 0.5 -1.5
0.5 -0.5 -1.5
0.5 -0.5 -2.5
1.5 -0.5 -1.5
1.5 0.5 -1.5
1.5 -0.5 -0.5
0.5 -0.5 -0.5
0.5 -1.5 -0.5
1.5 -1.5 -0.5
0.5 -1.5 0.5
0.5 -0.5 0.5
-0.5 -1.5 -0.5
-0.5 -0.5 -0.5
-0.5 -0.5 -1.5
-0.5 -1.5 -1.5
-1.5 -1.5 -1.5
-1.5 -0.5 -1.5
-0.5 -1.5 -2.5
-0.5 -0.5 -2.5
0.5 -0.5 -1.5
0.5 -0.5 -2.5
-0.5 0.5 -1.5
-0.5 0.5 -2.5
-1.5 0.5 -1.5
-1.5 -0.5 -1.5
-0.5 0.5 -0.5
-0.5 -0.5 -0.5
0.5 -0.5 -0.5
0.5 0.5 -0.5
4 0 1 2 3  0.72 0.20 0.97
3 0 1 5  0.72 0.20 0.97
3 2 3 4  0.72 0.20 0.97
4 0 3 4 5  0.72 0.20 0.97
3 5 1 7  0.31 0.85 0.75
3 2 4 6   0.31 0.85 0.75
4 5 4 6 7  0.31 0.85 0.75
3 1 2 9  0.72 0.20 0.97
3 6 7 8  0.72 0.20 0.97
4 1 7 8 9  0.72 0.20 0.97
3 9 2 11  0.31 0.85 0.75
3 6 8 10   0.31 0.85 0.75
4 9 8 10 11  0.31 0.85 0.75
3 10 11 13  0.72 0.20 0.97
3 2 6 12  0.72 0.20 0.97
4 10 6 12 13  0.72 0.20 0.97
3 13 11 15  0.31 0.85 0.75
3 2 12 14   0.31 0.85 0.75
4 13 12 14 15  0.31 0.85 0.75
3 2 14 17  0.72 0.20 0.97
3 15 11 16  0.72 0.20 0.97
4 2 11 16 17  0.72 0.20 0.97
3 15 16 19  0.31 0.85 0.75
3 17 14 18   0.31 0.85 0.75
4 15 14 18 19  0.31 0.85 0.75
3 19 16 21  0.72 0.20 0.97
3 17 18 20  0.72 0.20 0.97
4 19 18 20 21  0.72 0.20 0.97
3 16 17 23  0.31 0.85 0.75
3 20 21 22   0.31 0.85 0.75
4 16 21 22 23  0.31 0.85 0.75
3 20 22 25  0.72 0.20 0.97
3 23 17 24  0.72 0.20 0.97
4 20 17 24 25  0.72 0.20 0.97
3 22 23 27  0.31 0.85 0.75
3 24 25 26   0.31 0.85 0.75
4 22 25 26 27  0.31 0.85 0.75
3 23 24 29  0.72 0.20 0.97
3 26 27 28  0.72 0.20 0.97
4 23 27 28 29  0.72 0.20 0.97
3 26 28 31  0.31 0.85 0.75
3 29 24 30   0.31 0.85 0.75
4 26 24 30 31  0.31 0.85 0.75
3 28 29 33  0.72 0.20 0.97
3 30 31 32  0.72 0.20 0.97
4 28 31 32 33  0.72 0.20 0.97
3 33 29 35  0.31 0.85 0.75
3 30 32 34   0.31 0.85 0.75
4 33 32 34 35  0.31 0.85 0.75
3 30 34 37  0.72 0.20 0.97
3 35 29 36  0.72 0.20 0.97
4 30 29 36 37  0.72 0.20 0.97
3 35 36 39  0.31 0.85 0.75
3 37 34 38   0.31 0.85 0.75
4 35 34 38 39  0.31 0.85 0.75
3 39 36 41  0.72 0.20 0.97
3 37 38 40  0.72 0.20 0.97
4 39 38 40 41  0.72 0.20 0.97
3 40 41 43  0.31 0.85 0.75
3 36 37 42   0.31 0.85 0.75
4 40 37 42 43  0.31 0.85 0.75
3 43 41 45  0.72 0.20 0.97
3 36 42 44  0.72 0.20 0.97
4 43 42 44 45  0.72 0.20 0.97
3 41 36 47  0.31 0.85 0.75
3 44 45 46   0.31 0.85 0.75
4 41 45 46 47  0.31 0.85 0.75
3 47 36 49  0.72 0.20 0.97
3 44 46 48  0.72 0.20 0.97
4 47 46 48 49  0.72 0.20 0.97
3 44 48 51  0.31 0.85 0.75
3 49 36 50   0.31 0.85 0.75
4 44 36 50 51  0.31 0.85 0.75



