OFF
52 73 124
-0.3 -0.3 -0.3
0.3 -0.3 -0.3
0.3 0.3 -0.3
-0.3 0.3 -0.3
0.3 0.3 0.3
0.3 -0.3 0.3
0.9 0.3 0.3
0.9 0.3 -0.3
0.9 0.9 0.3
0.3 0.9 0.3
0.3 0.3 0.9
0.3 0.9 0.9
-0.3 0.9 0.9
-0.3 0.3 0.9
-0.3 0.9 1.5
0.3 0.9 1.5
0.3 1.5 1.5
-0.3 1.5 1.5
0.3 0.9 2.1
-0.3 0.9 2.1
0.3 0.3000001 1.5
-0.3 0.3000001 1.5
-0.3 0.3 0.9000001
0.3 0.3 0.9000001
-0.3 -0.3 0.9000001
-0.3 -0.2999999 1.5
-0.9 0.3 0.9000001
-0.9 0.3000001 1.5
-0.3 0.9 1.5
-0.9 0.9 1.5
-0.9 0.9 2.1
-0.3 0.9 2.1
-0.9 1.5 1.5
-0.3 1.5 1.5
-0.9 0.9 0.9000001
-0.3 0.9 0.9000001
-0.3 0.3000001 0.9000001
-0.9 0.3000001 0.9000001
-0.9 0.9 0.3000002
-0.9 0.3 0.3000002
-1.5 0.3 0.3000002
-1.5 0.9 0.3000002
-1.5 0.3 -0.2999997
-0.9 0.3 -0.2999997
-0.9 -0.3 0.3000002
-0.9 -0.3000001 -0.2999997
-0.3000001 0.3 -0.2999997
-0.3000001 -0.3000001 -0.2999997
-0.3 -0.3000001 -0.8999996
-0.3 0.2999999 -0.8999996
0.2999999 -0.3000001 -0.2999997
0.2999999 0.3 -0.2999997
4 0 1 2 3 0.72 0.20 0.97
3 0 1 5 0.72 0.20 0.97
3 2 3 4 0.72 0.20 0.97
4 0 3 4 5 0.72 0.20 0.97
3 1 2 7  0.31 0.85 0.75
3 4 5 6  0.31 0.85 0.75
4 1 5 6 7  0.31 0.85 0.75
3 2 4 9  0.72 0.20 0.97
3 6 7 8  0.72 0.20 0.97
4 2 7 8 9  0.72 0.20 0.97
3 8 9 11  0.31 0.85 0.75
3 4 6 10  0.31 0.85 0.75
4 8 6 10 11  0.31 0.85 0.75
3 4 10 13  0.72 0.20 0.97
3 11 9 12  0.72 0.20 0.97
4 4 9 12 13  0.72 0.20 0.97
3 10 11 15  0.31 0.85 0.75
3 12 13 14  0.31 0.85 0.75
4 10 13 14 15  0.31 0.85 0.75
3 12 14 17  0.72 0.20 0.97
3 15 11 16  0.72 0.20 0.97
4 12 11 16 17  0.72 0.20 0.97
3 17 14 19  0.31 0.85 0.75
3 15 16 18  0.31 0.85 0.75
4 17 16 18 19  0.31 0.85 0.75
3 19 14 21  0.72 0.20 0.97
3 15 18 20  0.72 0.20 0.97
4 19 18 20 21  0.72 0.20 0.97
3 15 20 23  0.31 0.85 0.75
3 21 14 22  0.31 0.85 0.75
4 15 14 22 23  0.31 0.85 0.75
3 20 21 25  0.72 0.20 0.97
3 22 23 24  0.72 0.20 0.97
4 20 23 24 25  0.72 0.20 0.97
3 25 21 27  0.31 0.85 0.75
3 22 24 26  0.31 0.85 0.75
4 25 24 26 27  0.31 0.85 0.75
3 26 27 29  0.72 0.20 0.97
3 21 22 28  0.72 0.20 0.97
4 26 22 28 29  0.72 0.20 0.97
3 21 28 31  0.31 0.85 0.75
3 29 27 30  0.31 0.85 0.75
4 21 27 30 31  0.31 0.85 0.75
3 31 28 33  0.72 0.20 0.97
3 29 30 32  0.72 0.20 0.97
4 31 30 32 33  0.72 0.20 0.97
3 33 28 35  0.31 0.85 0.75
3 29 32 34  0.31 0.85 0.75
4 33 32 34 35  0.31 0.85 0.75
3 29 34 37  0.72 0.20 0.97
3 35 28 36  0.72 0.20 0.97
4 29 28 36 37  0.72 0.20 0.97
3 36 37 39  0.31 0.85 0.75
3 34 35 38  0.31 0.85 0.75
4 36 35 38 39  0.31 0.85 0.75
3 34 38 41  0.72 0.20 0.97
3 39 37 40  0.72 0.20 0.97
4 34 37 40 41  0.72 0.20 0.97
3 38 39 43  0.31 0.85 0.75
3 40 41 42  0.31 0.85 0.75
4 38 41 42 43  0.31 0.85 0.75
3 42 43 45  0.72 0.20 0.97
3 39 40 44  0.72 0.20 0.97
4 42 40 44 45  0.72 0.20 0.97
3 44 45 47  0.31 0.85 0.75
3 43 39 46  0.31 0.85 0.75
4 44 39 46 47  0.31 0.85 0.75
3 43 46 49  0.72 0.20 0.97
3 47 45 48  0.72 0.20 0.97
4 43 45 48 49  0.72 0.20 0.97
3 49 46 51  0.31 0.85 0.75
3 47 48 50  0.31 0.85 0.75
4 49 48 50 51  0.31 0.85 0.75
 
 
 
