OFF
52 73 124
-0.2 -0.2 -0.2
0.2 -0.2 -0.2
0.2 0.2 -0.2
-0.2 0.2 -0.2
0.2 0.2 0.2
0.2 -0.2 0.2
0.6 -0.2 -0.2
0.6 -0.2 0.2
0.6 -0.6 0.2
0.6 -0.6 -0.2
1 -0.6 0.2
1 -0.2 0.2
0.6 -0.6 0.6
0.6 -0.2 0.6
0.2 -0.2 0.2
0.2 -0.2 0.6
0.2 0.2 0.6
0.2 0.2 0.2
-0.2 0.2 0.6
-0.2 -0.2 0.6
0.2 0.2 1
0.2 -0.2 1
0.6 -0.2 0.6
0.6 -0.2 1
0.6 -0.6 1
0.6 -0.6 0.6
1 -0.6 1
1 -0.2 1
0.6 -0.6 1.4
0.6 -0.2 1.4
0.2 -0.2 1
0.2 -0.2 1.4
0.2 0.2 1.4
0.2 0.2 1
-0.2 0.2 1.4
-0.2 -0.2 1.4
0.2 0.2 1.8
0.2 -0.2 1.8
0.6 -0.2 1.4
0.6 -0.2 1.8
0.6 -0.6 1.8
0.6 -0.6 1.4
1 -0.6 1.8
1 -0.2 1.8
0.6 -0.6 2.2
0.6 -0.2 2.2
0.2 -0.2 1.8
0.2 -0.2 2.2
0.2 0.2 2.2
0.2 0.2 1.8
-0.2 0.2 2.2
-0.2 -0.2 2.2
4 0 1 2 3  0.72 0.20 0.97
3 0 1 5  0.72 0.20 0.97
3 2 3 4  0.72 0.20 0.97
4 0 3 4 5  0.72 0.20 0.97
3 4 5 7  0.31 0.85 0.75
3 1 2 6   0.31 0.85 0.75
4 4 2 6 7  0.31 0.85 0.75
3 1 6 9  0.72 0.20 0.97
3 7 5 8  0.72 0.20 0.97
4 1 5 8 9  0.72 0.20 0.97
3 6 7 11  0.31 0.85 0.75
3 8 9 10   0.31 0.85 0.75
4 6 9 10 11  0.31 0.85 0.75
3 11 7 13  0.72 0.20 0.97
3 8 10 12  0.72 0.20 0.97
4 11 10 12 13  0.72 0.20 0.97
3 12 13 15  0.31 0.85 0.75
3 7 8 14   0.31 0.85 0.75
4 12 8 14 15  0.31 0.85 0.75
3 7 14 17  0.72 0.20 0.97
3 15 13 16  0.72 0.20 0.97
4 7 13 16 17  0.72 0.20 0.97
3 14 15 19  0.31 0.85 0.75
3 16 17 18   0.31 0.85 0.75
4 14 17 18 19  0.31 0.85 0.75
3 19 15 21  0.72 0.20 0.97
3 16 18 20  0.72 0.20 0.97
4 19 18 20 21  0.72 0.20 0.97
3 20 21 23  0.31 0.85 0.75
3 15 16 22   0.31 0.85 0.75
4 20 16 22 23  0.31 0.85 0.75
3 15 22 25  0.72 0.20 0.97
3 23 21 24  0.72 0.20 0.97
4 15 21 24 25  0.72 0.20 0.97
3 22 23 27  0.31 0.85 0.75
3 24 25 26   0.31 0.85 0.75
4 22 25 26 27  0.31 0.85 0.75
3 27 23 29  0.72 0.20 0.97
3 24 26 28  0.72 0.20 0.97
4 27 26 28 29  0.72 0.20 0.97
3 28 29 31  0.31 0.85 0.75
3 23 24 30   0.31 0.85 0.75
4 28 24 30 31  0.31 0.85 0.75
3 23 30 33  0.72 0.20 0.97
3 31 29 32  0.72 0.20 0.97
4 23 29 32 33  0.72 0.20 0.97
3 30 31 35  0.31 0.85 0.75
3 32 33 34   0.31 0.85 0.75
4 30 33 34 35  0.31 0.85 0.75
3 35 31 37  0.72 0.20 0.97
3 32 34 36  0.72 0.20 0.97
4 35 34 36 37  0.72 0.20 0.97
3 36 37 39  0.31 0.85 0.75
3 31 32 38   0.31 0.85 0.75
4 36 32 38 39  0.31 0.85 0.75
3 31 38 41  0.72 0.20 0.97
3 39 37 40  0.72 0.20 0.97
4 31 37 40 41  0.72 0.20 0.97
3 38 39 43  0.31 0.85 0.75
3 40 41 42   0.31 0.85 0.75
4 38 41 42 43  0.31 0.85 0.75
3 43 39 45  0.72 0.20 0.97
3 40 42 44  0.72 0.20 0.97
4 43 42 44 45  0.72 0.20 0.97
3 44 45 47  0.31 0.85 0.75
3 39 40 46   0.31 0.85 0.75
4 44 40 46 47  0.31 0.85 0.75
3 39 46 49  0.72 0.20 0.97
3 47 45 48  0.72 0.20 0.97
4 39 45 48 49  0.72 0.20 0.97
3 46 47 51  0.31 0.85 0.75
3 48 49 50   0.31 0.85 0.75
4 46 49 50 51  0.31 0.85 0.75



