OFF
52 73 124
-0.5 -0.5 -0.5
0.5 -0.5 -0.5
0.5 0.5 -0.5
-0.5 0.5 -0.5
0.5 0.5 0.5
0.5 -0.5 0.5
1.5 -0.5 -0.5
1.5 -0.5 0.5
1.5 -1.5 -0.5
0.5 -1.5 -0.5
1.5 -0.5 -1.5
0.5 -0.5 -1.5
0.5 0.5 -1.5
1.5 0.5 -1.5
0.5 0.5 -2.5
0.5 -0.5 -2.5
-0.5 -0.5 -1.5
-0.5 -0.5 -2.5
0.5 -1.5 -1.5
0.5 -1.5 -2.5
1.5 -1.5 -1.5
1.5 -0.5 -1.5
1.5 -1.5 -0.5
0.5 -1.5 -0.5
0.5 -2.5 -1.5
0.5 -2.5 -0.5
-0.5 -2.5 -1.5
-0.5 -1.5 -1.5
0.5 -1.5 -2.5
-0.5 -1.5 -2.5
-0.5 -0.5 -1.5
-0.5 -0.5 -2.5
-1.5 -1.5 -1.5
-1.5 -1.5 -2.5
-1.5 -2.5 -1.5
-0.5 -2.5 -1.5
-0.5 -1.5 -0.5
-0.5 -2.5 -0.5
0.5 -2.5 -0.5
0.5 -1.5 -0.5
-0.5 -2.5 0.5
-0.5 -1.5 0.5
-1.5 -1.5 -0.5
-1.5 -1.5 0.5
-1.5 -0.5 -0.5
-0.5 -0.5 -0.5
-0.5 -0.5 -1.5
-1.5 -0.5 -1.5
-0.5 0.5 -1.5
-0.5 0.5 -0.5
0.5 -0.5 -0.5
0.5 0.5 -0.5
4 0 1 2 3 0.72 0.20 0.97
3 0 1 5 0.72 0.20 0.97
3 2 3 4 0.72 0.20 0.97
4 0 3 4 5 0.72 0.20 0.97
3 4 5 7  0.31 0.85 0.75
3 1 2 6  0.31 0.85 0.75
4 4 2 6 7  0.31 0.85 0.75
3 5 1 9  0.72 0.20 0.97
3 6 7 8  0.72 0.20 0.97
4 5 7 8 9  0.72 0.20 0.97
3 9 1 11  0.31 0.85 0.75
3 6 8 10  0.31 0.85 0.75
4 9 8 10 11  0.31 0.85 0.75
3 6 10 13  0.72 0.20 0.97
3 11 1 12  0.72 0.20 0.97
4 6 1 12 13  0.72 0.20 0.97
3 10 11 15  0.31 0.85 0.75
3 12 13 14  0.31 0.85 0.75
4 10 13 14 15  0.31 0.85 0.75
3 14 15 17  0.72 0.20 0.97
3 11 12 16  0.72 0.20 0.97
4 14 12 16 17  0.72 0.20 0.97
3 17 15 19  0.31 0.85 0.75
3 11 16 18  0.31 0.85 0.75
4 17 16 18 19  0.31 0.85 0.75
3 15 11 21  0.72 0.20 0.97
3 18 19 20  0.72 0.20 0.97
4 15 19 20 21  0.72 0.20 0.97
3 11 18 23  0.31 0.85 0.75
3 20 21 22  0.31 0.85 0.75
4 11 21 22 23  0.31 0.85 0.75
3 22 23 25  0.72 0.20 0.97
3 18 20 24  0.72 0.20 0.97
4 22 20 24 25  0.72 0.20 0.97
3 23 18 27  0.31 0.85 0.75
3 24 25 26  0.31 0.85 0.75
4 23 25 26 27  0.31 0.85 0.75
3 26 27 29  0.72 0.20 0.97
3 18 24 28  0.72 0.20 0.97
4 26 24 28 29  0.72 0.20 0.97
3 28 29 31  0.31 0.85 0.75
3 27 18 30  0.31 0.85 0.75
4 28 18 30 31  0.31 0.85 0.75
3 31 29 33  0.72 0.20 0.97
3 27 30 32  0.72 0.20 0.97
4 31 30 32 33  0.72 0.20 0.97
3 29 27 35  0.31 0.85 0.75
3 32 33 34  0.31 0.85 0.75
4 29 33 34 35  0.31 0.85 0.75
3 34 35 37  0.72 0.20 0.97
3 27 32 36  0.72 0.20 0.97
4 34 32 36 37  0.72 0.20 0.97
3 27 36 39  0.31 0.85 0.75
3 37 35 38  0.31 0.85 0.75
4 27 35 38 39  0.31 0.85 0.75
3 39 36 41  0.72 0.20 0.97
3 37 38 40  0.72 0.20 0.97
4 39 38 40 41  0.72 0.20 0.97
3 40 41 43  0.31 0.85 0.75
3 36 37 42  0.31 0.85 0.75
4 40 37 42 43  0.31 0.85 0.75
3 41 36 45  0.72 0.20 0.97
3 42 43 44  0.72 0.20 0.97
4 41 43 44 45  0.72 0.20 0.97
3 42 44 47  0.31 0.85 0.75
3 45 36 46  0.31 0.85 0.75
4 42 36 46 47  0.31 0.85 0.75
3 44 45 49  0.72 0.20 0.97
3 46 47 48  0.72 0.20 0.97
4 44 47 48 49  0.72 0.20 0.97
3 48 49 51  0.31 0.85 0.75
3 45 46 50  0.31 0.85 0.75
4 48 46 50 51  0.31 0.85 0.75
 
 
 
