OFF
52 73 124
-0.3 -0.3 -0.3
0.3 -0.3 -0.3
0.3 0.3 -0.3
-0.3 0.3 -0.3
0.3 0.3 0.3
0.3 -0.3 0.3
0.9 0.3 -0.3
0.9 -0.3 -0.3
0.3 0.3 -0.9
0.3 -0.3 -0.9
-0.3 -0.3 -0.9
-0.3 0.3 -0.9
-0.3 -0.3 -1.5
0.3 -0.3 -1.5
-0.3 -0.9 -0.9
0.3 -0.9 -0.9
0.3 -0.3 -0.3
0.3 -0.9 -0.3
0.9 -0.9 -0.9
0.9 -0.9 -0.3
0.3 -1.5 -0.9
0.3 -1.5 -0.3
-0.3 -1.5 -0.9
-0.3 -0.9 -0.9
-0.3 -0.9 -1.5
-0.3 -1.5 -1.5
-0.9 -0.9 -0.9
-0.9 -1.5 -0.9
-0.9 -1.5 -0.3
-0.9 -0.9 -0.3
-1.5 -0.9 -0.9
-1.5 -0.9 -0.3
-0.9 -0.3 -0.9
-0.9 -0.3 -0.3
-0.3 -0.3 -0.9
-0.3 -0.9 -0.9
-0.3 -0.3 -1.5
-0.9 -0.3 -1.5
-0.3 0.3 -0.9
-0.9 0.3 -0.9
-0.9 -0.3 -0.3
-0.9 0.3 -0.3
-1.5 0.3 -0.3
-1.5 -0.3 -0.3
-0.9 0.3 0.3
-0.9 -0.3 0.3
-0.3 0.3 -0.3
-0.3 -0.3 -0.3
-0.3 -0.3 -0.9
-0.3 0.3 -0.9
0.3 -0.3 -0.3
0.3 0.3 -0.3
4 0 1 2 3  0.72 0.20 0.97
3 0 1 5  0.72 0.20 0.97
3 2 3 4  0.72 0.20 0.97
4 0 3 4 5  0.72 0.20 0.97
3 5 1 7  0.31 0.85 0.75
3 2 4 6   0.31 0.85 0.75
4 5 4 6 7  0.31 0.85 0.75
3 7 1 9  0.72 0.20 0.97
3 2 6 8  0.72 0.20 0.97
4 7 6 8 9  0.72 0.20 0.97
3 2 8 11  0.31 0.85 0.75
3 9 1 10   0.31 0.85 0.75
4 2 1 10 11  0.31 0.85 0.75
3 8 9 13  0.72 0.20 0.97
3 10 11 12  0.72 0.20 0.97
4 8 11 12 13  0.72 0.20 0.97
3 13 9 15  0.31 0.85 0.75
3 10 12 14   0.31 0.85 0.75
4 13 12 14 15  0.31 0.85 0.75
3 14 15 17  0.72 0.20 0.97
3 9 10 16  0.72 0.20 0.97
4 14 10 16 17  0.72 0.20 0.97
3 16 17 19  0.31 0.85 0.75
3 15 9 18   0.31 0.85 0.75
4 16 9 18 19  0.31 0.85 0.75
3 19 17 21  0.72 0.20 0.97
3 15 18 20  0.72 0.20 0.97
4 19 18 20 21  0.72 0.20 0.97
3 17 15 23  0.31 0.85 0.75
3 20 21 22   0.31 0.85 0.75
4 17 21 22 23  0.31 0.85 0.75
3 20 22 25  0.72 0.20 0.97
3 23 15 24  0.72 0.20 0.97
4 20 15 24 25  0.72 0.20 0.97
3 25 22 27  0.31 0.85 0.75
3 23 24 26   0.31 0.85 0.75
4 25 24 26 27  0.31 0.85 0.75
3 23 26 29  0.72 0.20 0.97
3 27 22 28  0.72 0.20 0.97
4 23 22 28 29  0.72 0.20 0.97
3 28 29 31  0.31 0.85 0.75
3 26 27 30   0.31 0.85 0.75
4 28 27 30 31  0.31 0.85 0.75
3 31 29 33  0.72 0.20 0.97
3 26 30 32  0.72 0.20 0.97
4 31 30 32 33  0.72 0.20 0.97
3 29 26 35  0.31 0.85 0.75
3 32 33 34   0.31 0.85 0.75
4 29 33 34 35  0.31 0.85 0.75
3 26 32 37  0.72 0.20 0.97
3 34 35 36  0.72 0.20 0.97
4 26 35 36 37  0.72 0.20 0.97
3 37 32 39  0.31 0.85 0.75
3 34 36 38   0.31 0.85 0.75
4 37 36 38 39  0.31 0.85 0.75
3 38 39 41  0.72 0.20 0.97
3 32 34 40  0.72 0.20 0.97
4 38 34 40 41  0.72 0.20 0.97
3 32 40 43  0.31 0.85 0.75
3 41 39 42   0.31 0.85 0.75
4 32 39 42 43  0.31 0.85 0.75
3 43 40 45  0.72 0.20 0.97
3 41 42 44  0.72 0.20 0.97
4 43 42 44 45  0.72 0.20 0.97
3 45 40 47  0.31 0.85 0.75
3 41 44 46   0.31 0.85 0.75
4 45 44 46 47  0.31 0.85 0.75
3 41 46 49  0.72 0.20 0.97
3 47 40 48  0.72 0.20 0.97
4 41 40 48 49  0.72 0.20 0.97
3 49 46 51  0.31 0.85 0.75
3 47 48 50   0.31 0.85 0.75
4 49 48 50 51  0.31 0.85 0.75



