OFF
52 73 124
-0.4 -0.4 -0.4
0.4 -0.4 -0.4
0.4 0.4 -0.4
-0.4 0.4 -0.4
0.4 0.4 0.4
0.4 -0.4 0.4
1.2 0.4 -0.4
1.2 -0.4 -0.4
0.4 -0.4 -1.2
1.2 -0.4 -1.2
1.2 -1.2 -1.2
0.4 -1.2 -1.2
1.2 -0.4 -2
0.4 -0.4 -2
0.4 0.4 -2
1.2 0.4 -2
1.2 0.4 -2.8
0.4 0.4 -2.8
1.2 1.2 -2
0.4 1.2 -2
0.4 1.2 -1.2
1.2 1.2 -1.2
1.2 2 -1.2
0.4 2 -1.2
1.2 1.2 -0.4
0.4 1.2 -0.4
0.4 0.4 -0.4
1.2 0.4 -0.4
0.4 0.4 0.4
0.4 1.2 0.4
-0.4 0.4 -0.4
-0.4 1.2 -0.4
0.4 1.2 -1.2
-0.4 1.2 -1.2
-0.4 2 -1.2
0.4 2 -1.2
-0.4 1.2 -2
0.4 1.2 -2
0.4 0.4 -2
-0.4 0.4 -2
-0.4 0.4 -2.8
0.4 0.4 -2.8
-0.4 -0.4 -2
0.4 -0.4 -2
0.4 -0.4 -1.2
-0.4 -0.4 -1.2
-0.4 -1.2 -1.2
0.4 -1.2 -1.2
-0.4 -0.4 -0.4
0.4 -0.4 -0.4
0.4 0.4 -0.4
-0.4 0.4 -0.4
4 0 1 2 3  0.72 0.20 0.97
3 0 1 5  0.72 0.20 0.97
3 2 3 4  0.72 0.20 0.97
4 0 3 4 5  0.72 0.20 0.97
3 5 1 7  0.31 0.85 0.75
3 2 4 6   0.31 0.85 0.75
4 5 4 6 7  0.31 0.85 0.75
3 6 7 9  0.72 0.20 0.97
3 1 2 8  0.72 0.20 0.97
4 6 2 8 9  0.72 0.20 0.97
3 1 8 11  0.31 0.85 0.75
3 9 7 10   0.31 0.85 0.75
4 1 7 10 11  0.31 0.85 0.75
3 11 8 13  0.72 0.20 0.97
3 9 10 12  0.72 0.20 0.97
4 11 10 12 13  0.72 0.20 0.97
3 9 12 15  0.31 0.85 0.75
3 13 8 14   0.31 0.85 0.75
4 9 8 14 15  0.31 0.85 0.75
3 13 14 17  0.72 0.20 0.97
3 15 12 16  0.72 0.20 0.97
4 13 12 16 17  0.72 0.20 0.97
3 17 14 19  0.31 0.85 0.75
3 15 16 18   0.31 0.85 0.75
4 17 16 18 19  0.31 0.85 0.75
3 15 18 21  0.72 0.20 0.97
3 19 14 20  0.72 0.20 0.97
4 15 14 20 21  0.72 0.20 0.97
3 19 20 23  0.31 0.85 0.75
3 21 18 22   0.31 0.85 0.75
4 19 18 22 23  0.31 0.85 0.75
3 23 20 25  0.72 0.20 0.97
3 21 22 24  0.72 0.20 0.97
4 23 22 24 25  0.72 0.20 0.97
3 21 24 27  0.31 0.85 0.75
3 25 20 26   0.31 0.85 0.75
4 21 20 26 27  0.31 0.85 0.75
3 24 25 29  0.72 0.20 0.97
3 26 27 28  0.72 0.20 0.97
4 24 27 28 29  0.72 0.20 0.97
3 29 25 31  0.31 0.85 0.75
3 26 28 30   0.31 0.85 0.75
4 29 28 30 31  0.31 0.85 0.75
3 30 31 33  0.72 0.20 0.97
3 25 26 32  0.72 0.20 0.97
4 30 26 32 33  0.72 0.20 0.97
3 25 32 35  0.31 0.85 0.75
3 33 31 34   0.31 0.85 0.75
4 25 31 34 35  0.31 0.85 0.75
3 35 32 37  0.72 0.20 0.97
3 33 34 36  0.72 0.20 0.97
4 35 34 36 37  0.72 0.20 0.97
3 33 36 39  0.31 0.85 0.75
3 37 32 38   0.31 0.85 0.75
4 33 32 38 39  0.31 0.85 0.75
3 37 38 41  0.72 0.20 0.97
3 39 36 40  0.72 0.20 0.97
4 37 36 40 41  0.72 0.20 0.97
3 41 38 43  0.31 0.85 0.75
3 39 40 42   0.31 0.85 0.75
4 41 40 42 43  0.31 0.85 0.75
3 39 42 45  0.72 0.20 0.97
3 43 38 44  0.72 0.20 0.97
4 39 38 44 45  0.72 0.20 0.97
3 43 44 47  0.31 0.85 0.75
3 45 42 46   0.31 0.85 0.75
4 43 42 46 47  0.31 0.85 0.75
3 47 44 49  0.72 0.20 0.97
3 45 46 48  0.72 0.20 0.97
4 47 46 48 49  0.72 0.20 0.97
3 45 48 51  0.31 0.85 0.75
3 49 44 50   0.31 0.85 0.75
4 45 44 50 51  0.31 0.85 0.75



