OFF
52 73 124
-0.2 -0.2 -0.2
0.2 -0.2 -0.2
0.2 0.2 -0.2
-0.2 0.2 -0.2
0.2 0.2 0.2
0.2 -0.2 0.2
0.6 -0.2 0.2
0.6 0.2 0.2
0.6 0.2 0.6
0.6 -0.2 0.6
1 -0.2 0.6
1 0.2 0.6
1 0.2 1
1 -0.2 1
1.4 0.2 0.6
1.4 -0.2 0.6
1.4 0.2 0.2
1 0.2 0.2
1.4 0.6 0.2
1.4 0.6 0.6
1.8 0.6 0.2
1.8 0.2 0.2
1.4 0.6 -0.2
1.4 0.2 -0.2
1 0.6 -0.2
1 0.6 0.2
1.4 1 0.2
1 1 0.2
1.4 0.6 0.6
1 0.6 0.6
1 0.2 0.2
1 0.2 0.6
0.6 0.2 0.2
0.6 0.6 0.2
1 0.2 -0.2
1 0.6 -0.2
1.4 0.2 -0.2
1.4 0.2 0.2
1.4 -0.2 -0.2
1 -0.2 -0.2
1.4 -0.2 -0.6
1.4 0.2 -0.6
1.8 -0.2 -0.2
1.8 0.2 -0.2
1.8 0.2 0.2
1.8 -0.2 0.2
2.2 -0.2 0.2
2.2 0.2 0.2
2.2 0.2 0.6
2.2 -0.2 0.6
2.6 -0.2 0.6
2.6 0.2 0.6
4 0 1 2 3  0.72 0.20 0.97
3 0 1 5  0.72 0.20 0.97
3 2 3 4  0.72 0.20 0.97
4 0 3 4 5  0.72 0.20 0.97
3 2 4 7  0.31 0.85 0.75
3 5 1 6   0.31 0.85 0.75
4 2 1 6 7  0.31 0.85 0.75
3 5 6 9  0.72 0.20 0.97
3 7 4 8  0.72 0.20 0.97
4 5 4 8 9  0.72 0.20 0.97
3 7 8 11  0.31 0.85 0.75
3 9 6 10   0.31 0.85 0.75
4 7 6 10 11  0.31 0.85 0.75
3 9 10 13  0.72 0.20 0.97
3 11 8 12  0.72 0.20 0.97
4 9 8 12 13  0.72 0.20 0.97
3 13 10 15  0.31 0.85 0.75
3 11 12 14   0.31 0.85 0.75
4 13 12 14 15  0.31 0.85 0.75
3 10 11 17  0.72 0.20 0.97
3 14 15 16  0.72 0.20 0.97
4 10 15 16 17  0.72 0.20 0.97
3 11 14 19  0.31 0.85 0.75
3 16 17 18   0.31 0.85 0.75
4 11 17 18 19  0.31 0.85 0.75
3 14 16 21  0.72 0.20 0.97
3 18 19 20  0.72 0.20 0.97
4 14 19 20 21  0.72 0.20 0.97
3 21 16 23  0.31 0.85 0.75
3 18 20 22   0.31 0.85 0.75
4 21 20 22 23  0.31 0.85 0.75
3 16 18 25  0.72 0.20 0.97
3 22 23 24  0.72 0.20 0.97
4 16 23 24 25  0.72 0.20 0.97
3 24 25 27  0.31 0.85 0.75
3 18 22 26   0.31 0.85 0.75
4 24 22 26 27  0.31 0.85 0.75
3 27 25 29  0.72 0.20 0.97
3 18 26 28  0.72 0.20 0.97
4 27 26 28 29  0.72 0.20 0.97
3 28 29 31  0.31 0.85 0.75
3 25 18 30   0.31 0.85 0.75
4 28 18 30 31  0.31 0.85 0.75
3 29 25 33  0.72 0.20 0.97
3 30 31 32  0.72 0.20 0.97
4 29 31 32 33  0.72 0.20 0.97
3 33 25 35  0.31 0.85 0.75
3 30 32 34   0.31 0.85 0.75
4 33 32 34 35  0.31 0.85 0.75
3 25 30 37  0.72 0.20 0.97
3 34 35 36  0.72 0.20 0.97
4 25 35 36 37  0.72 0.20 0.97
3 30 34 39  0.31 0.85 0.75
3 36 37 38   0.31 0.85 0.75
4 30 37 38 39  0.31 0.85 0.75
3 34 36 41  0.72 0.20 0.97
3 38 39 40  0.72 0.20 0.97
4 34 39 40 41  0.72 0.20 0.97
3 41 36 43  0.31 0.85 0.75
3 38 40 42   0.31 0.85 0.75
4 41 40 42 43  0.31 0.85 0.75
3 38 42 45  0.72 0.20 0.97
3 43 36 44  0.72 0.20 0.97
4 38 36 44 45  0.72 0.20 0.97
3 43 44 47  0.31 0.85 0.75
3 45 42 46   0.31 0.85 0.75
4 43 42 46 47  0.31 0.85 0.75
3 45 46 49  0.72 0.20 0.97
3 47 44 48  0.72 0.20 0.97
4 45 44 48 49  0.72 0.20 0.97
3 47 48 51  0.31 0.85 0.75
3 49 46 50   0.31 0.85 0.75
4 47 46 50 51  0.31 0.85 0.75



