OFF
52 73 124
-0.3 -0.3 -0.3
0.3 -0.3 -0.3
0.3 0.3 -0.3
-0.3 0.3 -0.3
0.3 0.3 0.3
0.3 -0.3 0.3
0.9 0.3 0.3
0.9 0.3 -0.3
0.9 0.9 -0.3
0.9 0.9 0.3
1.5 0.3 -0.3
1.5 0.3 0.3
1.5 -0.3 0.3
1.5 -0.3 -0.3
2.1 0.3 -0.3
2.1 -0.3 -0.3
1.5 0.3 -0.9
1.5 -0.3 -0.9
0.9 0.3 -0.9
0.9 0.3 -0.3
1.5 0.9 -0.9
1.5 0.9 -0.3
2.1 0.9 -0.9
2.1 0.3 -0.9
1.5 0.3 -1.5
2.1 0.3 -1.5
1.5 -0.3 -1.5
1.5 -0.3 -0.9
0.9 -0.3 -1.5
0.9 0.3 -1.5
1.5 0.3 -2.1
0.9 0.3 -2.1
0.9 0.9 -1.5
0.9 0.9 -2.1
0.3 0.9 -1.5
0.3 0.3 -1.5
0.9 0.3 -0.9
0.3 0.3 -0.9
0.9 -0.3 -1.5
0.3 -0.3 -1.5
0.3 0.3 -2.1
0.3 -0.3 -2.1
-0.3 0.3 -1.5
-0.3 -0.3 -1.5
-0.3 0.3 -0.9
0.3 0.3 -0.9
0.3 0.9 -0.9
-0.3 0.9 -0.9
0.3 0.3 -0.3
-0.3 0.3 -0.3
-0.3 -0.3 -0.3
0.3 -0.3 -0.3
4 0 1 2 3  0.72 0.20 0.97
3 0 1 5  0.72 0.20 0.97
3 2 3 4  0.72 0.20 0.97
4 0 3 4 5  0.72 0.20 0.97
3 1 2 7  0.31 0.85 0.75
3 4 5 6   0.31 0.85 0.75
4 1 5 6 7  0.31 0.85 0.75
3 4 6 9  0.72 0.20 0.97
3 7 2 8  0.72 0.20 0.97
4 4 2 8 9  0.72 0.20 0.97
3 9 6 11  0.31 0.85 0.75
3 7 8 10   0.31 0.85 0.75
4 9 8 10 11  0.31 0.85 0.75
3 7 10 13  0.72 0.20 0.97
3 11 6 12  0.72 0.20 0.97
4 7 6 12 13  0.72 0.20 0.97
3 12 13 15  0.31 0.85 0.75
3 10 11 14   0.31 0.85 0.75
4 12 11 14 15  0.31 0.85 0.75
3 15 13 17  0.72 0.20 0.97
3 10 14 16  0.72 0.20 0.97
4 15 14 16 17  0.72 0.20 0.97
3 13 10 19  0.31 0.85 0.75
3 16 17 18   0.31 0.85 0.75
4 13 17 18 19  0.31 0.85 0.75
3 19 10 21  0.72 0.20 0.97
3 16 18 20  0.72 0.20 0.97
4 19 18 20 21  0.72 0.20 0.97
3 10 16 23  0.31 0.85 0.75
3 20 21 22   0.31 0.85 0.75
4 10 21 22 23  0.31 0.85 0.75
3 22 23 25  0.72 0.20 0.97
3 16 20 24  0.72 0.20 0.97
4 22 20 24 25  0.72 0.20 0.97
3 23 16 27  0.31 0.85 0.75
3 24 25 26   0.31 0.85 0.75
4 23 25 26 27  0.31 0.85 0.75
3 16 24 29  0.72 0.20 0.97
3 26 27 28  0.72 0.20 0.97
4 16 27 28 29  0.72 0.20 0.97
3 28 29 31  0.31 0.85 0.75
3 24 26 30   0.31 0.85 0.75
4 28 26 30 31  0.31 0.85 0.75
3 30 31 33  0.72 0.20 0.97
3 29 24 32  0.72 0.20 0.97
4 30 24 32 33  0.72 0.20 0.97
3 31 29 35  0.31 0.85 0.75
3 32 33 34   0.31 0.85 0.75
4 31 33 34 35  0.31 0.85 0.75
3 34 35 37  0.72 0.20 0.97
3 29 32 36  0.72 0.20 0.97
4 34 32 36 37  0.72 0.20 0.97
3 37 35 39  0.31 0.85 0.75
3 29 36 38   0.31 0.85 0.75
4 37 36 38 39  0.31 0.85 0.75
3 38 39 41  0.72 0.20 0.97
3 35 29 40  0.72 0.20 0.97
4 38 29 40 41  0.72 0.20 0.97
3 41 39 43  0.31 0.85 0.75
3 35 40 42   0.31 0.85 0.75
4 41 40 42 43  0.31 0.85 0.75
3 39 35 45  0.72 0.20 0.97
3 42 43 44  0.72 0.20 0.97
4 39 43 44 45  0.72 0.20 0.97
3 42 44 47  0.31 0.85 0.75
3 45 35 46   0.31 0.85 0.75
4 42 35 46 47  0.31 0.85 0.75
3 47 44 49  0.72 0.20 0.97
3 45 46 48  0.72 0.20 0.97
4 47 46 48 49  0.72 0.20 0.97
3 45 48 51  0.31 0.85 0.75
3 49 44 50   0.31 0.85 0.75
4 45 44 50 51  0.31 0.85 0.75



