OFF
52 73 124
-0.3 -0.3 -0.3
0.3 -0.3 -0.3
0.3 0.3 -0.3
-0.3 0.3 -0.3
0.3 0.3 0.3
0.3 -0.3 0.3
0.9 0.3 -0.3
0.9 -0.3 -0.3
0.9 0.3 -0.9
0.3 0.3 -0.9
0.9 0.9 -0.3
0.3 0.9 -0.3
0.9 0.9 0.3
0.9 0.3 0.3
1.5 0.9 0.3
1.5 0.9 -0.3
0.9 1.5 0.3
0.9 1.5 -0.3
0.3 0.9 -0.3
0.3 1.5 -0.3
0.9 1.5 -0.9
0.3 1.5 -0.9
0.9 2.1 -0.3
0.3 2.1 -0.3
0.3 2.1 0.3
0.9 2.1 0.3
0.3 2.7 -0.3
0.9 2.7 -0.3
0.3 2.7 -0.9
0.3 2.1 -0.9
-0.3 2.7 -0.3
-0.3 2.1 -0.3
0.3 2.1 0.3
-0.3 2.1 0.3
0.3 1.5 -0.3
-0.3 1.5 -0.3
-0.3 1.5 -0.9
0.3 1.5 -0.9
-0.3 0.9 -0.3
0.3 0.9 -0.3
-0.3 0.9 0.3
-0.3 1.5 0.3
-0.9 0.9 0.3
-0.9 0.9 -0.3
-0.3 0.3 0.3
-0.3 0.3 -0.3
0.3 0.9 -0.3
0.3 0.3 -0.3
-0.3 0.3 -0.9
0.3 0.3 -0.9
-0.3 -0.3 -0.3
0.3 -0.3 -0.3
4 0 1 2 3  0.72 0.20 0.97
3 0 1 5  0.72 0.20 0.97
3 2 3 4  0.72 0.20 0.97
4 0 3 4 5  0.72 0.20 0.97
3 5 1 7  0.31 0.85 0.75
3 2 4 6   0.31 0.85 0.75
4 5 4 6 7  0.31 0.85 0.75
3 1 2 9  0.72 0.20 0.97
3 6 7 8  0.72 0.20 0.97
4 1 7 8 9  0.72 0.20 0.97
3 9 2 11  0.31 0.85 0.75
3 6 8 10   0.31 0.85 0.75
4 9 8 10 11  0.31 0.85 0.75
3 2 6 13  0.72 0.20 0.97
3 10 11 12  0.72 0.20 0.97
4 2 11 12 13  0.72 0.20 0.97
3 6 10 15  0.31 0.85 0.75
3 12 13 14   0.31 0.85 0.75
4 6 13 14 15  0.31 0.85 0.75
3 15 10 17  0.72 0.20 0.97
3 12 14 16  0.72 0.20 0.97
4 15 14 16 17  0.72 0.20 0.97
3 16 17 19  0.31 0.85 0.75
3 10 12 18   0.31 0.85 0.75
4 16 12 18 19  0.31 0.85 0.75
3 18 19 21  0.72 0.20 0.97
3 17 10 20  0.72 0.20 0.97
4 18 10 20 21  0.72 0.20 0.97
3 21 19 23  0.31 0.85 0.75
3 17 20 22   0.31 0.85 0.75
4 21 20 22 23  0.31 0.85 0.75
3 17 22 25  0.72 0.20 0.97
3 23 19 24  0.72 0.20 0.97
4 17 19 24 25  0.72 0.20 0.97
3 25 22 27  0.31 0.85 0.75
3 23 24 26   0.31 0.85 0.75
4 25 24 26 27  0.31 0.85 0.75
3 22 23 29  0.72 0.20 0.97
3 26 27 28  0.72 0.20 0.97
4 22 27 28 29  0.72 0.20 0.97
3 29 23 31  0.31 0.85 0.75
3 26 28 30   0.31 0.85 0.75
4 29 28 30 31  0.31 0.85 0.75
3 30 31 33  0.72 0.20 0.97
3 23 26 32  0.72 0.20 0.97
4 30 26 32 33  0.72 0.20 0.97
3 33 31 35  0.31 0.85 0.75
3 23 32 34   0.31 0.85 0.75
4 33 32 34 35  0.31 0.85 0.75
3 23 34 37  0.72 0.20 0.97
3 35 31 36  0.72 0.20 0.97
4 23 31 36 37  0.72 0.20 0.97
3 37 34 39  0.31 0.85 0.75
3 35 36 38   0.31 0.85 0.75
4 37 36 38 39  0.31 0.85 0.75
3 34 35 41  0.72 0.20 0.97
3 38 39 40  0.72 0.20 0.97
4 34 39 40 41  0.72 0.20 0.97
3 35 38 43  0.31 0.85 0.75
3 40 41 42   0.31 0.85 0.75
4 35 41 42 43  0.31 0.85 0.75
3 43 38 45  0.72 0.20 0.97
3 40 42 44  0.72 0.20 0.97
4 43 42 44 45  0.72 0.20 0.97
3 44 45 47  0.31 0.85 0.75
3 38 40 46   0.31 0.85 0.75
4 44 40 46 47  0.31 0.85 0.75
3 46 47 49  0.72 0.20 0.97
3 45 38 48  0.72 0.20 0.97
4 46 38 48 49  0.72 0.20 0.97
3 49 47 51  0.31 0.85 0.75
3 45 48 50   0.31 0.85 0.75
4 49 48 50 51  0.31 0.85 0.75



