OFF
52 73 124
-0.3 -0.3 -0.3
0.3 -0.3 -0.3
0.3 0.3 -0.3
-0.3 0.3 -0.3
0.3 0.3 0.3
0.3 -0.3 0.3
0.9 -0.3 -0.3
0.9 -0.3 0.3
0.9 -0.9 0.3
0.9 -0.9 -0.3
1.5 -0.9 -0.3
1.5 -0.9 0.3
0.9 -1.5 -0.3
0.9 -1.5 0.3
0.3 -0.9 0.3
0.3 -1.5 0.3
0.3 -0.9 0.9
0.9 -0.9 0.9
0.3 -0.3 0.9
0.3 -0.3 0.3
-0.3 -0.9 0.9
-0.3 -0.9 0.3
0.3 -1.5 0.3
-0.3 -1.5 0.3
0.3 -1.5 -0.3
0.3 -0.9 -0.3
0.9 -0.9 -0.3
0.9 -1.5 -0.3
0.3 -0.9 -0.9
0.3 -1.5 -0.9
-0.3 -0.9 -0.3
-0.3 -1.5 -0.3
-0.3 -1.5 0.3
-0.3 -0.9 0.3
-0.9 -0.9 -0.3
-0.9 -0.9 0.3
-0.9 -0.3 -0.3
-0.3 -0.3 -0.3
-0.9 -0.9 -0.9
-0.3 -0.9 -0.9
-0.3 -1.5 -0.3
-0.3 -1.5 -0.9
0.3 -0.9 -0.9
0.3 -1.5 -0.9
0.3 -0.9 -1.5
-0.3 -0.9 -1.5
0.3 -0.3 -0.9
-0.3 -0.3 -0.9
-0.3 -0.3 -0.3
0.3 -0.3 -0.3
0.3 0.3 -0.3
-0.3 0.3 -0.3
4 0 1 2 3  0.72 0.20 0.97
3 0 1 5  0.72 0.20 0.97
3 2 3 4  0.72 0.20 0.97
4 0 3 4 5  0.72 0.20 0.97
3 4 5 7  0.31 0.85 0.75
3 1 2 6   0.31 0.85 0.75
4 4 2 6 7  0.31 0.85 0.75
3 1 6 9  0.72 0.20 0.97
3 7 5 8  0.72 0.20 0.97
4 1 5 8 9  0.72 0.20 0.97
3 7 8 11  0.31 0.85 0.75
3 9 6 10   0.31 0.85 0.75
4 7 6 10 11  0.31 0.85 0.75
3 11 8 13  0.72 0.20 0.97
3 9 10 12  0.72 0.20 0.97
4 11 10 12 13  0.72 0.20 0.97
3 12 13 15  0.31 0.85 0.75
3 8 9 14   0.31 0.85 0.75
4 12 9 14 15  0.31 0.85 0.75
3 13 8 17  0.72 0.20 0.97
3 14 15 16  0.72 0.20 0.97
4 13 15 16 17  0.72 0.20 0.97
3 8 14 19  0.31 0.85 0.75
3 16 17 18   0.31 0.85 0.75
4 8 17 18 19  0.31 0.85 0.75
3 19 14 21  0.72 0.20 0.97
3 16 18 20  0.72 0.20 0.97
4 19 18 20 21  0.72 0.20 0.97
3 20 21 23  0.31 0.85 0.75
3 14 16 22   0.31 0.85 0.75
4 20 16 22 23  0.31 0.85 0.75
3 21 14 25  0.72 0.20 0.97
3 22 23 24  0.72 0.20 0.97
4 21 23 24 25  0.72 0.20 0.97
3 22 24 27  0.31 0.85 0.75
3 25 14 26   0.31 0.85 0.75
4 22 14 26 27  0.31 0.85 0.75
3 27 24 29  0.72 0.20 0.97
3 25 26 28  0.72 0.20 0.97
4 27 26 28 29  0.72 0.20 0.97
3 29 24 31  0.31 0.85 0.75
3 25 28 30   0.31 0.85 0.75
4 29 28 30 31  0.31 0.85 0.75
3 25 30 33  0.72 0.20 0.97
3 31 24 32  0.72 0.20 0.97
4 25 24 32 33  0.72 0.20 0.97
3 32 33 35  0.31 0.85 0.75
3 30 31 34   0.31 0.85 0.75
4 32 31 34 35  0.31 0.85 0.75
3 33 30 37  0.72 0.20 0.97
3 34 35 36  0.72 0.20 0.97
4 33 35 36 37  0.72 0.20 0.97
3 37 30 39  0.31 0.85 0.75
3 34 36 38   0.31 0.85 0.75
4 37 36 38 39  0.31 0.85 0.75
3 38 39 41  0.72 0.20 0.97
3 30 34 40  0.72 0.20 0.97
4 38 34 40 41  0.72 0.20 0.97
3 40 41 43  0.31 0.85 0.75
3 39 30 42   0.31 0.85 0.75
4 40 30 42 43  0.31 0.85 0.75
3 41 39 45  0.72 0.20 0.97
3 42 43 44  0.72 0.20 0.97
4 41 43 44 45  0.72 0.20 0.97
3 45 39 47  0.31 0.85 0.75
3 42 44 46   0.31 0.85 0.75
4 45 44 46 47  0.31 0.85 0.75
3 42 46 49  0.72 0.20 0.97
3 47 39 48  0.72 0.20 0.97
4 42 39 48 49  0.72 0.20 0.97
3 47 48 51  0.31 0.85 0.75
3 49 46 50   0.31 0.85 0.75
4 47 46 50 51  0.31 0.85 0.75



