OFF
52 73 124
-0.3 -0.3 -0.3
0.3 -0.3 -0.3
0.3 0.3 -0.3
-0.3 0.3 -0.3
0.3 0.3 0.3
0.3 -0.3 0.3
0.9 0.3 0.3
0.9 0.3 -0.3
0.3 0.9 0.3
0.3 0.9 -0.3
-0.3 0.3 -0.3
-0.3 0.9 -0.3
-0.3 0.9 -0.9
-0.3 0.3 -0.9
-0.9 0.9 -0.3
-0.9 0.3 -0.3
-0.3 0.9 0.3
-0.3 0.3 0.3
0.3 0.3 0.3
0.3 0.9 0.3
-0.3 0.3 0.9
-0.3 0.9 0.9
-0.9 0.3 0.3
-0.9 0.9 0.3
-0.9 0.9 -0.3
-0.9 0.3 -0.3
-1.5 0.9 -0.3
-1.5 0.9 0.3
-1.5 1.5 0.3
-1.5 1.5 -0.3
-2.1 0.9 0.3
-2.1 0.9 -0.3
-1.5 0.3000001 0.3
-1.5 0.3000001 -0.3
-0.9000001 0.3 -0.3
-0.9000001 0.3 0.3
-0.9000001 -0.3 0.3
-0.9000001 -0.3 -0.3
-0.3000002 -0.3 0.3
-0.3000002 0.3 0.3
-0.3000002 0.3 0.9
-0.3000002 -0.3 0.9
0.2999997 0.2999999 0.3
0.2999997 -0.3000001 0.3
-0.3000002 0.3 -0.3
-0.3000002 -0.3 -0.3
-0.9000001 -0.3 -0.3
-0.9000001 0.3 -0.3
-0.3000002 -0.3 -0.9
-0.3000002 0.3 -0.9
0.2999997 -0.3000001 -0.3
0.2999997 0.2999999 -0.3
4 0 1 2 3 0.72 0.20 0.97
3 0 1 5 0.72 0.20 0.97
3 2 3 4 0.72 0.20 0.97
4 0 3 4 5 0.72 0.20 0.97
3 1 2 7  0.31 0.85 0.75
3 4 5 6  0.31 0.85 0.75
4 1 5 6 7  0.31 0.85 0.75
3 7 2 9  0.72 0.20 0.97
3 4 6 8  0.72 0.20 0.97
4 7 6 8 9  0.72 0.20 0.97
3 8 9 11  0.31 0.85 0.75
3 2 4 10  0.31 0.85 0.75
4 8 4 10 11  0.31 0.85 0.75
3 2 10 13  0.72 0.20 0.97
3 11 9 12  0.72 0.20 0.97
4 2 9 12 13  0.72 0.20 0.97
3 13 10 15  0.31 0.85 0.75
3 11 12 14  0.31 0.85 0.75
4 13 12 14 15  0.31 0.85 0.75
3 15 10 17  0.72 0.20 0.97
3 11 14 16  0.72 0.20 0.97
4 15 14 16 17  0.72 0.20 0.97
3 11 16 19  0.31 0.85 0.75
3 17 10 18  0.31 0.85 0.75
4 11 10 18 19  0.31 0.85 0.75
3 19 16 21  0.72 0.20 0.97
3 17 18 20  0.72 0.20 0.97
4 19 18 20 21  0.72 0.20 0.97
3 21 16 23  0.31 0.85 0.75
3 17 20 22  0.31 0.85 0.75
4 21 20 22 23  0.31 0.85 0.75
3 17 22 25  0.72 0.20 0.97
3 23 16 24  0.72 0.20 0.97
4 17 16 24 25  0.72 0.20 0.97
3 22 23 27  0.31 0.85 0.75
3 24 25 26  0.31 0.85 0.75
4 22 25 26 27  0.31 0.85 0.75
3 24 26 29  0.72 0.20 0.97
3 27 23 28  0.72 0.20 0.97
4 24 23 28 29  0.72 0.20 0.97
3 29 26 31  0.31 0.85 0.75
3 27 28 30  0.31 0.85 0.75
4 29 28 30 31  0.31 0.85 0.75
3 31 26 33  0.72 0.20 0.97
3 27 30 32  0.72 0.20 0.97
4 31 30 32 33  0.72 0.20 0.97
3 27 32 35  0.31 0.85 0.75
3 33 26 34  0.31 0.85 0.75
4 27 26 34 35  0.31 0.85 0.75
3 33 34 37  0.72 0.20 0.97
3 35 32 36  0.72 0.20 0.97
4 33 32 36 37  0.72 0.20 0.97
3 34 35 39  0.31 0.85 0.75
3 36 37 38  0.31 0.85 0.75
4 34 37 38 39  0.31 0.85 0.75
3 36 38 41  0.72 0.20 0.97
3 39 35 40  0.72 0.20 0.97
4 36 35 40 41  0.72 0.20 0.97
3 41 38 43  0.31 0.85 0.75
3 39 40 42  0.31 0.85 0.75
4 41 40 42 43  0.31 0.85 0.75
3 43 38 45  0.72 0.20 0.97
3 39 42 44  0.72 0.20 0.97
4 43 42 44 45  0.72 0.20 0.97
3 39 44 47  0.31 0.85 0.75
3 45 38 46  0.31 0.85 0.75
4 39 38 46 47  0.31 0.85 0.75
3 47 44 49  0.72 0.20 0.97
3 45 46 48  0.72 0.20 0.97
4 47 46 48 49  0.72 0.20 0.97
3 49 44 51  0.31 0.85 0.75
3 45 48 50  0.31 0.85 0.75
4 49 48 50 51  0.31 0.85 0.75
 
 
 
